name,rating (Geom. mean),formula,pos,se1 (Mode)
reut2-000.sgm-0.txt,0.0,binary,false,0
reut2-000.sgm-0.txt,0.0,binary,true,0
reut2-000.sgm-0.txt,0.0,count,false,0
reut2-000.sgm-0.txt,0.0,count,true,19
reut2-000.sgm-0.txt,0.0,gfidf,false,0
reut2-000.sgm-0.txt,0.0,gfidf,true,0
reut2-000.sgm-0.txt,0.0,idf,false,0
reut2-000.sgm-0.txt,0.0,idf,true,0
reut2-000.sgm-0.txt,0.0,logEntropy,false,0
reut2-000.sgm-0.txt,0.0,logEntropy,true,0
reut2-000.sgm-0.txt,0.0,normal,false,19
reut2-000.sgm-0.txt,0.0,normal,true,19
reut2-000.sgm-0.txt,0.0,tfidf,false,0
reut2-000.sgm-0.txt,0.0,tfidf,true,0
reut2-000.sgm-108.txt,0.0,binary,false,9
reut2-000.sgm-108.txt,0.0,binary,true,9
reut2-000.sgm-108.txt,0.0,count,false,8
reut2-000.sgm-108.txt,0.0,count,true,8
reut2-000.sgm-108.txt,0.0,gfidf,false,9
reut2-000.sgm-108.txt,0.0,gfidf,true,9
reut2-000.sgm-108.txt,0.0,idf,false,9
reut2-000.sgm-108.txt,0.0,idf,true,9
reut2-000.sgm-108.txt,0.0,logEntropy,false,8
reut2-000.sgm-108.txt,0.0,logEntropy,true,9
reut2-000.sgm-108.txt,0.0,normal,false,12
reut2-000.sgm-108.txt,0.0,normal,true,14
reut2-000.sgm-108.txt,0.0,tfidf,false,9
reut2-000.sgm-108.txt,0.0,tfidf,true,9
reut2-000.sgm-109.txt,0.0,binary,false,0
reut2-000.sgm-109.txt,0.0,binary,true,0
reut2-000.sgm-109.txt,0.0,count,false,1
reut2-000.sgm-109.txt,0.0,count,true,1
reut2-000.sgm-109.txt,0.0,gfidf,false,26
reut2-000.sgm-109.txt,0.0,gfidf,true,0
reut2-000.sgm-109.txt,0.0,idf,false,26
reut2-000.sgm-109.txt,0.0,idf,true,28
reut2-000.sgm-109.txt,0.0,logEntropy,false,1
reut2-000.sgm-109.txt,0.0,logEntropy,true,1
reut2-000.sgm-109.txt,0.0,normal,false,0
reut2-000.sgm-109.txt,0.0,normal,true,0
reut2-000.sgm-109.txt,0.0,tfidf,false,26
reut2-000.sgm-109.txt,0.0,tfidf,true,26
reut2-000.sgm-136.txt,3.447891284987911,binary,false,0
reut2-000.sgm-136.txt,3.447891284987911,binary,true,0
reut2-000.sgm-136.txt,3.447891284987911,count,false,4
reut2-000.sgm-136.txt,3.447891284987911,count,true,0
reut2-000.sgm-136.txt,3.447891284987911,gfidf,false,0
reut2-000.sgm-136.txt,3.447891284987911,gfidf,true,0
reut2-000.sgm-136.txt,3.447891284987911,idf,false,0
reut2-000.sgm-136.txt,3.447891284987911,idf,true,0
reut2-000.sgm-136.txt,3.447891284987911,logEntropy,false,0
reut2-000.sgm-136.txt,3.447891284987911,logEntropy,true,0
reut2-000.sgm-136.txt,3.447891284987911,normal,false,0
reut2-000.sgm-136.txt,3.447891284987911,normal,true,0
reut2-000.sgm-136.txt,3.447891284987911,tfidf,false,5
reut2-000.sgm-136.txt,3.447891284987911,tfidf,true,0
reut2-000.sgm-143.txt,0.0,binary,false,18
reut2-000.sgm-143.txt,0.0,binary,true,17
reut2-000.sgm-143.txt,0.0,count,false,18
reut2-000.sgm-143.txt,0.0,count,true,17
reut2-000.sgm-143.txt,0.0,gfidf,false,17
reut2-000.sgm-143.txt,0.0,gfidf,true,17
reut2-000.sgm-143.txt,0.0,idf,false,17
reut2-000.sgm-143.txt,0.0,idf,true,17
reut2-000.sgm-143.txt,0.0,logEntropy,false,18
reut2-000.sgm-143.txt,0.0,logEntropy,true,17
reut2-000.sgm-143.txt,0.0,normal,false,18
reut2-000.sgm-143.txt,0.0,normal,true,6
reut2-000.sgm-143.txt,0.0,tfidf,false,17
reut2-000.sgm-143.txt,0.0,tfidf,true,17
reut2-000.sgm-15.txt,0.0,binary,false,13
reut2-000.sgm-15.txt,0.0,binary,true,13
reut2-000.sgm-15.txt,0.0,count,false,12
reut2-000.sgm-15.txt,0.0,count,true,12
reut2-000.sgm-15.txt,0.0,gfidf,false,12
reut2-000.sgm-15.txt,0.0,gfidf,true,12
reut2-000.sgm-15.txt,0.0,idf,false,13
reut2-000.sgm-15.txt,0.0,idf,true,13
reut2-000.sgm-15.txt,0.0,logEntropy,false,12
reut2-000.sgm-15.txt,0.0,logEntropy,true,12
reut2-000.sgm-15.txt,0.0,normal,false,0
reut2-000.sgm-15.txt,0.0,normal,true,4
reut2-000.sgm-15.txt,0.0,tfidf,false,12
reut2-000.sgm-15.txt,0.0,tfidf,true,12
reut2-000.sgm-17.txt,0.0,binary,false,4
reut2-000.sgm-17.txt,0.0,binary,true,4
reut2-000.sgm-17.txt,0.0,count,false,4
reut2-000.sgm-17.txt,0.0,count,true,4
reut2-000.sgm-17.txt,0.0,gfidf,false,4
reut2-000.sgm-17.txt,0.0,gfidf,true,4
reut2-000.sgm-17.txt,0.0,idf,false,4
reut2-000.sgm-17.txt,0.0,idf,true,6
reut2-000.sgm-17.txt,0.0,logEntropy,false,4
reut2-000.sgm-17.txt,0.0,logEntropy,true,4
reut2-000.sgm-17.txt,0.0,normal,false,4
reut2-000.sgm-17.txt,0.0,normal,true,4
reut2-000.sgm-17.txt,0.0,tfidf,false,6
reut2-000.sgm-17.txt,0.0,tfidf,true,6
reut2-000.sgm-175.txt,0.0,binary,false,9
reut2-000.sgm-175.txt,0.0,binary,true,9
reut2-000.sgm-175.txt,0.0,count,false,9
reut2-000.sgm-175.txt,0.0,count,true,9
reut2-000.sgm-175.txt,0.0,gfidf,false,9
reut2-000.sgm-175.txt,0.0,gfidf,true,9
reut2-000.sgm-175.txt,0.0,idf,false,9
reut2-000.sgm-175.txt,0.0,idf,true,9
reut2-000.sgm-175.txt,0.0,logEntropy,false,9
reut2-000.sgm-175.txt,0.0,logEntropy,true,9
reut2-000.sgm-175.txt,0.0,normal,false,16
reut2-000.sgm-175.txt,0.0,normal,true,9
reut2-000.sgm-175.txt,0.0,tfidf,false,9
reut2-000.sgm-175.txt,0.0,tfidf,true,9
reut2-000.sgm-176.txt,0.0,binary,false,12
reut2-000.sgm-176.txt,0.0,binary,true,14
reut2-000.sgm-176.txt,0.0,count,false,12
reut2-000.sgm-176.txt,0.0,count,true,12
reut2-000.sgm-176.txt,0.0,gfidf,false,12
reut2-000.sgm-176.txt,0.0,gfidf,true,12
reut2-000.sgm-176.txt,0.0,idf,false,12
reut2-000.sgm-176.txt,0.0,idf,true,14
reut2-000.sgm-176.txt,0.0,logEntropy,false,12
reut2-000.sgm-176.txt,0.0,logEntropy,true,12
reut2-000.sgm-176.txt,0.0,normal,false,12
reut2-000.sgm-176.txt,0.0,normal,true,12
reut2-000.sgm-176.txt,0.0,tfidf,false,14
reut2-000.sgm-176.txt,0.0,tfidf,true,14
reut2-000.sgm-177.txt,0.0,binary,false,8
reut2-000.sgm-177.txt,0.0,binary,true,1
reut2-000.sgm-177.txt,0.0,count,false,8
reut2-000.sgm-177.txt,0.0,count,true,8
reut2-000.sgm-177.txt,0.0,gfidf,false,1
reut2-000.sgm-177.txt,0.0,gfidf,true,1
reut2-000.sgm-177.txt,0.0,idf,false,8
reut2-000.sgm-177.txt,0.0,idf,true,1
reut2-000.sgm-177.txt,0.0,logEntropy,false,8
reut2-000.sgm-177.txt,0.0,logEntropy,true,8
reut2-000.sgm-177.txt,0.0,normal,false,1
reut2-000.sgm-177.txt,0.0,normal,true,1
reut2-000.sgm-177.txt,0.0,tfidf,false,3
reut2-000.sgm-177.txt,0.0,tfidf,true,3
reut2-000.sgm-178.txt,2.82842712474619,binary,false,16
reut2-000.sgm-178.txt,2.82842712474619,binary,true,0
reut2-000.sgm-178.txt,2.82842712474619,count,false,16
reut2-000.sgm-178.txt,2.82842712474619,count,true,0
reut2-000.sgm-178.txt,2.82842712474619,gfidf,false,0
reut2-000.sgm-178.txt,2.82842712474619,gfidf,true,0
reut2-000.sgm-178.txt,2.82842712474619,idf,false,16
reut2-000.sgm-178.txt,2.82842712474619,idf,true,0
reut2-000.sgm-178.txt,2.82842712474619,logEntropy,false,16
reut2-000.sgm-178.txt,2.82842712474619,logEntropy,true,0
reut2-000.sgm-178.txt,2.82842712474619,normal,false,7
reut2-000.sgm-178.txt,2.82842712474619,normal,true,7
reut2-000.sgm-178.txt,2.82842712474619,tfidf,false,0
reut2-000.sgm-178.txt,2.82842712474619,tfidf,true,0
reut2-000.sgm-179.txt,0.0,binary,false,11
reut2-000.sgm-179.txt,0.0,binary,true,13
reut2-000.sgm-179.txt,0.0,count,false,13
reut2-000.sgm-179.txt,0.0,count,true,13
reut2-000.sgm-179.txt,0.0,gfidf,false,10
reut2-000.sgm-179.txt,0.0,gfidf,true,10
reut2-000.sgm-179.txt,0.0,idf,false,18
reut2-000.sgm-179.txt,0.0,idf,true,13
reut2-000.sgm-179.txt,0.0,logEntropy,false,10
reut2-000.sgm-179.txt,0.0,logEntropy,true,13
reut2-000.sgm-179.txt,0.0,normal,false,11
reut2-000.sgm-179.txt,0.0,normal,true,13
reut2-000.sgm-179.txt,0.0,tfidf,false,18
reut2-000.sgm-179.txt,0.0,tfidf,true,12
reut2-000.sgm-180.txt,0.0,binary,false,4
reut2-000.sgm-180.txt,0.0,binary,true,4
reut2-000.sgm-180.txt,0.0,count,false,13
reut2-000.sgm-180.txt,0.0,count,true,4
reut2-000.sgm-180.txt,0.0,gfidf,false,4
reut2-000.sgm-180.txt,0.0,gfidf,true,4
reut2-000.sgm-180.txt,0.0,idf,false,13
reut2-000.sgm-180.txt,0.0,idf,true,4
reut2-000.sgm-180.txt,0.0,logEntropy,false,13
reut2-000.sgm-180.txt,0.0,logEntropy,true,4
reut2-000.sgm-180.txt,0.0,normal,false,10
reut2-000.sgm-180.txt,0.0,normal,true,4
reut2-000.sgm-180.txt,0.0,tfidf,false,13
reut2-000.sgm-180.txt,0.0,tfidf,true,4
reut2-000.sgm-199.txt,0.0,binary,false,13
reut2-000.sgm-199.txt,0.0,binary,true,5
reut2-000.sgm-199.txt,0.0,count,false,0
reut2-000.sgm-199.txt,0.0,count,true,0
reut2-000.sgm-199.txt,0.0,gfidf,false,13
reut2-000.sgm-199.txt,0.0,gfidf,true,9
reut2-000.sgm-199.txt,0.0,idf,false,5
reut2-000.sgm-199.txt,0.0,idf,true,5
reut2-000.sgm-199.txt,0.0,logEntropy,false,0
reut2-000.sgm-199.txt,0.0,logEntropy,true,0
reut2-000.sgm-199.txt,0.0,normal,false,13
reut2-000.sgm-199.txt,0.0,normal,true,9
reut2-000.sgm-199.txt,0.0,tfidf,false,5
reut2-000.sgm-199.txt,0.0,tfidf,true,5
reut2-000.sgm-202.txt,1.640670712015276,binary,false,3
reut2-000.sgm-202.txt,1.640670712015276,binary,true,4
reut2-000.sgm-202.txt,1.640670712015276,count,false,3
reut2-000.sgm-202.txt,1.640670712015276,count,true,0
reut2-000.sgm-202.txt,1.640670712015276,gfidf,false,3
reut2-000.sgm-202.txt,1.640670712015276,gfidf,true,4
reut2-000.sgm-202.txt,1.640670712015276,idf,false,3
reut2-000.sgm-202.txt,1.640670712015276,idf,true,23
reut2-000.sgm-202.txt,1.640670712015276,logEntropy,false,3
reut2-000.sgm-202.txt,1.640670712015276,logEntropy,true,0
reut2-000.sgm-202.txt,1.640670712015276,normal,false,3
reut2-000.sgm-202.txt,1.640670712015276,normal,true,3
reut2-000.sgm-202.txt,1.640670712015276,tfidf,false,23
reut2-000.sgm-202.txt,1.640670712015276,tfidf,true,23
reut2-000.sgm-208.txt,0.0,binary,false,13
reut2-000.sgm-208.txt,0.0,binary,true,13
reut2-000.sgm-208.txt,0.0,count,false,10
reut2-000.sgm-208.txt,0.0,count,true,10
reut2-000.sgm-208.txt,0.0,gfidf,false,13
reut2-000.sgm-208.txt,0.0,gfidf,true,13
reut2-000.sgm-208.txt,0.0,idf,false,13
reut2-000.sgm-208.txt,0.0,idf,true,13
reut2-000.sgm-208.txt,0.0,logEntropy,false,10
reut2-000.sgm-208.txt,0.0,logEntropy,true,10
reut2-000.sgm-208.txt,0.0,normal,false,10
reut2-000.sgm-208.txt,0.0,normal,true,10
reut2-000.sgm-208.txt,0.0,tfidf,false,13
reut2-000.sgm-208.txt,0.0,tfidf,true,13
reut2-000.sgm-222.txt,0.0,binary,false,6
reut2-000.sgm-222.txt,0.0,binary,true,26
reut2-000.sgm-222.txt,0.0,count,false,6
reut2-000.sgm-222.txt,0.0,count,true,35
reut2-000.sgm-222.txt,0.0,gfidf,false,6
reut2-000.sgm-222.txt,0.0,gfidf,true,6
reut2-000.sgm-222.txt,0.0,idf,false,6
reut2-000.sgm-222.txt,0.0,idf,true,6
reut2-000.sgm-222.txt,0.0,logEntropy,false,6
reut2-000.sgm-222.txt,0.0,logEntropy,true,35
reut2-000.sgm-222.txt,0.0,normal,false,6
reut2-000.sgm-222.txt,0.0,normal,true,35
reut2-000.sgm-222.txt,0.0,tfidf,false,6
reut2-000.sgm-222.txt,0.0,tfidf,true,6
reut2-000.sgm-226.txt,0.0,binary,false,4
reut2-000.sgm-226.txt,0.0,binary,true,0
reut2-000.sgm-226.txt,0.0,count,false,3
reut2-000.sgm-226.txt,0.0,count,true,13
reut2-000.sgm-226.txt,0.0,gfidf,false,3
reut2-000.sgm-226.txt,0.0,gfidf,true,0
reut2-000.sgm-226.txt,0.0,idf,false,4
reut2-000.sgm-226.txt,0.0,idf,true,4
reut2-000.sgm-226.txt,0.0,logEntropy,false,3
reut2-000.sgm-226.txt,0.0,logEntropy,true,13
reut2-000.sgm-226.txt,0.0,normal,false,0
reut2-000.sgm-226.txt,0.0,normal,true,0
reut2-000.sgm-226.txt,0.0,tfidf,false,5
reut2-000.sgm-226.txt,0.0,tfidf,true,5
reut2-000.sgm-229.txt,2.5169979012836534,binary,false,8
reut2-000.sgm-229.txt,2.5169979012836534,binary,true,0
reut2-000.sgm-229.txt,2.5169979012836534,count,false,2
reut2-000.sgm-229.txt,2.5169979012836534,count,true,0
reut2-000.sgm-229.txt,2.5169979012836534,gfidf,false,2
reut2-000.sgm-229.txt,2.5169979012836534,gfidf,true,0
reut2-000.sgm-229.txt,2.5169979012836534,idf,false,8
reut2-000.sgm-229.txt,2.5169979012836534,idf,true,1
reut2-000.sgm-229.txt,2.5169979012836534,logEntropy,false,2
reut2-000.sgm-229.txt,2.5169979012836534,logEntropy,true,0
reut2-000.sgm-229.txt,2.5169979012836534,normal,false,0
reut2-000.sgm-229.txt,2.5169979012836534,normal,true,0
reut2-000.sgm-229.txt,2.5169979012836534,tfidf,false,8
reut2-000.sgm-229.txt,2.5169979012836534,tfidf,true,1
reut2-000.sgm-231.txt,0.0,binary,false,9
reut2-000.sgm-231.txt,0.0,binary,true,3
reut2-000.sgm-231.txt,0.0,count,false,3
reut2-000.sgm-231.txt,0.0,count,true,3
reut2-000.sgm-231.txt,0.0,gfidf,false,3
reut2-000.sgm-231.txt,0.0,gfidf,true,3
reut2-000.sgm-231.txt,0.0,idf,false,9
reut2-000.sgm-231.txt,0.0,idf,true,3
reut2-000.sgm-231.txt,0.0,logEntropy,false,3
reut2-000.sgm-231.txt,0.0,logEntropy,true,3
reut2-000.sgm-231.txt,0.0,normal,false,3
reut2-000.sgm-231.txt,0.0,normal,true,3
reut2-000.sgm-231.txt,0.0,tfidf,false,9
reut2-000.sgm-231.txt,0.0,tfidf,true,16
reut2-000.sgm-234.txt,0.0,binary,false,7
reut2-000.sgm-234.txt,0.0,binary,true,7
reut2-000.sgm-234.txt,0.0,count,false,7
reut2-000.sgm-234.txt,0.0,count,true,7
reut2-000.sgm-234.txt,0.0,gfidf,false,7
reut2-000.sgm-234.txt,0.0,gfidf,true,7
reut2-000.sgm-234.txt,0.0,idf,false,7
reut2-000.sgm-234.txt,0.0,idf,true,7
reut2-000.sgm-234.txt,0.0,logEntropy,false,7
reut2-000.sgm-234.txt,0.0,logEntropy,true,7
reut2-000.sgm-234.txt,0.0,normal,false,2
reut2-000.sgm-234.txt,0.0,normal,true,2
reut2-000.sgm-234.txt,0.0,tfidf,false,7
reut2-000.sgm-234.txt,0.0,tfidf,true,7
reut2-000.sgm-235.txt,0.0,binary,false,11
reut2-000.sgm-235.txt,0.0,binary,true,17
reut2-000.sgm-235.txt,0.0,count,false,17
reut2-000.sgm-235.txt,0.0,count,true,17
reut2-000.sgm-235.txt,0.0,gfidf,false,11
reut2-000.sgm-235.txt,0.0,gfidf,true,17
reut2-000.sgm-235.txt,0.0,idf,false,17
reut2-000.sgm-235.txt,0.0,idf,true,17
reut2-000.sgm-235.txt,0.0,logEntropy,false,17
reut2-000.sgm-235.txt,0.0,logEntropy,true,17
reut2-000.sgm-235.txt,0.0,normal,false,11
reut2-000.sgm-235.txt,0.0,normal,true,10
reut2-000.sgm-235.txt,0.0,tfidf,false,12
reut2-000.sgm-235.txt,0.0,tfidf,true,12
reut2-000.sgm-236.txt,0.0,binary,false,10
reut2-000.sgm-236.txt,0.0,binary,true,10
reut2-000.sgm-236.txt,0.0,count,false,10
reut2-000.sgm-236.txt,0.0,count,true,10
reut2-000.sgm-236.txt,0.0,gfidf,false,10
reut2-000.sgm-236.txt,0.0,gfidf,true,10
reut2-000.sgm-236.txt,0.0,idf,false,10
reut2-000.sgm-236.txt,0.0,idf,true,10
reut2-000.sgm-236.txt,0.0,logEntropy,false,10
reut2-000.sgm-236.txt,0.0,logEntropy,true,10
reut2-000.sgm-236.txt,0.0,normal,false,10
reut2-000.sgm-236.txt,0.0,normal,true,10
reut2-000.sgm-236.txt,0.0,tfidf,false,8
reut2-000.sgm-236.txt,0.0,tfidf,true,10
reut2-000.sgm-237.txt,0.0,binary,false,13
reut2-000.sgm-237.txt,0.0,binary,true,13
reut2-000.sgm-237.txt,0.0,count,false,13
reut2-000.sgm-237.txt,0.0,count,true,13
reut2-000.sgm-237.txt,0.0,gfidf,false,13
reut2-000.sgm-237.txt,0.0,gfidf,true,13
reut2-000.sgm-237.txt,0.0,idf,false,13
reut2-000.sgm-237.txt,0.0,idf,true,13
reut2-000.sgm-237.txt,0.0,logEntropy,false,13
reut2-000.sgm-237.txt,0.0,logEntropy,true,13
reut2-000.sgm-237.txt,0.0,normal,false,14
reut2-000.sgm-237.txt,0.0,normal,true,14
reut2-000.sgm-237.txt,0.0,tfidf,false,2
reut2-000.sgm-237.txt,0.0,tfidf,true,13
reut2-000.sgm-239.txt,2.5169979012836534,binary,false,8
reut2-000.sgm-239.txt,2.5169979012836534,binary,true,0
reut2-000.sgm-239.txt,2.5169979012836534,count,false,2
reut2-000.sgm-239.txt,2.5169979012836534,count,true,0
reut2-000.sgm-239.txt,2.5169979012836534,gfidf,false,2
reut2-000.sgm-239.txt,2.5169979012836534,gfidf,true,0
reut2-000.sgm-239.txt,2.5169979012836534,idf,false,8
reut2-000.sgm-239.txt,2.5169979012836534,idf,true,1
reut2-000.sgm-239.txt,2.5169979012836534,logEntropy,false,2
reut2-000.sgm-239.txt,2.5169979012836534,logEntropy,true,0
reut2-000.sgm-239.txt,2.5169979012836534,normal,false,0
reut2-000.sgm-239.txt,2.5169979012836534,normal,true,0
reut2-000.sgm-239.txt,2.5169979012836534,tfidf,false,8
reut2-000.sgm-239.txt,2.5169979012836534,tfidf,true,1
reut2-000.sgm-245.txt,0.0,binary,false,14
reut2-000.sgm-245.txt,0.0,binary,true,14
reut2-000.sgm-245.txt,0.0,count,false,14
reut2-000.sgm-245.txt,0.0,count,true,14
reut2-000.sgm-245.txt,0.0,gfidf,false,14
reut2-000.sgm-245.txt,0.0,gfidf,true,14
reut2-000.sgm-245.txt,0.0,idf,false,14
reut2-000.sgm-245.txt,0.0,idf,true,14
reut2-000.sgm-245.txt,0.0,logEntropy,false,14
reut2-000.sgm-245.txt,0.0,logEntropy,true,14
reut2-000.sgm-245.txt,0.0,normal,false,2
reut2-000.sgm-245.txt,0.0,normal,true,2
reut2-000.sgm-245.txt,0.0,tfidf,false,14
reut2-000.sgm-245.txt,0.0,tfidf,true,14
reut2-000.sgm-246.txt,0.0,binary,false,14
reut2-000.sgm-246.txt,0.0,binary,true,1
reut2-000.sgm-246.txt,0.0,count,false,18
reut2-000.sgm-246.txt,0.0,count,true,1
reut2-000.sgm-246.txt,0.0,gfidf,false,14
reut2-000.sgm-246.txt,0.0,gfidf,true,1
reut2-000.sgm-246.txt,0.0,idf,false,10
reut2-000.sgm-246.txt,0.0,idf,true,1
reut2-000.sgm-246.txt,0.0,logEntropy,false,14
reut2-000.sgm-246.txt,0.0,logEntropy,true,1
reut2-000.sgm-246.txt,0.0,normal,false,14
reut2-000.sgm-246.txt,0.0,normal,true,14
reut2-000.sgm-246.txt,0.0,tfidf,false,10
reut2-000.sgm-246.txt,0.0,tfidf,true,1
reut2-000.sgm-247.txt,3.867942350696139,binary,false,0
reut2-000.sgm-247.txt,3.867942350696139,binary,true,0
reut2-000.sgm-247.txt,3.867942350696139,count,false,0
reut2-000.sgm-247.txt,3.867942350696139,count,true,0
reut2-000.sgm-247.txt,3.867942350696139,gfidf,false,0
reut2-000.sgm-247.txt,3.867942350696139,gfidf,true,0
reut2-000.sgm-247.txt,3.867942350696139,idf,false,0
reut2-000.sgm-247.txt,3.867942350696139,idf,true,0
reut2-000.sgm-247.txt,3.867942350696139,logEntropy,false,0
reut2-000.sgm-247.txt,3.867942350696139,logEntropy,true,0
reut2-000.sgm-247.txt,3.867942350696139,normal,false,0
reut2-000.sgm-247.txt,3.867942350696139,normal,true,0
reut2-000.sgm-247.txt,3.867942350696139,tfidf,false,10
reut2-000.sgm-247.txt,3.867942350696139,tfidf,true,0
reut2-000.sgm-251.txt,0.0,binary,false,15
reut2-000.sgm-251.txt,0.0,binary,true,15
reut2-000.sgm-251.txt,0.0,count,false,15
reut2-000.sgm-251.txt,0.0,count,true,15
reut2-000.sgm-251.txt,0.0,gfidf,false,15
reut2-000.sgm-251.txt,0.0,gfidf,true,15
reut2-000.sgm-251.txt,0.0,idf,false,15
reut2-000.sgm-251.txt,0.0,idf,true,15
reut2-000.sgm-251.txt,0.0,logEntropy,false,15
reut2-000.sgm-251.txt,0.0,logEntropy,true,15
reut2-000.sgm-251.txt,0.0,normal,false,1
reut2-000.sgm-251.txt,0.0,normal,true,15
reut2-000.sgm-251.txt,0.0,tfidf,false,14
reut2-000.sgm-251.txt,0.0,tfidf,true,14
reut2-000.sgm-262.txt,0.0,binary,false,4
reut2-000.sgm-262.txt,0.0,binary,true,4
reut2-000.sgm-262.txt,0.0,count,false,0
reut2-000.sgm-262.txt,0.0,count,true,0
reut2-000.sgm-262.txt,0.0,gfidf,false,8
reut2-000.sgm-262.txt,0.0,gfidf,true,4
reut2-000.sgm-262.txt,0.0,idf,false,10
reut2-000.sgm-262.txt,0.0,idf,true,4
reut2-000.sgm-262.txt,0.0,logEntropy,false,0
reut2-000.sgm-262.txt,0.0,logEntropy,true,0
reut2-000.sgm-262.txt,0.0,normal,false,4
reut2-000.sgm-262.txt,0.0,normal,true,4
reut2-000.sgm-262.txt,0.0,tfidf,false,8
reut2-000.sgm-262.txt,0.0,tfidf,true,8
reut2-000.sgm-27.txt,0.0,binary,false,5
reut2-000.sgm-27.txt,0.0,binary,true,5
reut2-000.sgm-27.txt,0.0,count,false,18
reut2-000.sgm-27.txt,0.0,count,true,5
reut2-000.sgm-27.txt,0.0,gfidf,false,5
reut2-000.sgm-27.txt,0.0,gfidf,true,5
reut2-000.sgm-27.txt,0.0,idf,false,5
reut2-000.sgm-27.txt,0.0,idf,true,5
reut2-000.sgm-27.txt,0.0,logEntropy,false,5
reut2-000.sgm-27.txt,0.0,logEntropy,true,5
reut2-000.sgm-27.txt,0.0,normal,false,0
reut2-000.sgm-27.txt,0.0,normal,true,3
reut2-000.sgm-27.txt,0.0,tfidf,false,5
reut2-000.sgm-27.txt,0.0,tfidf,true,5
reut2-000.sgm-272.txt,0.0,binary,false,10
reut2-000.sgm-272.txt,0.0,binary,true,6
reut2-000.sgm-272.txt,0.0,count,false,10
reut2-000.sgm-272.txt,0.0,count,true,11
reut2-000.sgm-272.txt,0.0,gfidf,false,12
reut2-000.sgm-272.txt,0.0,gfidf,true,8
reut2-000.sgm-272.txt,0.0,idf,false,10
reut2-000.sgm-272.txt,0.0,idf,true,10
reut2-000.sgm-272.txt,0.0,logEntropy,false,12
reut2-000.sgm-272.txt,0.0,logEntropy,true,8
reut2-000.sgm-272.txt,0.0,normal,false,8
reut2-000.sgm-272.txt,0.0,normal,true,8
reut2-000.sgm-272.txt,0.0,tfidf,false,10
reut2-000.sgm-272.txt,0.0,tfidf,true,10
reut2-000.sgm-274.txt,0.0,binary,false,14
reut2-000.sgm-274.txt,0.0,binary,true,0
reut2-000.sgm-274.txt,0.0,count,false,0
reut2-000.sgm-274.txt,0.0,count,true,0
reut2-000.sgm-274.txt,0.0,gfidf,false,14
reut2-000.sgm-274.txt,0.0,gfidf,true,0
reut2-000.sgm-274.txt,0.0,idf,false,18
reut2-000.sgm-274.txt,0.0,idf,true,18
reut2-000.sgm-274.txt,0.0,logEntropy,false,0
reut2-000.sgm-274.txt,0.0,logEntropy,true,0
reut2-000.sgm-274.txt,0.0,normal,false,0
reut2-000.sgm-274.txt,0.0,normal,true,12
reut2-000.sgm-274.txt,0.0,tfidf,false,18
reut2-000.sgm-274.txt,0.0,tfidf,true,18
reut2-000.sgm-275.txt,0.0,binary,false,7
reut2-000.sgm-275.txt,0.0,binary,true,8
reut2-000.sgm-275.txt,0.0,count,false,4
reut2-000.sgm-275.txt,0.0,count,true,7
reut2-000.sgm-275.txt,0.0,gfidf,false,4
reut2-000.sgm-275.txt,0.0,gfidf,true,8
reut2-000.sgm-275.txt,0.0,idf,false,8
reut2-000.sgm-275.txt,0.0,idf,true,8
reut2-000.sgm-275.txt,0.0,logEntropy,false,4
reut2-000.sgm-275.txt,0.0,logEntropy,true,8
reut2-000.sgm-275.txt,0.0,normal,false,0
reut2-000.sgm-275.txt,0.0,normal,true,0
reut2-000.sgm-275.txt,0.0,tfidf,false,7
reut2-000.sgm-275.txt,0.0,tfidf,true,8
reut2-000.sgm-277.txt,0.0,binary,false,13
reut2-000.sgm-277.txt,0.0,binary,true,13
reut2-000.sgm-277.txt,0.0,count,false,13
reut2-000.sgm-277.txt,0.0,count,true,13
reut2-000.sgm-277.txt,0.0,gfidf,false,13
reut2-000.sgm-277.txt,0.0,gfidf,true,13
reut2-000.sgm-277.txt,0.0,idf,false,22
reut2-000.sgm-277.txt,0.0,idf,true,13
reut2-000.sgm-277.txt,0.0,logEntropy,false,13
reut2-000.sgm-277.txt,0.0,logEntropy,true,13
reut2-000.sgm-277.txt,0.0,normal,false,22
reut2-000.sgm-277.txt,0.0,normal,true,13
reut2-000.sgm-277.txt,0.0,tfidf,false,22
reut2-000.sgm-277.txt,0.0,tfidf,true,24
reut2-000.sgm-287.txt,0.0,binary,false,3
reut2-000.sgm-287.txt,0.0,binary,true,3
reut2-000.sgm-287.txt,0.0,count,false,3
reut2-000.sgm-287.txt,0.0,count,true,3
reut2-000.sgm-287.txt,0.0,gfidf,false,3
reut2-000.sgm-287.txt,0.0,gfidf,true,3
reut2-000.sgm-287.txt,0.0,idf,false,3
reut2-000.sgm-287.txt,0.0,idf,true,3
reut2-000.sgm-287.txt,0.0,logEntropy,false,3
reut2-000.sgm-287.txt,0.0,logEntropy,true,3
reut2-000.sgm-287.txt,0.0,normal,false,6
reut2-000.sgm-287.txt,0.0,normal,true,13
reut2-000.sgm-287.txt,0.0,tfidf,false,3
reut2-000.sgm-287.txt,0.0,tfidf,true,3
reut2-000.sgm-294.txt,0.0,binary,false,0
reut2-000.sgm-294.txt,0.0,binary,true,0
reut2-000.sgm-294.txt,0.0,count,false,0
reut2-000.sgm-294.txt,0.0,count,true,0
reut2-000.sgm-294.txt,0.0,gfidf,false,0
reut2-000.sgm-294.txt,0.0,gfidf,true,0
reut2-000.sgm-294.txt,0.0,idf,false,12
reut2-000.sgm-294.txt,0.0,idf,true,14
reut2-000.sgm-294.txt,0.0,logEntropy,false,0
reut2-000.sgm-294.txt,0.0,logEntropy,true,0
reut2-000.sgm-294.txt,0.0,normal,false,0
reut2-000.sgm-294.txt,0.0,normal,true,0
reut2-000.sgm-294.txt,0.0,tfidf,false,14
reut2-000.sgm-294.txt,0.0,tfidf,true,14
reut2-000.sgm-299.txt,3.1228367286228407,binary,false,0
reut2-000.sgm-299.txt,3.1228367286228407,binary,true,0
reut2-000.sgm-299.txt,3.1228367286228407,count,false,13
reut2-000.sgm-299.txt,3.1228367286228407,count,true,13
reut2-000.sgm-299.txt,3.1228367286228407,gfidf,false,0
reut2-000.sgm-299.txt,3.1228367286228407,gfidf,true,0
reut2-000.sgm-299.txt,3.1228367286228407,idf,false,0
reut2-000.sgm-299.txt,3.1228367286228407,idf,true,0
reut2-000.sgm-299.txt,3.1228367286228407,logEntropy,false,0
reut2-000.sgm-299.txt,3.1228367286228407,logEntropy,true,0
reut2-000.sgm-299.txt,3.1228367286228407,normal,false,0
reut2-000.sgm-299.txt,3.1228367286228407,normal,true,16
reut2-000.sgm-299.txt,3.1228367286228407,tfidf,false,13
reut2-000.sgm-299.txt,3.1228367286228407,tfidf,true,13
reut2-000.sgm-3.txt,0.0,binary,false,13
reut2-000.sgm-3.txt,0.0,binary,true,13
reut2-000.sgm-3.txt,0.0,count,false,12
reut2-000.sgm-3.txt,0.0,count,true,12
reut2-000.sgm-3.txt,0.0,gfidf,false,12
reut2-000.sgm-3.txt,0.0,gfidf,true,12
reut2-000.sgm-3.txt,0.0,idf,false,13
reut2-000.sgm-3.txt,0.0,idf,true,13
reut2-000.sgm-3.txt,0.0,logEntropy,false,12
reut2-000.sgm-3.txt,0.0,logEntropy,true,12
reut2-000.sgm-3.txt,0.0,normal,false,0
reut2-000.sgm-3.txt,0.0,normal,true,4
reut2-000.sgm-3.txt,0.0,tfidf,false,12
reut2-000.sgm-3.txt,0.0,tfidf,true,12
reut2-000.sgm-301.txt,0.0,binary,false,1
reut2-000.sgm-301.txt,0.0,binary,true,1
reut2-000.sgm-301.txt,0.0,count,false,5
reut2-000.sgm-301.txt,0.0,count,true,5
reut2-000.sgm-301.txt,0.0,gfidf,false,7
reut2-000.sgm-301.txt,0.0,gfidf,true,1
reut2-000.sgm-301.txt,0.0,idf,false,12
reut2-000.sgm-301.txt,0.0,idf,true,12
reut2-000.sgm-301.txt,0.0,logEntropy,false,5
reut2-000.sgm-301.txt,0.0,logEntropy,true,5
reut2-000.sgm-301.txt,0.0,normal,false,1
reut2-000.sgm-301.txt,0.0,normal,true,1
reut2-000.sgm-301.txt,0.0,tfidf,false,12
reut2-000.sgm-301.txt,0.0,tfidf,true,12
reut2-000.sgm-305.txt,0.0,binary,false,3
reut2-000.sgm-305.txt,0.0,binary,true,5
reut2-000.sgm-305.txt,0.0,count,false,3
reut2-000.sgm-305.txt,0.0,count,true,2
reut2-000.sgm-305.txt,0.0,gfidf,false,3
reut2-000.sgm-305.txt,0.0,gfidf,true,5
reut2-000.sgm-305.txt,0.0,idf,false,3
reut2-000.sgm-305.txt,0.0,idf,true,5
reut2-000.sgm-305.txt,0.0,logEntropy,false,3
reut2-000.sgm-305.txt,0.0,logEntropy,true,2
reut2-000.sgm-305.txt,0.0,normal,false,2
reut2-000.sgm-305.txt,0.0,normal,true,2
reut2-000.sgm-305.txt,0.0,tfidf,false,3
reut2-000.sgm-305.txt,0.0,tfidf,true,5
reut2-000.sgm-307.txt,0.0,binary,false,12
reut2-000.sgm-307.txt,0.0,binary,true,2
reut2-000.sgm-307.txt,0.0,count,false,11
reut2-000.sgm-307.txt,0.0,count,true,0
reut2-000.sgm-307.txt,0.0,gfidf,false,11
reut2-000.sgm-307.txt,0.0,gfidf,true,0
reut2-000.sgm-307.txt,0.0,idf,false,11
reut2-000.sgm-307.txt,0.0,idf,true,12
reut2-000.sgm-307.txt,0.0,logEntropy,false,11
reut2-000.sgm-307.txt,0.0,logEntropy,true,2
reut2-000.sgm-307.txt,0.0,normal,false,10
reut2-000.sgm-307.txt,0.0,normal,true,0
reut2-000.sgm-307.txt,0.0,tfidf,false,11
reut2-000.sgm-307.txt,0.0,tfidf,true,12
reut2-000.sgm-310.txt,0.0,binary,false,24
reut2-000.sgm-310.txt,0.0,binary,true,24
reut2-000.sgm-310.txt,0.0,count,false,26
reut2-000.sgm-310.txt,0.0,count,true,11
reut2-000.sgm-310.txt,0.0,gfidf,false,24
reut2-000.sgm-310.txt,0.0,gfidf,true,24
reut2-000.sgm-310.txt,0.0,idf,false,24
reut2-000.sgm-310.txt,0.0,idf,true,24
reut2-000.sgm-310.txt,0.0,logEntropy,false,26
reut2-000.sgm-310.txt,0.0,logEntropy,true,26
reut2-000.sgm-310.txt,0.0,normal,false,8
reut2-000.sgm-310.txt,0.0,normal,true,8
reut2-000.sgm-310.txt,0.0,tfidf,false,15
reut2-000.sgm-310.txt,0.0,tfidf,true,24
reut2-000.sgm-315.txt,1.9194712195774053,binary,false,1
reut2-000.sgm-315.txt,1.9194712195774053,binary,true,1
reut2-000.sgm-315.txt,1.9194712195774053,count,false,17
reut2-000.sgm-315.txt,1.9194712195774053,count,true,1
reut2-000.sgm-315.txt,1.9194712195774053,gfidf,false,1
reut2-000.sgm-315.txt,1.9194712195774053,gfidf,true,1
reut2-000.sgm-315.txt,1.9194712195774053,idf,false,17
reut2-000.sgm-315.txt,1.9194712195774053,idf,true,1
reut2-000.sgm-315.txt,1.9194712195774053,logEntropy,false,17
reut2-000.sgm-315.txt,1.9194712195774053,logEntropy,true,1
reut2-000.sgm-315.txt,1.9194712195774053,normal,false,1
reut2-000.sgm-315.txt,1.9194712195774053,normal,true,1
reut2-000.sgm-315.txt,1.9194712195774053,tfidf,false,17
reut2-000.sgm-315.txt,1.9194712195774053,tfidf,true,14
reut2-000.sgm-318.txt,0.0,binary,false,0
reut2-000.sgm-318.txt,0.0,binary,true,0
reut2-000.sgm-318.txt,0.0,count,false,24
reut2-000.sgm-318.txt,0.0,count,true,0
reut2-000.sgm-318.txt,0.0,gfidf,false,0
reut2-000.sgm-318.txt,0.0,gfidf,true,0
reut2-000.sgm-318.txt,0.0,idf,false,0
reut2-000.sgm-318.txt,0.0,idf,true,0
reut2-000.sgm-318.txt,0.0,logEntropy,false,0
reut2-000.sgm-318.txt,0.0,logEntropy,true,0
reut2-000.sgm-318.txt,0.0,normal,false,0
reut2-000.sgm-318.txt,0.0,normal,true,0
reut2-000.sgm-318.txt,0.0,tfidf,false,15
reut2-000.sgm-318.txt,0.0,tfidf,true,15
reut2-000.sgm-330.txt,0.0,binary,false,15
reut2-000.sgm-330.txt,0.0,binary,true,15
reut2-000.sgm-330.txt,0.0,count,false,18
reut2-000.sgm-330.txt,0.0,count,true,10
reut2-000.sgm-330.txt,0.0,gfidf,false,18
reut2-000.sgm-330.txt,0.0,gfidf,true,18
reut2-000.sgm-330.txt,0.0,idf,false,15
reut2-000.sgm-330.txt,0.0,idf,true,15
reut2-000.sgm-330.txt,0.0,logEntropy,false,18
reut2-000.sgm-330.txt,0.0,logEntropy,true,15
reut2-000.sgm-330.txt,0.0,normal,false,18
reut2-000.sgm-330.txt,0.0,normal,true,10
reut2-000.sgm-330.txt,0.0,tfidf,false,15
reut2-000.sgm-330.txt,0.0,tfidf,true,15
reut2-000.sgm-334.txt,0.0,binary,false,4
reut2-000.sgm-334.txt,0.0,binary,true,38
reut2-000.sgm-334.txt,0.0,count,false,4
reut2-000.sgm-334.txt,0.0,count,true,6
reut2-000.sgm-334.txt,0.0,gfidf,false,4
reut2-000.sgm-334.txt,0.0,gfidf,true,34
reut2-000.sgm-334.txt,0.0,idf,false,4
reut2-000.sgm-334.txt,0.0,idf,true,38
reut2-000.sgm-334.txt,0.0,logEntropy,false,4
reut2-000.sgm-334.txt,0.0,logEntropy,true,6
reut2-000.sgm-334.txt,0.0,normal,false,34
reut2-000.sgm-334.txt,0.0,normal,true,6
reut2-000.sgm-334.txt,0.0,tfidf,false,4
reut2-000.sgm-334.txt,0.0,tfidf,true,4
reut2-000.sgm-338.txt,0.0,binary,false,0
reut2-000.sgm-338.txt,0.0,binary,true,6
reut2-000.sgm-338.txt,0.0,count,false,0
reut2-000.sgm-338.txt,0.0,count,true,6
reut2-000.sgm-338.txt,0.0,gfidf,false,6
reut2-000.sgm-338.txt,0.0,gfidf,true,6
reut2-000.sgm-338.txt,0.0,idf,false,0
reut2-000.sgm-338.txt,0.0,idf,true,6
reut2-000.sgm-338.txt,0.0,logEntropy,false,0
reut2-000.sgm-338.txt,0.0,logEntropy,true,6
reut2-000.sgm-338.txt,0.0,normal,false,0
reut2-000.sgm-338.txt,0.0,normal,true,8
reut2-000.sgm-338.txt,0.0,tfidf,false,6
reut2-000.sgm-338.txt,0.0,tfidf,true,6
reut2-000.sgm-339.txt,0.0,binary,false,31
reut2-000.sgm-339.txt,0.0,binary,true,0
reut2-000.sgm-339.txt,0.0,count,false,31
reut2-000.sgm-339.txt,0.0,count,true,0
reut2-000.sgm-339.txt,0.0,gfidf,false,31
reut2-000.sgm-339.txt,0.0,gfidf,true,0
reut2-000.sgm-339.txt,0.0,idf,false,31
reut2-000.sgm-339.txt,0.0,idf,true,33
reut2-000.sgm-339.txt,0.0,logEntropy,false,31
reut2-000.sgm-339.txt,0.0,logEntropy,true,7
reut2-000.sgm-339.txt,0.0,normal,false,7
reut2-000.sgm-339.txt,0.0,normal,true,7
reut2-000.sgm-339.txt,0.0,tfidf,false,14
reut2-000.sgm-339.txt,0.0,tfidf,true,33
reut2-000.sgm-341.txt,0.0,binary,false,20
reut2-000.sgm-341.txt,0.0,binary,true,39
reut2-000.sgm-341.txt,0.0,count,false,17
reut2-000.sgm-341.txt,0.0,count,true,17
reut2-000.sgm-341.txt,0.0,gfidf,false,20
reut2-000.sgm-341.txt,0.0,gfidf,true,39
reut2-000.sgm-341.txt,0.0,idf,false,39
reut2-000.sgm-341.txt,0.0,idf,true,39
reut2-000.sgm-341.txt,0.0,logEntropy,false,20
reut2-000.sgm-341.txt,0.0,logEntropy,true,17
reut2-000.sgm-341.txt,0.0,normal,false,16
reut2-000.sgm-341.txt,0.0,normal,true,16
reut2-000.sgm-341.txt,0.0,tfidf,false,39
reut2-000.sgm-341.txt,0.0,tfidf,true,39
reut2-000.sgm-346.txt,2.1980229824209534,binary,false,8
reut2-000.sgm-346.txt,2.1980229824209534,binary,true,0
reut2-000.sgm-346.txt,2.1980229824209534,count,false,2
reut2-000.sgm-346.txt,2.1980229824209534,count,true,1
reut2-000.sgm-346.txt,2.1980229824209534,gfidf,false,2
reut2-000.sgm-346.txt,2.1980229824209534,gfidf,true,1
reut2-000.sgm-346.txt,2.1980229824209534,idf,false,8
reut2-000.sgm-346.txt,2.1980229824209534,idf,true,1
reut2-000.sgm-346.txt,2.1980229824209534,logEntropy,false,2
reut2-000.sgm-346.txt,2.1980229824209534,logEntropy,true,1
reut2-000.sgm-346.txt,2.1980229824209534,normal,false,2
reut2-000.sgm-346.txt,2.1980229824209534,normal,true,2
reut2-000.sgm-346.txt,2.1980229824209534,tfidf,false,8
reut2-000.sgm-346.txt,2.1980229824209534,tfidf,true,1
reut2-000.sgm-349.txt,0.0,binary,false,17
reut2-000.sgm-349.txt,0.0,binary,true,17
reut2-000.sgm-349.txt,0.0,count,false,4
reut2-000.sgm-349.txt,0.0,count,true,4
reut2-000.sgm-349.txt,0.0,gfidf,false,17
reut2-000.sgm-349.txt,0.0,gfidf,true,17
reut2-000.sgm-349.txt,0.0,idf,false,17
reut2-000.sgm-349.txt,0.0,idf,true,17
reut2-000.sgm-349.txt,0.0,logEntropy,false,17
reut2-000.sgm-349.txt,0.0,logEntropy,true,17
reut2-000.sgm-349.txt,0.0,normal,false,1
reut2-000.sgm-349.txt,0.0,normal,true,1
reut2-000.sgm-349.txt,0.0,tfidf,false,17
reut2-000.sgm-349.txt,0.0,tfidf,true,17
reut2-000.sgm-355.txt,0.0,binary,false,5
reut2-000.sgm-355.txt,0.0,binary,true,5
reut2-000.sgm-355.txt,0.0,count,false,4
reut2-000.sgm-355.txt,0.0,count,true,3
reut2-000.sgm-355.txt,0.0,gfidf,false,4
reut2-000.sgm-355.txt,0.0,gfidf,true,2
reut2-000.sgm-355.txt,0.0,idf,false,5
reut2-000.sgm-355.txt,0.0,idf,true,5
reut2-000.sgm-355.txt,0.0,logEntropy,false,14
reut2-000.sgm-355.txt,0.0,logEntropy,true,3
reut2-000.sgm-355.txt,0.0,normal,false,17
reut2-000.sgm-355.txt,0.0,normal,true,17
reut2-000.sgm-355.txt,0.0,tfidf,false,5
reut2-000.sgm-355.txt,0.0,tfidf,true,5
reut2-000.sgm-357.txt,0.0,binary,false,14
reut2-000.sgm-357.txt,0.0,binary,true,14
reut2-000.sgm-357.txt,0.0,count,false,14
reut2-000.sgm-357.txt,0.0,count,true,14
reut2-000.sgm-357.txt,0.0,gfidf,false,14
reut2-000.sgm-357.txt,0.0,gfidf,true,14
reut2-000.sgm-357.txt,0.0,idf,false,14
reut2-000.sgm-357.txt,0.0,idf,true,14
reut2-000.sgm-357.txt,0.0,logEntropy,false,14
reut2-000.sgm-357.txt,0.0,logEntropy,true,14
reut2-000.sgm-357.txt,0.0,normal,false,1
reut2-000.sgm-357.txt,0.0,normal,true,14
reut2-000.sgm-357.txt,0.0,tfidf,false,14
reut2-000.sgm-357.txt,0.0,tfidf,true,14
reut2-000.sgm-358.txt,0.0,binary,false,3
reut2-000.sgm-358.txt,0.0,binary,true,18
reut2-000.sgm-358.txt,0.0,count,false,18
reut2-000.sgm-358.txt,0.0,count,true,18
reut2-000.sgm-358.txt,0.0,gfidf,false,18
reut2-000.sgm-358.txt,0.0,gfidf,true,18
reut2-000.sgm-358.txt,0.0,idf,false,18
reut2-000.sgm-358.txt,0.0,idf,true,18
reut2-000.sgm-358.txt,0.0,logEntropy,false,18
reut2-000.sgm-358.txt,0.0,logEntropy,true,18
reut2-000.sgm-358.txt,0.0,normal,false,0
reut2-000.sgm-358.txt,0.0,normal,true,0
reut2-000.sgm-358.txt,0.0,tfidf,false,18
reut2-000.sgm-358.txt,0.0,tfidf,true,18
reut2-000.sgm-361.txt,3.0595678645974314,binary,false,0
reut2-000.sgm-361.txt,3.0595678645974314,binary,true,1
reut2-000.sgm-361.txt,3.0595678645974314,count,false,1
reut2-000.sgm-361.txt,3.0595678645974314,count,true,1
reut2-000.sgm-361.txt,3.0595678645974314,gfidf,false,0
reut2-000.sgm-361.txt,3.0595678645974314,gfidf,true,1
reut2-000.sgm-361.txt,3.0595678645974314,idf,false,21
reut2-000.sgm-361.txt,3.0595678645974314,idf,true,1
reut2-000.sgm-361.txt,3.0595678645974314,logEntropy,false,1
reut2-000.sgm-361.txt,3.0595678645974314,logEntropy,true,1
reut2-000.sgm-361.txt,3.0595678645974314,normal,false,0
reut2-000.sgm-361.txt,3.0595678645974314,normal,true,1
reut2-000.sgm-361.txt,3.0595678645974314,tfidf,false,1
reut2-000.sgm-361.txt,3.0595678645974314,tfidf,true,1
reut2-000.sgm-366.txt,0.0,binary,false,21
reut2-000.sgm-366.txt,0.0,binary,true,21
reut2-000.sgm-366.txt,0.0,count,false,21
reut2-000.sgm-366.txt,0.0,count,true,21
reut2-000.sgm-366.txt,0.0,gfidf,false,21
reut2-000.sgm-366.txt,0.0,gfidf,true,21
reut2-000.sgm-366.txt,0.0,idf,false,21
reut2-000.sgm-366.txt,0.0,idf,true,21
reut2-000.sgm-366.txt,0.0,logEntropy,false,21
reut2-000.sgm-366.txt,0.0,logEntropy,true,21
reut2-000.sgm-366.txt,0.0,normal,false,21
reut2-000.sgm-366.txt,0.0,normal,true,0
reut2-000.sgm-366.txt,0.0,tfidf,false,21
reut2-000.sgm-366.txt,0.0,tfidf,true,21
reut2-000.sgm-371.txt,0.0,binary,false,32
reut2-000.sgm-371.txt,0.0,binary,true,12
reut2-000.sgm-371.txt,0.0,count,false,31
reut2-000.sgm-371.txt,0.0,count,true,10
reut2-000.sgm-371.txt,0.0,gfidf,false,31
reut2-000.sgm-371.txt,0.0,gfidf,true,12
reut2-000.sgm-371.txt,0.0,idf,false,32
reut2-000.sgm-371.txt,0.0,idf,true,32
reut2-000.sgm-371.txt,0.0,logEntropy,false,31
reut2-000.sgm-371.txt,0.0,logEntropy,true,12
reut2-000.sgm-371.txt,0.0,normal,false,7
reut2-000.sgm-371.txt,0.0,normal,true,7
reut2-000.sgm-371.txt,0.0,tfidf,false,32
reut2-000.sgm-371.txt,0.0,tfidf,true,32
reut2-000.sgm-381.txt,0.0,binary,false,27
reut2-000.sgm-381.txt,0.0,binary,true,27
reut2-000.sgm-381.txt,0.0,count,false,27
reut2-000.sgm-381.txt,0.0,count,true,27
reut2-000.sgm-381.txt,0.0,gfidf,false,27
reut2-000.sgm-381.txt,0.0,gfidf,true,27
reut2-000.sgm-381.txt,0.0,idf,false,27
reut2-000.sgm-381.txt,0.0,idf,true,27
reut2-000.sgm-381.txt,0.0,logEntropy,false,27
reut2-000.sgm-381.txt,0.0,logEntropy,true,27
reut2-000.sgm-381.txt,0.0,normal,false,27
reut2-000.sgm-381.txt,0.0,normal,true,27
reut2-000.sgm-381.txt,0.0,tfidf,false,27
reut2-000.sgm-381.txt,0.0,tfidf,true,27
reut2-000.sgm-385.txt,0.0,binary,false,1
reut2-000.sgm-385.txt,0.0,binary,true,1
reut2-000.sgm-385.txt,0.0,count,false,1
reut2-000.sgm-385.txt,0.0,count,true,1
reut2-000.sgm-385.txt,0.0,gfidf,false,1
reut2-000.sgm-385.txt,0.0,gfidf,true,1
reut2-000.sgm-385.txt,0.0,idf,false,1
reut2-000.sgm-385.txt,0.0,idf,true,1
reut2-000.sgm-385.txt,0.0,logEntropy,false,1
reut2-000.sgm-385.txt,0.0,logEntropy,true,1
reut2-000.sgm-385.txt,0.0,normal,false,1
reut2-000.sgm-385.txt,0.0,normal,true,1
reut2-000.sgm-385.txt,0.0,tfidf,false,20
reut2-000.sgm-385.txt,0.0,tfidf,true,19
reut2-000.sgm-418.txt,0.0,binary,false,41
reut2-000.sgm-418.txt,0.0,binary,true,41
reut2-000.sgm-418.txt,0.0,count,false,19
reut2-000.sgm-418.txt,0.0,count,true,19
reut2-000.sgm-418.txt,0.0,gfidf,false,41
reut2-000.sgm-418.txt,0.0,gfidf,true,41
reut2-000.sgm-418.txt,0.0,idf,false,8
reut2-000.sgm-418.txt,0.0,idf,true,35
reut2-000.sgm-418.txt,0.0,logEntropy,false,19
reut2-000.sgm-418.txt,0.0,logEntropy,true,41
reut2-000.sgm-418.txt,0.0,normal,false,41
reut2-000.sgm-418.txt,0.0,normal,true,41
reut2-000.sgm-418.txt,0.0,tfidf,false,35
reut2-000.sgm-418.txt,0.0,tfidf,true,8
reut2-000.sgm-431.txt,0.0,binary,false,0
reut2-000.sgm-431.txt,0.0,binary,true,12
reut2-000.sgm-431.txt,0.0,count,false,12
reut2-000.sgm-431.txt,0.0,count,true,12
reut2-000.sgm-431.txt,0.0,gfidf,false,12
reut2-000.sgm-431.txt,0.0,gfidf,true,12
reut2-000.sgm-431.txt,0.0,idf,false,0
reut2-000.sgm-431.txt,0.0,idf,true,12
reut2-000.sgm-431.txt,0.0,logEntropy,false,12
reut2-000.sgm-431.txt,0.0,logEntropy,true,12
reut2-000.sgm-431.txt,0.0,normal,false,12
reut2-000.sgm-431.txt,0.0,normal,true,0
reut2-000.sgm-431.txt,0.0,tfidf,false,0
reut2-000.sgm-431.txt,0.0,tfidf,true,3
reut2-000.sgm-44.txt,0.0,binary,false,17
reut2-000.sgm-44.txt,0.0,binary,true,17
reut2-000.sgm-44.txt,0.0,count,false,18
reut2-000.sgm-44.txt,0.0,count,true,17
reut2-000.sgm-44.txt,0.0,gfidf,false,18
reut2-000.sgm-44.txt,0.0,gfidf,true,18
reut2-000.sgm-44.txt,0.0,idf,false,17
reut2-000.sgm-44.txt,0.0,idf,true,17
reut2-000.sgm-44.txt,0.0,logEntropy,false,17
reut2-000.sgm-44.txt,0.0,logEntropy,true,17
reut2-000.sgm-44.txt,0.0,normal,false,0
reut2-000.sgm-44.txt,0.0,normal,true,0
reut2-000.sgm-44.txt,0.0,tfidf,false,18
reut2-000.sgm-44.txt,0.0,tfidf,true,17
reut2-000.sgm-457.txt,0.0,binary,false,5
reut2-000.sgm-457.txt,0.0,binary,true,5
reut2-000.sgm-457.txt,0.0,count,false,0
reut2-000.sgm-457.txt,0.0,count,true,0
reut2-000.sgm-457.txt,0.0,gfidf,false,9
reut2-000.sgm-457.txt,0.0,gfidf,true,0
reut2-000.sgm-457.txt,0.0,idf,false,6
reut2-000.sgm-457.txt,0.0,idf,true,5
reut2-000.sgm-457.txt,0.0,logEntropy,false,0
reut2-000.sgm-457.txt,0.0,logEntropy,true,0
reut2-000.sgm-457.txt,0.0,normal,false,0
reut2-000.sgm-457.txt,0.0,normal,true,0
reut2-000.sgm-457.txt,0.0,tfidf,false,6
reut2-000.sgm-457.txt,0.0,tfidf,true,5
reut2-000.sgm-495.txt,0.0,binary,false,7
reut2-000.sgm-495.txt,0.0,binary,true,4
reut2-000.sgm-495.txt,0.0,count,false,5
reut2-000.sgm-495.txt,0.0,count,true,5
reut2-000.sgm-495.txt,0.0,gfidf,false,7
reut2-000.sgm-495.txt,0.0,gfidf,true,4
reut2-000.sgm-495.txt,0.0,idf,false,4
reut2-000.sgm-495.txt,0.0,idf,true,11
reut2-000.sgm-495.txt,0.0,logEntropy,false,7
reut2-000.sgm-495.txt,0.0,logEntropy,true,5
reut2-000.sgm-495.txt,0.0,normal,false,7
reut2-000.sgm-495.txt,0.0,normal,true,7
reut2-000.sgm-495.txt,0.0,tfidf,false,11
reut2-000.sgm-495.txt,0.0,tfidf,true,11
reut2-000.sgm-524.txt,1.9033903060212392,binary,false,1
reut2-000.sgm-524.txt,1.9033903060212392,binary,true,4
reut2-000.sgm-524.txt,1.9033903060212392,count,false,1
reut2-000.sgm-524.txt,1.9033903060212392,count,true,1
reut2-000.sgm-524.txt,1.9033903060212392,gfidf,false,1
reut2-000.sgm-524.txt,1.9033903060212392,gfidf,true,4
reut2-000.sgm-524.txt,1.9033903060212392,idf,false,1
reut2-000.sgm-524.txt,1.9033903060212392,idf,true,4
reut2-000.sgm-524.txt,1.9033903060212392,logEntropy,false,1
reut2-000.sgm-524.txt,1.9033903060212392,logEntropy,true,1
reut2-000.sgm-524.txt,1.9033903060212392,normal,false,1
reut2-000.sgm-524.txt,1.9033903060212392,normal,true,4
reut2-000.sgm-524.txt,1.9033903060212392,tfidf,false,1
reut2-000.sgm-524.txt,1.9033903060212392,tfidf,true,1
reut2-000.sgm-53.txt,0.0,binary,false,3
reut2-000.sgm-53.txt,0.0,binary,true,1
reut2-000.sgm-53.txt,0.0,count,false,16
reut2-000.sgm-53.txt,0.0,count,true,8
reut2-000.sgm-53.txt,0.0,gfidf,false,3
reut2-000.sgm-53.txt,0.0,gfidf,true,16
reut2-000.sgm-53.txt,0.0,idf,false,3
reut2-000.sgm-53.txt,0.0,idf,true,16
reut2-000.sgm-53.txt,0.0,logEntropy,false,16
reut2-000.sgm-53.txt,0.0,logEntropy,true,8
reut2-000.sgm-53.txt,0.0,normal,false,1
reut2-000.sgm-53.txt,0.0,normal,true,1
reut2-000.sgm-53.txt,0.0,tfidf,false,3
reut2-000.sgm-53.txt,0.0,tfidf,true,14
reut2-000.sgm-539.txt,2.6918003852647123,binary,false,4
reut2-000.sgm-539.txt,2.6918003852647123,binary,true,0
reut2-000.sgm-539.txt,2.6918003852647123,count,false,0
reut2-000.sgm-539.txt,2.6918003852647123,count,true,0
reut2-000.sgm-539.txt,2.6918003852647123,gfidf,false,4
reut2-000.sgm-539.txt,2.6918003852647123,gfidf,true,4
reut2-000.sgm-539.txt,2.6918003852647123,idf,false,0
reut2-000.sgm-539.txt,2.6918003852647123,idf,true,0
reut2-000.sgm-539.txt,2.6918003852647123,logEntropy,false,4
reut2-000.sgm-539.txt,2.6918003852647123,logEntropy,true,4
reut2-000.sgm-539.txt,2.6918003852647123,normal,false,4
reut2-000.sgm-539.txt,2.6918003852647123,normal,true,4
reut2-000.sgm-539.txt,2.6918003852647123,tfidf,false,0
reut2-000.sgm-539.txt,2.6918003852647123,tfidf,true,0
reut2-000.sgm-633.txt,0.0,binary,false,12
reut2-000.sgm-633.txt,0.0,binary,true,3
reut2-000.sgm-633.txt,0.0,count,false,12
reut2-000.sgm-633.txt,0.0,count,true,3
reut2-000.sgm-633.txt,0.0,gfidf,false,12
reut2-000.sgm-633.txt,0.0,gfidf,true,6
reut2-000.sgm-633.txt,0.0,idf,false,3
reut2-000.sgm-633.txt,0.0,idf,true,3
reut2-000.sgm-633.txt,0.0,logEntropy,false,12
reut2-000.sgm-633.txt,0.0,logEntropy,true,6
reut2-000.sgm-633.txt,0.0,normal,false,12
reut2-000.sgm-633.txt,0.0,normal,true,12
reut2-000.sgm-633.txt,0.0,tfidf,false,3
reut2-000.sgm-633.txt,0.0,tfidf,true,3
reut2-000.sgm-634.txt,0.0,binary,false,16
reut2-000.sgm-634.txt,0.0,binary,true,16
reut2-000.sgm-634.txt,0.0,count,false,16
reut2-000.sgm-634.txt,0.0,count,true,12
reut2-000.sgm-634.txt,0.0,gfidf,false,16
reut2-000.sgm-634.txt,0.0,gfidf,true,16
reut2-000.sgm-634.txt,0.0,idf,false,12
reut2-000.sgm-634.txt,0.0,idf,true,12
reut2-000.sgm-634.txt,0.0,logEntropy,false,16
reut2-000.sgm-634.txt,0.0,logEntropy,true,12
reut2-000.sgm-634.txt,0.0,normal,false,1
reut2-000.sgm-634.txt,0.0,normal,true,1
reut2-000.sgm-634.txt,0.0,tfidf,false,12
reut2-000.sgm-634.txt,0.0,tfidf,true,12
reut2-000.sgm-636.txt,2.5003443292121292,binary,false,1
reut2-000.sgm-636.txt,2.5003443292121292,binary,true,10
reut2-000.sgm-636.txt,2.5003443292121292,count,false,1
reut2-000.sgm-636.txt,2.5003443292121292,count,true,10
reut2-000.sgm-636.txt,2.5003443292121292,gfidf,false,1
reut2-000.sgm-636.txt,2.5003443292121292,gfidf,true,10
reut2-000.sgm-636.txt,2.5003443292121292,idf,false,1
reut2-000.sgm-636.txt,2.5003443292121292,idf,true,10
reut2-000.sgm-636.txt,2.5003443292121292,logEntropy,false,1
reut2-000.sgm-636.txt,2.5003443292121292,logEntropy,true,0
reut2-000.sgm-636.txt,2.5003443292121292,normal,false,1
reut2-000.sgm-636.txt,2.5003443292121292,normal,true,1
reut2-000.sgm-636.txt,2.5003443292121292,tfidf,false,1
reut2-000.sgm-636.txt,2.5003443292121292,tfidf,true,10
reut2-000.sgm-659.txt,4.129564738840005,binary,false,0
reut2-000.sgm-659.txt,4.129564738840005,binary,true,0
reut2-000.sgm-659.txt,4.129564738840005,count,false,0
reut2-000.sgm-659.txt,4.129564738840005,count,true,0
reut2-000.sgm-659.txt,4.129564738840005,gfidf,false,0
reut2-000.sgm-659.txt,4.129564738840005,gfidf,true,0
reut2-000.sgm-659.txt,4.129564738840005,idf,false,0
reut2-000.sgm-659.txt,4.129564738840005,idf,true,0
reut2-000.sgm-659.txt,4.129564738840005,logEntropy,false,0
reut2-000.sgm-659.txt,4.129564738840005,logEntropy,true,0
reut2-000.sgm-659.txt,4.129564738840005,normal,false,0
reut2-000.sgm-659.txt,4.129564738840005,normal,true,0
reut2-000.sgm-659.txt,4.129564738840005,tfidf,false,0
reut2-000.sgm-659.txt,4.129564738840005,tfidf,true,0
reut2-000.sgm-670.txt,2.0,binary,false,1
reut2-000.sgm-670.txt,2.0,binary,true,1
reut2-000.sgm-670.txt,2.0,count,false,1
reut2-000.sgm-670.txt,2.0,count,true,1
reut2-000.sgm-670.txt,2.0,gfidf,false,1
reut2-000.sgm-670.txt,2.0,gfidf,true,1
reut2-000.sgm-670.txt,2.0,idf,false,1
reut2-000.sgm-670.txt,2.0,idf,true,1
reut2-000.sgm-670.txt,2.0,logEntropy,false,1
reut2-000.sgm-670.txt,2.0,logEntropy,true,1
reut2-000.sgm-670.txt,2.0,normal,false,1
reut2-000.sgm-670.txt,2.0,normal,true,1
reut2-000.sgm-670.txt,2.0,tfidf,false,13
reut2-000.sgm-670.txt,2.0,tfidf,true,1
reut2-000.sgm-703.txt,0.0,binary,false,9
reut2-000.sgm-703.txt,0.0,binary,true,9
reut2-000.sgm-703.txt,0.0,count,false,3
reut2-000.sgm-703.txt,0.0,count,true,3
reut2-000.sgm-703.txt,0.0,gfidf,false,3
reut2-000.sgm-703.txt,0.0,gfidf,true,3
reut2-000.sgm-703.txt,0.0,idf,false,9
reut2-000.sgm-703.txt,0.0,idf,true,4
reut2-000.sgm-703.txt,0.0,logEntropy,false,3
reut2-000.sgm-703.txt,0.0,logEntropy,true,3
reut2-000.sgm-703.txt,0.0,normal,false,1
reut2-000.sgm-703.txt,0.0,normal,true,1
reut2-000.sgm-703.txt,0.0,tfidf,false,3
reut2-000.sgm-703.txt,0.0,tfidf,true,3
reut2-000.sgm-713.txt,0.0,binary,false,7
reut2-000.sgm-713.txt,0.0,binary,true,7
reut2-000.sgm-713.txt,0.0,count,false,19
reut2-000.sgm-713.txt,0.0,count,true,19
reut2-000.sgm-713.txt,0.0,gfidf,false,7
reut2-000.sgm-713.txt,0.0,gfidf,true,7
reut2-000.sgm-713.txt,0.0,idf,false,7
reut2-000.sgm-713.txt,0.0,idf,true,7
reut2-000.sgm-713.txt,0.0,logEntropy,false,19
reut2-000.sgm-713.txt,0.0,logEntropy,true,19
reut2-000.sgm-713.txt,0.0,normal,false,19
reut2-000.sgm-713.txt,0.0,normal,true,19
reut2-000.sgm-713.txt,0.0,tfidf,false,7
reut2-000.sgm-713.txt,0.0,tfidf,true,7
reut2-000.sgm-717.txt,0.0,binary,false,3
reut2-000.sgm-717.txt,0.0,binary,true,3
reut2-000.sgm-717.txt,0.0,count,false,3
reut2-000.sgm-717.txt,0.0,count,true,3
reut2-000.sgm-717.txt,0.0,gfidf,false,8
reut2-000.sgm-717.txt,0.0,gfidf,true,8
reut2-000.sgm-717.txt,0.0,idf,false,3
reut2-000.sgm-717.txt,0.0,idf,true,2
reut2-000.sgm-717.txt,0.0,logEntropy,false,3
reut2-000.sgm-717.txt,0.0,logEntropy,true,3
reut2-000.sgm-717.txt,0.0,normal,false,3
reut2-000.sgm-717.txt,0.0,normal,true,3
reut2-000.sgm-717.txt,0.0,tfidf,false,8
reut2-000.sgm-717.txt,0.0,tfidf,true,8
reut2-000.sgm-729.txt,1.5614183643114201,binary,false,15
reut2-000.sgm-729.txt,1.5614183643114201,binary,true,15
reut2-000.sgm-729.txt,1.5614183643114201,count,false,15
reut2-000.sgm-729.txt,1.5614183643114201,count,true,15
reut2-000.sgm-729.txt,1.5614183643114201,gfidf,false,15
reut2-000.sgm-729.txt,1.5614183643114201,gfidf,true,15
reut2-000.sgm-729.txt,1.5614183643114201,idf,false,25
reut2-000.sgm-729.txt,1.5614183643114201,idf,true,15
reut2-000.sgm-729.txt,1.5614183643114201,logEntropy,false,15
reut2-000.sgm-729.txt,1.5614183643114201,logEntropy,true,15
reut2-000.sgm-729.txt,1.5614183643114201,normal,false,15
reut2-000.sgm-729.txt,1.5614183643114201,normal,true,15
reut2-000.sgm-729.txt,1.5614183643114201,tfidf,false,15
reut2-000.sgm-729.txt,1.5614183643114201,tfidf,true,15
reut2-000.sgm-739.txt,0.0,binary,false,3
reut2-000.sgm-739.txt,0.0,binary,true,3
reut2-000.sgm-739.txt,0.0,count,false,3
reut2-000.sgm-739.txt,0.0,count,true,3
reut2-000.sgm-739.txt,0.0,gfidf,false,3
reut2-000.sgm-739.txt,0.0,gfidf,true,3
reut2-000.sgm-739.txt,0.0,idf,false,3
reut2-000.sgm-739.txt,0.0,idf,true,3
reut2-000.sgm-739.txt,0.0,logEntropy,false,3
reut2-000.sgm-739.txt,0.0,logEntropy,true,3
reut2-000.sgm-739.txt,0.0,normal,false,11
reut2-000.sgm-739.txt,0.0,normal,true,11
reut2-000.sgm-739.txt,0.0,tfidf,false,3
reut2-000.sgm-739.txt,0.0,tfidf,true,3
reut2-000.sgm-747.txt,0.0,binary,false,12
reut2-000.sgm-747.txt,0.0,binary,true,12
reut2-000.sgm-747.txt,0.0,count,false,12
reut2-000.sgm-747.txt,0.0,count,true,12
reut2-000.sgm-747.txt,0.0,gfidf,false,12
reut2-000.sgm-747.txt,0.0,gfidf,true,12
reut2-000.sgm-747.txt,0.0,idf,false,12
reut2-000.sgm-747.txt,0.0,idf,true,12
reut2-000.sgm-747.txt,0.0,logEntropy,false,12
reut2-000.sgm-747.txt,0.0,logEntropy,true,12
reut2-000.sgm-747.txt,0.0,normal,false,12
reut2-000.sgm-747.txt,0.0,normal,true,12
reut2-000.sgm-747.txt,0.0,tfidf,false,22
reut2-000.sgm-747.txt,0.0,tfidf,true,22
reut2-000.sgm-78.txt,0.0,binary,false,8
reut2-000.sgm-78.txt,0.0,binary,true,0
reut2-000.sgm-78.txt,0.0,count,false,1
reut2-000.sgm-78.txt,0.0,count,true,5
reut2-000.sgm-78.txt,0.0,gfidf,false,8
reut2-000.sgm-78.txt,0.0,gfidf,true,0
reut2-000.sgm-78.txt,0.0,idf,false,8
reut2-000.sgm-78.txt,0.0,idf,true,5
reut2-000.sgm-78.txt,0.0,logEntropy,false,8
reut2-000.sgm-78.txt,0.0,logEntropy,true,5
reut2-000.sgm-78.txt,0.0,normal,false,8
reut2-000.sgm-78.txt,0.0,normal,true,0
reut2-000.sgm-78.txt,0.0,tfidf,false,32
reut2-000.sgm-78.txt,0.0,tfidf,true,32
reut2-000.sgm-842.txt,0.0,binary,false,7
reut2-000.sgm-842.txt,0.0,binary,true,7
reut2-000.sgm-842.txt,0.0,count,false,7
reut2-000.sgm-842.txt,0.0,count,true,7
reut2-000.sgm-842.txt,0.0,gfidf,false,7
reut2-000.sgm-842.txt,0.0,gfidf,true,7
reut2-000.sgm-842.txt,0.0,idf,false,7
reut2-000.sgm-842.txt,0.0,idf,true,9
reut2-000.sgm-842.txt,0.0,logEntropy,false,7
reut2-000.sgm-842.txt,0.0,logEntropy,true,7
reut2-000.sgm-842.txt,0.0,normal,false,2
reut2-000.sgm-842.txt,0.0,normal,true,2
reut2-000.sgm-842.txt,0.0,tfidf,false,7
reut2-000.sgm-842.txt,0.0,tfidf,true,7
reut2-000.sgm-852.txt,2.82842712474619,binary,false,5
reut2-000.sgm-852.txt,2.82842712474619,binary,true,0
reut2-000.sgm-852.txt,2.82842712474619,count,false,5
reut2-000.sgm-852.txt,2.82842712474619,count,true,0
reut2-000.sgm-852.txt,2.82842712474619,gfidf,false,5
reut2-000.sgm-852.txt,2.82842712474619,gfidf,true,0
reut2-000.sgm-852.txt,2.82842712474619,idf,false,5
reut2-000.sgm-852.txt,2.82842712474619,idf,true,0
reut2-000.sgm-852.txt,2.82842712474619,logEntropy,false,5
reut2-000.sgm-852.txt,2.82842712474619,logEntropy,true,0
reut2-000.sgm-852.txt,2.82842712474619,normal,false,5
reut2-000.sgm-852.txt,2.82842712474619,normal,true,0
reut2-000.sgm-852.txt,2.82842712474619,tfidf,false,5
reut2-000.sgm-852.txt,2.82842712474619,tfidf,true,0
reut2-000.sgm-853.txt,0.0,binary,false,14
reut2-000.sgm-853.txt,0.0,binary,true,0
reut2-000.sgm-853.txt,0.0,count,false,14
reut2-000.sgm-853.txt,0.0,count,true,5
reut2-000.sgm-853.txt,0.0,gfidf,false,14
reut2-000.sgm-853.txt,0.0,gfidf,true,14
reut2-000.sgm-853.txt,0.0,idf,false,14
reut2-000.sgm-853.txt,0.0,idf,true,14
reut2-000.sgm-853.txt,0.0,logEntropy,false,14
reut2-000.sgm-853.txt,0.0,logEntropy,true,0
reut2-000.sgm-853.txt,0.0,normal,false,4
reut2-000.sgm-853.txt,0.0,normal,true,4
reut2-000.sgm-853.txt,0.0,tfidf,false,14
reut2-000.sgm-853.txt,0.0,tfidf,true,14
reut2-000.sgm-861.txt,0.0,binary,false,4
reut2-000.sgm-861.txt,0.0,binary,true,3
reut2-000.sgm-861.txt,0.0,count,false,4
reut2-000.sgm-861.txt,0.0,count,true,5
reut2-000.sgm-861.txt,0.0,gfidf,false,4
reut2-000.sgm-861.txt,0.0,gfidf,true,3
reut2-000.sgm-861.txt,0.0,idf,false,3
reut2-000.sgm-861.txt,0.0,idf,true,3
reut2-000.sgm-861.txt,0.0,logEntropy,false,4
reut2-000.sgm-861.txt,0.0,logEntropy,true,5
reut2-000.sgm-861.txt,0.0,normal,false,4
reut2-000.sgm-861.txt,0.0,normal,true,4
reut2-000.sgm-861.txt,0.0,tfidf,false,12
reut2-000.sgm-861.txt,0.0,tfidf,true,3
reut2-000.sgm-874.txt,3.622894657055627,binary,false,0
reut2-000.sgm-874.txt,3.622894657055627,binary,true,0
reut2-000.sgm-874.txt,3.622894657055627,count,false,0
reut2-000.sgm-874.txt,3.622894657055627,count,true,0
reut2-000.sgm-874.txt,3.622894657055627,gfidf,false,0
reut2-000.sgm-874.txt,3.622894657055627,gfidf,true,0
reut2-000.sgm-874.txt,3.622894657055627,idf,false,0
reut2-000.sgm-874.txt,3.622894657055627,idf,true,0
reut2-000.sgm-874.txt,3.622894657055627,logEntropy,false,0
reut2-000.sgm-874.txt,3.622894657055627,logEntropy,true,0
reut2-000.sgm-874.txt,3.622894657055627,normal,false,0
reut2-000.sgm-874.txt,3.622894657055627,normal,true,0
reut2-000.sgm-874.txt,3.622894657055627,tfidf,false,18
reut2-000.sgm-874.txt,3.622894657055627,tfidf,true,0
reut2-000.sgm-877.txt,0.0,binary,false,6
reut2-000.sgm-877.txt,0.0,binary,true,6
reut2-000.sgm-877.txt,0.0,count,false,12
reut2-000.sgm-877.txt,0.0,count,true,12
reut2-000.sgm-877.txt,0.0,gfidf,false,12
reut2-000.sgm-877.txt,0.0,gfidf,true,12
reut2-000.sgm-877.txt,0.0,idf,false,6
reut2-000.sgm-877.txt,0.0,idf,true,6
reut2-000.sgm-877.txt,0.0,logEntropy,false,6
reut2-000.sgm-877.txt,0.0,logEntropy,true,6
reut2-000.sgm-877.txt,0.0,normal,false,6
reut2-000.sgm-877.txt,0.0,normal,true,6
reut2-000.sgm-877.txt,0.0,tfidf,false,12
reut2-000.sgm-877.txt,0.0,tfidf,true,12
reut2-000.sgm-888.txt,0.0,binary,false,9
reut2-000.sgm-888.txt,0.0,binary,true,9
reut2-000.sgm-888.txt,0.0,count,false,0
reut2-000.sgm-888.txt,0.0,count,true,0
reut2-000.sgm-888.txt,0.0,gfidf,false,9
reut2-000.sgm-888.txt,0.0,gfidf,true,9
reut2-000.sgm-888.txt,0.0,idf,false,9
reut2-000.sgm-888.txt,0.0,idf,true,9
reut2-000.sgm-888.txt,0.0,logEntropy,false,9
reut2-000.sgm-888.txt,0.0,logEntropy,true,9
reut2-000.sgm-888.txt,0.0,normal,false,0
reut2-000.sgm-888.txt,0.0,normal,true,0
reut2-000.sgm-888.txt,0.0,tfidf,false,1
reut2-000.sgm-888.txt,0.0,tfidf,true,6
reut2-000.sgm-890.txt,0.0,binary,false,2
reut2-000.sgm-890.txt,0.0,binary,true,0
reut2-000.sgm-890.txt,0.0,count,false,2
reut2-000.sgm-890.txt,0.0,count,true,0
reut2-000.sgm-890.txt,0.0,gfidf,false,2
reut2-000.sgm-890.txt,0.0,gfidf,true,0
reut2-000.sgm-890.txt,0.0,idf,false,2
reut2-000.sgm-890.txt,0.0,idf,true,0
reut2-000.sgm-890.txt,0.0,logEntropy,false,2
reut2-000.sgm-890.txt,0.0,logEntropy,true,0
reut2-000.sgm-890.txt,0.0,normal,false,2
reut2-000.sgm-890.txt,0.0,normal,true,1
reut2-000.sgm-890.txt,0.0,tfidf,false,19
reut2-000.sgm-890.txt,0.0,tfidf,true,19
reut2-000.sgm-897.txt,0.0,binary,false,0
reut2-000.sgm-897.txt,0.0,binary,true,0
reut2-000.sgm-897.txt,0.0,count,false,22
reut2-000.sgm-897.txt,0.0,count,true,11
reut2-000.sgm-897.txt,0.0,gfidf,false,6
reut2-000.sgm-897.txt,0.0,gfidf,true,0
reut2-000.sgm-897.txt,0.0,idf,false,3
reut2-000.sgm-897.txt,0.0,idf,true,0
reut2-000.sgm-897.txt,0.0,logEntropy,false,6
reut2-000.sgm-897.txt,0.0,logEntropy,true,0
reut2-000.sgm-897.txt,0.0,normal,false,17
reut2-000.sgm-897.txt,0.0,normal,true,17
reut2-000.sgm-897.txt,0.0,tfidf,false,11
reut2-000.sgm-897.txt,0.0,tfidf,true,3
reut2-000.sgm-902.txt,0.0,binary,false,9
reut2-000.sgm-902.txt,0.0,binary,true,9
reut2-000.sgm-902.txt,0.0,count,false,18
reut2-000.sgm-902.txt,0.0,count,true,18
reut2-000.sgm-902.txt,0.0,gfidf,false,18
reut2-000.sgm-902.txt,0.0,gfidf,true,18
reut2-000.sgm-902.txt,0.0,idf,false,5
reut2-000.sgm-902.txt,0.0,idf,true,9
reut2-000.sgm-902.txt,0.0,logEntropy,false,18
reut2-000.sgm-902.txt,0.0,logEntropy,true,18
reut2-000.sgm-902.txt,0.0,normal,false,0
reut2-000.sgm-902.txt,0.0,normal,true,18
reut2-000.sgm-902.txt,0.0,tfidf,false,18
reut2-000.sgm-902.txt,0.0,tfidf,true,18
reut2-000.sgm-909.txt,0.0,binary,false,1
reut2-000.sgm-909.txt,0.0,binary,true,1
reut2-000.sgm-909.txt,0.0,count,false,5
reut2-000.sgm-909.txt,0.0,count,true,5
reut2-000.sgm-909.txt,0.0,gfidf,false,5
reut2-000.sgm-909.txt,0.0,gfidf,true,5
reut2-000.sgm-909.txt,0.0,idf,false,1
reut2-000.sgm-909.txt,0.0,idf,true,5
reut2-000.sgm-909.txt,0.0,logEntropy,false,5
reut2-000.sgm-909.txt,0.0,logEntropy,true,5
reut2-000.sgm-909.txt,0.0,normal,false,1
reut2-000.sgm-909.txt,0.0,normal,true,1
reut2-000.sgm-909.txt,0.0,tfidf,false,5
reut2-000.sgm-909.txt,0.0,tfidf,true,5
reut2-000.sgm-913.txt,1.7239456424939554,binary,false,29
reut2-000.sgm-913.txt,1.7239456424939554,binary,true,1
reut2-000.sgm-913.txt,1.7239456424939554,count,false,10
reut2-000.sgm-913.txt,1.7239456424939554,count,true,10
reut2-000.sgm-913.txt,1.7239456424939554,gfidf,false,1
reut2-000.sgm-913.txt,1.7239456424939554,gfidf,true,1
reut2-000.sgm-913.txt,1.7239456424939554,idf,false,29
reut2-000.sgm-913.txt,1.7239456424939554,idf,true,1
reut2-000.sgm-913.txt,1.7239456424939554,logEntropy,false,29
reut2-000.sgm-913.txt,1.7239456424939554,logEntropy,true,10
reut2-000.sgm-913.txt,1.7239456424939554,normal,false,1
reut2-000.sgm-913.txt,1.7239456424939554,normal,true,1
reut2-000.sgm-913.txt,1.7239456424939554,tfidf,false,29
reut2-000.sgm-913.txt,1.7239456424939554,tfidf,true,24
reut2-000.sgm-915.txt,0.0,binary,false,0
reut2-000.sgm-915.txt,0.0,binary,true,19
reut2-000.sgm-915.txt,0.0,count,false,0
reut2-000.sgm-915.txt,0.0,count,true,0
reut2-000.sgm-915.txt,0.0,gfidf,false,0
reut2-000.sgm-915.txt,0.0,gfidf,true,0
reut2-000.sgm-915.txt,0.0,idf,false,19
reut2-000.sgm-915.txt,0.0,idf,true,19
reut2-000.sgm-915.txt,0.0,logEntropy,false,0
reut2-000.sgm-915.txt,0.0,logEntropy,true,0
reut2-000.sgm-915.txt,0.0,normal,false,0
reut2-000.sgm-915.txt,0.0,normal,true,0
reut2-000.sgm-915.txt,0.0,tfidf,false,19
reut2-000.sgm-915.txt,0.0,tfidf,true,19
reut2-000.sgm-921.txt,0.0,binary,false,10
reut2-000.sgm-921.txt,0.0,binary,true,10
reut2-000.sgm-921.txt,0.0,count,false,6
reut2-000.sgm-921.txt,0.0,count,true,10
reut2-000.sgm-921.txt,0.0,gfidf,false,10
reut2-000.sgm-921.txt,0.0,gfidf,true,10
reut2-000.sgm-921.txt,0.0,idf,false,10
reut2-000.sgm-921.txt,0.0,idf,true,10
reut2-000.sgm-921.txt,0.0,logEntropy,false,10
reut2-000.sgm-921.txt,0.0,logEntropy,true,10
reut2-000.sgm-921.txt,0.0,normal,false,1
reut2-000.sgm-921.txt,0.0,normal,true,4
reut2-000.sgm-921.txt,0.0,tfidf,false,10
reut2-000.sgm-921.txt,0.0,tfidf,true,21
reut2-000.sgm-924.txt,0.0,binary,false,42
reut2-000.sgm-924.txt,0.0,binary,true,42
reut2-000.sgm-924.txt,0.0,count,false,42
reut2-000.sgm-924.txt,0.0,count,true,42
reut2-000.sgm-924.txt,0.0,gfidf,false,42
reut2-000.sgm-924.txt,0.0,gfidf,true,42
reut2-000.sgm-924.txt,0.0,idf,false,42
reut2-000.sgm-924.txt,0.0,idf,true,42
reut2-000.sgm-924.txt,0.0,logEntropy,false,42
reut2-000.sgm-924.txt,0.0,logEntropy,true,42
reut2-000.sgm-924.txt,0.0,normal,false,42
reut2-000.sgm-924.txt,0.0,normal,true,42
reut2-000.sgm-924.txt,0.0,tfidf,false,43
reut2-000.sgm-924.txt,0.0,tfidf,true,42
reut2-000.sgm-925.txt,2.958319555450707,binary,false,1
reut2-000.sgm-925.txt,2.958319555450707,binary,true,0
reut2-000.sgm-925.txt,2.958319555450707,count,false,10
reut2-000.sgm-925.txt,2.958319555450707,count,true,10
reut2-000.sgm-925.txt,2.958319555450707,gfidf,false,0
reut2-000.sgm-925.txt,2.958319555450707,gfidf,true,0
reut2-000.sgm-925.txt,2.958319555450707,idf,false,0
reut2-000.sgm-925.txt,2.958319555450707,idf,true,0
reut2-000.sgm-925.txt,2.958319555450707,logEntropy,false,0
reut2-000.sgm-925.txt,2.958319555450707,logEntropy,true,10
reut2-000.sgm-925.txt,2.958319555450707,normal,false,1
reut2-000.sgm-925.txt,2.958319555450707,normal,true,10
reut2-000.sgm-925.txt,2.958319555450707,tfidf,false,0
reut2-000.sgm-925.txt,2.958319555450707,tfidf,true,0
reut2-000.sgm-941.txt,2.958319555450707,binary,false,1
reut2-000.sgm-941.txt,2.958319555450707,binary,true,0
reut2-000.sgm-941.txt,2.958319555450707,count,false,10
reut2-000.sgm-941.txt,2.958319555450707,count,true,10
reut2-000.sgm-941.txt,2.958319555450707,gfidf,false,0
reut2-000.sgm-941.txt,2.958319555450707,gfidf,true,0
reut2-000.sgm-941.txt,2.958319555450707,idf,false,0
reut2-000.sgm-941.txt,2.958319555450707,idf,true,0
reut2-000.sgm-941.txt,2.958319555450707,logEntropy,false,0
reut2-000.sgm-941.txt,2.958319555450707,logEntropy,true,10
reut2-000.sgm-941.txt,2.958319555450707,normal,false,1
reut2-000.sgm-941.txt,2.958319555450707,normal,true,10
reut2-000.sgm-941.txt,2.958319555450707,tfidf,false,0
reut2-000.sgm-941.txt,2.958319555450707,tfidf,true,0
reut2-000.sgm-949.txt,1.9908014297745866,binary,false,1
reut2-000.sgm-949.txt,1.9908014297745866,binary,true,1
reut2-000.sgm-949.txt,1.9908014297745866,count,false,1
reut2-000.sgm-949.txt,1.9908014297745866,count,true,0
reut2-000.sgm-949.txt,1.9908014297745866,gfidf,false,1
reut2-000.sgm-949.txt,1.9908014297745866,gfidf,true,1
reut2-000.sgm-949.txt,1.9908014297745866,idf,false,1
reut2-000.sgm-949.txt,1.9908014297745866,idf,true,1
reut2-000.sgm-949.txt,1.9908014297745866,logEntropy,false,1
reut2-000.sgm-949.txt,1.9908014297745866,logEntropy,true,1
reut2-000.sgm-949.txt,1.9908014297745866,normal,false,11
reut2-000.sgm-949.txt,1.9908014297745866,normal,true,11
reut2-000.sgm-949.txt,1.9908014297745866,tfidf,false,1
reut2-000.sgm-949.txt,1.9908014297745866,tfidf,true,1
reut2-000.sgm-954.txt,0.0,binary,false,9
reut2-000.sgm-954.txt,0.0,binary,true,9
reut2-000.sgm-954.txt,0.0,count,false,9
reut2-000.sgm-954.txt,0.0,count,true,0
reut2-000.sgm-954.txt,0.0,gfidf,false,9
reut2-000.sgm-954.txt,0.0,gfidf,true,9
reut2-000.sgm-954.txt,0.0,idf,false,9
reut2-000.sgm-954.txt,0.0,idf,true,9
reut2-000.sgm-954.txt,0.0,logEntropy,false,9
reut2-000.sgm-954.txt,0.0,logEntropy,true,9
reut2-000.sgm-954.txt,0.0,normal,false,0
reut2-000.sgm-954.txt,0.0,normal,true,0
reut2-000.sgm-954.txt,0.0,tfidf,false,9
reut2-000.sgm-954.txt,0.0,tfidf,true,6
reut2-000.sgm-959.txt,0.0,binary,false,3
reut2-000.sgm-959.txt,0.0,binary,true,3
reut2-000.sgm-959.txt,0.0,count,false,3
reut2-000.sgm-959.txt,0.0,count,true,3
reut2-000.sgm-959.txt,0.0,gfidf,false,3
reut2-000.sgm-959.txt,0.0,gfidf,true,3
reut2-000.sgm-959.txt,0.0,idf,false,3
reut2-000.sgm-959.txt,0.0,idf,true,3
reut2-000.sgm-959.txt,0.0,logEntropy,false,3
reut2-000.sgm-959.txt,0.0,logEntropy,true,3
reut2-000.sgm-959.txt,0.0,normal,false,3
reut2-000.sgm-959.txt,0.0,normal,true,20
reut2-000.sgm-959.txt,0.0,tfidf,false,3
reut2-000.sgm-959.txt,0.0,tfidf,true,1
reut2-000.sgm-964.txt,0.0,binary,false,14
reut2-000.sgm-964.txt,0.0,binary,true,0
reut2-000.sgm-964.txt,0.0,count,false,14
reut2-000.sgm-964.txt,0.0,count,true,5
reut2-000.sgm-964.txt,0.0,gfidf,false,14
reut2-000.sgm-964.txt,0.0,gfidf,true,14
reut2-000.sgm-964.txt,0.0,idf,false,14
reut2-000.sgm-964.txt,0.0,idf,true,14
reut2-000.sgm-964.txt,0.0,logEntropy,false,14
reut2-000.sgm-964.txt,0.0,logEntropy,true,0
reut2-000.sgm-964.txt,0.0,normal,false,4
reut2-000.sgm-964.txt,0.0,normal,true,4
reut2-000.sgm-964.txt,0.0,tfidf,false,14
reut2-000.sgm-964.txt,0.0,tfidf,true,14
reut2-000.sgm-982.txt,1.9033903060212392,binary,false,1
reut2-000.sgm-982.txt,1.9033903060212392,binary,true,1
reut2-000.sgm-982.txt,1.9033903060212392,count,false,6
reut2-000.sgm-982.txt,1.9033903060212392,count,true,6
reut2-000.sgm-982.txt,1.9033903060212392,gfidf,false,1
reut2-000.sgm-982.txt,1.9033903060212392,gfidf,true,6
reut2-000.sgm-982.txt,1.9033903060212392,idf,false,1
reut2-000.sgm-982.txt,1.9033903060212392,idf,true,1
reut2-000.sgm-982.txt,1.9033903060212392,logEntropy,false,1
reut2-000.sgm-982.txt,1.9033903060212392,logEntropy,true,6
reut2-000.sgm-982.txt,1.9033903060212392,normal,false,1
reut2-000.sgm-982.txt,1.9033903060212392,normal,true,9
reut2-000.sgm-982.txt,1.9033903060212392,tfidf,false,6
reut2-000.sgm-982.txt,1.9033903060212392,tfidf,true,6
reut2-001.sgm-131.txt,0.0,binary,false,11
reut2-001.sgm-131.txt,0.0,binary,true,11
reut2-001.sgm-131.txt,0.0,count,false,1
reut2-001.sgm-131.txt,0.0,count,true,11
reut2-001.sgm-131.txt,0.0,gfidf,false,11
reut2-001.sgm-131.txt,0.0,gfidf,true,1
reut2-001.sgm-131.txt,0.0,idf,false,11
reut2-001.sgm-131.txt,0.0,idf,true,11
reut2-001.sgm-131.txt,0.0,logEntropy,false,11
reut2-001.sgm-131.txt,0.0,logEntropy,true,11
reut2-001.sgm-131.txt,0.0,normal,false,11
reut2-001.sgm-131.txt,0.0,normal,true,11
reut2-001.sgm-131.txt,0.0,tfidf,false,0
reut2-001.sgm-131.txt,0.0,tfidf,true,0
reut2-001.sgm-139.txt,0.0,binary,false,1
reut2-001.sgm-139.txt,0.0,binary,true,8
reut2-001.sgm-139.txt,0.0,count,false,8
reut2-001.sgm-139.txt,0.0,count,true,8
reut2-001.sgm-139.txt,0.0,gfidf,false,1
reut2-001.sgm-139.txt,0.0,gfidf,true,8
reut2-001.sgm-139.txt,0.0,idf,false,5
reut2-001.sgm-139.txt,0.0,idf,true,5
reut2-001.sgm-139.txt,0.0,logEntropy,false,1
reut2-001.sgm-139.txt,0.0,logEntropy,true,8
reut2-001.sgm-139.txt,0.0,normal,false,1
reut2-001.sgm-139.txt,0.0,normal,true,1
reut2-001.sgm-139.txt,0.0,tfidf,false,5
reut2-001.sgm-139.txt,0.0,tfidf,true,5
reut2-001.sgm-18.txt,2.0,binary,false,1
reut2-001.sgm-18.txt,2.0,binary,true,1
reut2-001.sgm-18.txt,2.0,count,false,14
reut2-001.sgm-18.txt,2.0,count,true,16
reut2-001.sgm-18.txt,2.0,gfidf,false,1
reut2-001.sgm-18.txt,2.0,gfidf,true,1
reut2-001.sgm-18.txt,2.0,idf,false,1
reut2-001.sgm-18.txt,2.0,idf,true,1
reut2-001.sgm-18.txt,2.0,logEntropy,false,1
reut2-001.sgm-18.txt,2.0,logEntropy,true,1
reut2-001.sgm-18.txt,2.0,normal,false,1
reut2-001.sgm-18.txt,2.0,normal,true,16
reut2-001.sgm-18.txt,2.0,tfidf,false,1
reut2-001.sgm-18.txt,2.0,tfidf,true,1
reut2-001.sgm-189.txt,0.0,binary,false,12
reut2-001.sgm-189.txt,0.0,binary,true,12
reut2-001.sgm-189.txt,0.0,count,false,0
reut2-001.sgm-189.txt,0.0,count,true,11
reut2-001.sgm-189.txt,0.0,gfidf,false,12
reut2-001.sgm-189.txt,0.0,gfidf,true,12
reut2-001.sgm-189.txt,0.0,idf,false,12
reut2-001.sgm-189.txt,0.0,idf,true,12
reut2-001.sgm-189.txt,0.0,logEntropy,false,0
reut2-001.sgm-189.txt,0.0,logEntropy,true,0
reut2-001.sgm-189.txt,0.0,normal,false,0
reut2-001.sgm-189.txt,0.0,normal,true,12
reut2-001.sgm-189.txt,0.0,tfidf,false,19
reut2-001.sgm-189.txt,0.0,tfidf,true,12
reut2-001.sgm-196.txt,0.0,binary,false,0
reut2-001.sgm-196.txt,0.0,binary,true,0
reut2-001.sgm-196.txt,0.0,count,false,4
reut2-001.sgm-196.txt,0.0,count,true,4
reut2-001.sgm-196.txt,0.0,gfidf,false,11
reut2-001.sgm-196.txt,0.0,gfidf,true,11
reut2-001.sgm-196.txt,0.0,idf,false,11
reut2-001.sgm-196.txt,0.0,idf,true,0
reut2-001.sgm-196.txt,0.0,logEntropy,false,4
reut2-001.sgm-196.txt,0.0,logEntropy,true,4
reut2-001.sgm-196.txt,0.0,normal,false,4
reut2-001.sgm-196.txt,0.0,normal,true,0
reut2-001.sgm-196.txt,0.0,tfidf,false,11
reut2-001.sgm-196.txt,0.0,tfidf,true,11
reut2-001.sgm-212.txt,0.0,binary,false,8
reut2-001.sgm-212.txt,0.0,binary,true,7
reut2-001.sgm-212.txt,0.0,count,false,8
reut2-001.sgm-212.txt,0.0,count,true,7
reut2-001.sgm-212.txt,0.0,gfidf,false,8
reut2-001.sgm-212.txt,0.0,gfidf,true,8
reut2-001.sgm-212.txt,0.0,idf,false,8
reut2-001.sgm-212.txt,0.0,idf,true,7
reut2-001.sgm-212.txt,0.0,logEntropy,false,8
reut2-001.sgm-212.txt,0.0,logEntropy,true,7
reut2-001.sgm-212.txt,0.0,normal,false,8
reut2-001.sgm-212.txt,0.0,normal,true,8
reut2-001.sgm-212.txt,0.0,tfidf,false,8
reut2-001.sgm-212.txt,0.0,tfidf,true,7
reut2-001.sgm-226.txt,0.0,binary,false,19
reut2-001.sgm-226.txt,0.0,binary,true,7
reut2-001.sgm-226.txt,0.0,count,false,7
reut2-001.sgm-226.txt,0.0,count,true,7
reut2-001.sgm-226.txt,0.0,gfidf,false,19
reut2-001.sgm-226.txt,0.0,gfidf,true,7
reut2-001.sgm-226.txt,0.0,idf,false,19
reut2-001.sgm-226.txt,0.0,idf,true,7
reut2-001.sgm-226.txt,0.0,logEntropy,false,7
reut2-001.sgm-226.txt,0.0,logEntropy,true,7
reut2-001.sgm-226.txt,0.0,normal,false,3
reut2-001.sgm-226.txt,0.0,normal,true,3
reut2-001.sgm-226.txt,0.0,tfidf,false,19
reut2-001.sgm-226.txt,0.0,tfidf,true,7
reut2-001.sgm-25.txt,0.0,binary,false,9
reut2-001.sgm-25.txt,0.0,binary,true,9
reut2-001.sgm-25.txt,0.0,count,false,9
reut2-001.sgm-25.txt,0.0,count,true,9
reut2-001.sgm-25.txt,0.0,gfidf,false,9
reut2-001.sgm-25.txt,0.0,gfidf,true,9
reut2-001.sgm-25.txt,0.0,idf,false,9
reut2-001.sgm-25.txt,0.0,idf,true,9
reut2-001.sgm-25.txt,0.0,logEntropy,false,9
reut2-001.sgm-25.txt,0.0,logEntropy,true,9
reut2-001.sgm-25.txt,0.0,normal,false,9
reut2-001.sgm-25.txt,0.0,normal,true,9
reut2-001.sgm-25.txt,0.0,tfidf,false,9
reut2-001.sgm-25.txt,0.0,tfidf,true,9
reut2-001.sgm-251.txt,0.0,binary,false,19
reut2-001.sgm-251.txt,0.0,binary,true,14
reut2-001.sgm-251.txt,0.0,count,false,19
reut2-001.sgm-251.txt,0.0,count,true,19
reut2-001.sgm-251.txt,0.0,gfidf,false,19
reut2-001.sgm-251.txt,0.0,gfidf,true,19
reut2-001.sgm-251.txt,0.0,idf,false,19
reut2-001.sgm-251.txt,0.0,idf,true,19
reut2-001.sgm-251.txt,0.0,logEntropy,false,19
reut2-001.sgm-251.txt,0.0,logEntropy,true,19
reut2-001.sgm-251.txt,0.0,normal,false,14
reut2-001.sgm-251.txt,0.0,normal,true,14
reut2-001.sgm-251.txt,0.0,tfidf,false,19
reut2-001.sgm-251.txt,0.0,tfidf,true,19
reut2-001.sgm-268.txt,0.0,binary,false,12
reut2-001.sgm-268.txt,0.0,binary,true,12
reut2-001.sgm-268.txt,0.0,count,false,12
reut2-001.sgm-268.txt,0.0,count,true,12
reut2-001.sgm-268.txt,0.0,gfidf,false,12
reut2-001.sgm-268.txt,0.0,gfidf,true,12
reut2-001.sgm-268.txt,0.0,idf,false,12
reut2-001.sgm-268.txt,0.0,idf,true,12
reut2-001.sgm-268.txt,0.0,logEntropy,false,12
reut2-001.sgm-268.txt,0.0,logEntropy,true,12
reut2-001.sgm-268.txt,0.0,normal,false,7
reut2-001.sgm-268.txt,0.0,normal,true,7
reut2-001.sgm-268.txt,0.0,tfidf,false,14
reut2-001.sgm-268.txt,0.0,tfidf,true,12
reut2-001.sgm-271.txt,0.0,binary,false,11
reut2-001.sgm-271.txt,0.0,binary,true,11
reut2-001.sgm-271.txt,0.0,count,false,11
reut2-001.sgm-271.txt,0.0,count,true,11
reut2-001.sgm-271.txt,0.0,gfidf,false,11
reut2-001.sgm-271.txt,0.0,gfidf,true,10
reut2-001.sgm-271.txt,0.0,idf,false,11
reut2-001.sgm-271.txt,0.0,idf,true,11
reut2-001.sgm-271.txt,0.0,logEntropy,false,11
reut2-001.sgm-271.txt,0.0,logEntropy,true,10
reut2-001.sgm-271.txt,0.0,normal,false,10
reut2-001.sgm-271.txt,0.0,normal,true,10
reut2-001.sgm-271.txt,0.0,tfidf,false,11
reut2-001.sgm-271.txt,0.0,tfidf,true,11
reut2-001.sgm-274.txt,0.0,binary,false,16
reut2-001.sgm-274.txt,0.0,binary,true,16
reut2-001.sgm-274.txt,0.0,count,false,16
reut2-001.sgm-274.txt,0.0,count,true,16
reut2-001.sgm-274.txt,0.0,gfidf,false,16
reut2-001.sgm-274.txt,0.0,gfidf,true,16
reut2-001.sgm-274.txt,0.0,idf,false,16
reut2-001.sgm-274.txt,0.0,idf,true,16
reut2-001.sgm-274.txt,0.0,logEntropy,false,16
reut2-001.sgm-274.txt,0.0,logEntropy,true,16
reut2-001.sgm-274.txt,0.0,normal,false,20
reut2-001.sgm-274.txt,0.0,normal,true,20
reut2-001.sgm-274.txt,0.0,tfidf,false,16
reut2-001.sgm-274.txt,0.0,tfidf,true,16
reut2-001.sgm-298.txt,0.0,binary,false,9
reut2-001.sgm-298.txt,0.0,binary,true,5
reut2-001.sgm-298.txt,0.0,count,false,9
reut2-001.sgm-298.txt,0.0,count,true,9
reut2-001.sgm-298.txt,0.0,gfidf,false,9
reut2-001.sgm-298.txt,0.0,gfidf,true,9
reut2-001.sgm-298.txt,0.0,idf,false,19
reut2-001.sgm-298.txt,0.0,idf,true,1
reut2-001.sgm-298.txt,0.0,logEntropy,false,9
reut2-001.sgm-298.txt,0.0,logEntropy,true,9
reut2-001.sgm-298.txt,0.0,normal,false,9
reut2-001.sgm-298.txt,0.0,normal,true,9
reut2-001.sgm-298.txt,0.0,tfidf,false,9
reut2-001.sgm-298.txt,0.0,tfidf,true,14
reut2-001.sgm-305.txt,0.0,binary,false,14
reut2-001.sgm-305.txt,0.0,binary,true,11
reut2-001.sgm-305.txt,0.0,count,false,13
reut2-001.sgm-305.txt,0.0,count,true,4
reut2-001.sgm-305.txt,0.0,gfidf,false,14
reut2-001.sgm-305.txt,0.0,gfidf,true,14
reut2-001.sgm-305.txt,0.0,idf,false,14
reut2-001.sgm-305.txt,0.0,idf,true,14
reut2-001.sgm-305.txt,0.0,logEntropy,false,13
reut2-001.sgm-305.txt,0.0,logEntropy,true,14
reut2-001.sgm-305.txt,0.0,normal,false,3
reut2-001.sgm-305.txt,0.0,normal,true,3
reut2-001.sgm-305.txt,0.0,tfidf,false,14
reut2-001.sgm-305.txt,0.0,tfidf,true,14
reut2-001.sgm-311.txt,1.9033903060212392,binary,false,1
reut2-001.sgm-311.txt,1.9033903060212392,binary,true,1
reut2-001.sgm-311.txt,1.9033903060212392,count,false,1
reut2-001.sgm-311.txt,1.9033903060212392,count,true,1
reut2-001.sgm-311.txt,1.9033903060212392,gfidf,false,1
reut2-001.sgm-311.txt,1.9033903060212392,gfidf,true,1
reut2-001.sgm-311.txt,1.9033903060212392,idf,false,1
reut2-001.sgm-311.txt,1.9033903060212392,idf,true,1
reut2-001.sgm-311.txt,1.9033903060212392,logEntropy,false,1
reut2-001.sgm-311.txt,1.9033903060212392,logEntropy,true,1
reut2-001.sgm-311.txt,1.9033903060212392,normal,false,1
reut2-001.sgm-311.txt,1.9033903060212392,normal,true,16
reut2-001.sgm-311.txt,1.9033903060212392,tfidf,false,24
reut2-001.sgm-311.txt,1.9033903060212392,tfidf,true,1
reut2-001.sgm-352.txt,0.0,binary,false,2
reut2-001.sgm-352.txt,0.0,binary,true,5
reut2-001.sgm-352.txt,0.0,count,false,10
reut2-001.sgm-352.txt,0.0,count,true,10
reut2-001.sgm-352.txt,0.0,gfidf,false,5
reut2-001.sgm-352.txt,0.0,gfidf,true,5
reut2-001.sgm-352.txt,0.0,idf,false,8
reut2-001.sgm-352.txt,0.0,idf,true,8
reut2-001.sgm-352.txt,0.0,logEntropy,false,5
reut2-001.sgm-352.txt,0.0,logEntropy,true,10
reut2-001.sgm-352.txt,0.0,normal,false,12
reut2-001.sgm-352.txt,0.0,normal,true,12
reut2-001.sgm-352.txt,0.0,tfidf,false,8
reut2-001.sgm-352.txt,0.0,tfidf,true,8
reut2-001.sgm-356.txt,0.0,binary,false,10
reut2-001.sgm-356.txt,0.0,binary,true,10
reut2-001.sgm-356.txt,0.0,count,false,10
reut2-001.sgm-356.txt,0.0,count,true,10
reut2-001.sgm-356.txt,0.0,gfidf,false,10
reut2-001.sgm-356.txt,0.0,gfidf,true,10
reut2-001.sgm-356.txt,0.0,idf,false,10
reut2-001.sgm-356.txt,0.0,idf,true,10
reut2-001.sgm-356.txt,0.0,logEntropy,false,10
reut2-001.sgm-356.txt,0.0,logEntropy,true,10
reut2-001.sgm-356.txt,0.0,normal,false,11
reut2-001.sgm-356.txt,0.0,normal,true,11
reut2-001.sgm-356.txt,0.0,tfidf,false,10
reut2-001.sgm-356.txt,0.0,tfidf,true,10
reut2-001.sgm-368.txt,0.0,binary,false,7
reut2-001.sgm-368.txt,0.0,binary,true,12
reut2-001.sgm-368.txt,0.0,count,false,12
reut2-001.sgm-368.txt,0.0,count,true,12
reut2-001.sgm-368.txt,0.0,gfidf,false,12
reut2-001.sgm-368.txt,0.0,gfidf,true,12
reut2-001.sgm-368.txt,0.0,idf,false,7
reut2-001.sgm-368.txt,0.0,idf,true,4
reut2-001.sgm-368.txt,0.0,logEntropy,false,12
reut2-001.sgm-368.txt,0.0,logEntropy,true,12
reut2-001.sgm-368.txt,0.0,normal,false,12
reut2-001.sgm-368.txt,0.0,normal,true,12
reut2-001.sgm-368.txt,0.0,tfidf,false,4
reut2-001.sgm-368.txt,0.0,tfidf,true,4
reut2-001.sgm-379.txt,0.0,binary,false,14
reut2-001.sgm-379.txt,0.0,binary,true,14
reut2-001.sgm-379.txt,0.0,count,false,15
reut2-001.sgm-379.txt,0.0,count,true,15
reut2-001.sgm-379.txt,0.0,gfidf,false,15
reut2-001.sgm-379.txt,0.0,gfidf,true,15
reut2-001.sgm-379.txt,0.0,idf,false,14
reut2-001.sgm-379.txt,0.0,idf,true,14
reut2-001.sgm-379.txt,0.0,logEntropy,false,15
reut2-001.sgm-379.txt,0.0,logEntropy,true,14
reut2-001.sgm-379.txt,0.0,normal,false,14
reut2-001.sgm-379.txt,0.0,normal,true,14
reut2-001.sgm-379.txt,0.0,tfidf,false,15
reut2-001.sgm-379.txt,0.0,tfidf,true,15
reut2-001.sgm-40.txt,0.0,binary,false,16
reut2-001.sgm-40.txt,0.0,binary,true,16
reut2-001.sgm-40.txt,0.0,count,false,16
reut2-001.sgm-40.txt,0.0,count,true,16
reut2-001.sgm-40.txt,0.0,gfidf,false,16
reut2-001.sgm-40.txt,0.0,gfidf,true,16
reut2-001.sgm-40.txt,0.0,idf,false,16
reut2-001.sgm-40.txt,0.0,idf,true,16
reut2-001.sgm-40.txt,0.0,logEntropy,false,16
reut2-001.sgm-40.txt,0.0,logEntropy,true,16
reut2-001.sgm-40.txt,0.0,normal,false,9
reut2-001.sgm-40.txt,0.0,normal,true,9
reut2-001.sgm-40.txt,0.0,tfidf,false,16
reut2-001.sgm-40.txt,0.0,tfidf,true,16
reut2-001.sgm-407.txt,0.0,binary,false,26
reut2-001.sgm-407.txt,0.0,binary,true,0
reut2-001.sgm-407.txt,0.0,count,false,0
reut2-001.sgm-407.txt,0.0,count,true,0
reut2-001.sgm-407.txt,0.0,gfidf,false,26
reut2-001.sgm-407.txt,0.0,gfidf,true,0
reut2-001.sgm-407.txt,0.0,idf,false,26
reut2-001.sgm-407.txt,0.0,idf,true,26
reut2-001.sgm-407.txt,0.0,logEntropy,false,0
reut2-001.sgm-407.txt,0.0,logEntropy,true,0
reut2-001.sgm-407.txt,0.0,normal,false,0
reut2-001.sgm-407.txt,0.0,normal,true,0
reut2-001.sgm-407.txt,0.0,tfidf,false,13
reut2-001.sgm-407.txt,0.0,tfidf,true,6
reut2-001.sgm-420.txt,0.0,binary,false,8
reut2-001.sgm-420.txt,0.0,binary,true,0
reut2-001.sgm-420.txt,0.0,count,false,0
reut2-001.sgm-420.txt,0.0,count,true,0
reut2-001.sgm-420.txt,0.0,gfidf,false,0
reut2-001.sgm-420.txt,0.0,gfidf,true,0
reut2-001.sgm-420.txt,0.0,idf,false,8
reut2-001.sgm-420.txt,0.0,idf,true,10
reut2-001.sgm-420.txt,0.0,logEntropy,false,8
reut2-001.sgm-420.txt,0.0,logEntropy,true,0
reut2-001.sgm-420.txt,0.0,normal,false,8
reut2-001.sgm-420.txt,0.0,normal,true,0
reut2-001.sgm-420.txt,0.0,tfidf,false,0
reut2-001.sgm-420.txt,0.0,tfidf,true,0
reut2-001.sgm-455.txt,0.0,binary,false,0
reut2-001.sgm-455.txt,0.0,binary,true,7
reut2-001.sgm-455.txt,0.0,count,false,7
reut2-001.sgm-455.txt,0.0,count,true,7
reut2-001.sgm-455.txt,0.0,gfidf,false,7
reut2-001.sgm-455.txt,0.0,gfidf,true,7
reut2-001.sgm-455.txt,0.0,idf,false,10
reut2-001.sgm-455.txt,0.0,idf,true,7
reut2-001.sgm-455.txt,0.0,logEntropy,false,7
reut2-001.sgm-455.txt,0.0,logEntropy,true,7
reut2-001.sgm-455.txt,0.0,normal,false,7
reut2-001.sgm-455.txt,0.0,normal,true,7
reut2-001.sgm-455.txt,0.0,tfidf,false,7
reut2-001.sgm-455.txt,0.0,tfidf,true,7
reut2-001.sgm-458.txt,0.0,binary,false,18
reut2-001.sgm-458.txt,0.0,binary,true,10
reut2-001.sgm-458.txt,0.0,count,false,4
reut2-001.sgm-458.txt,0.0,count,true,4
reut2-001.sgm-458.txt,0.0,gfidf,false,0
reut2-001.sgm-458.txt,0.0,gfidf,true,0
reut2-001.sgm-458.txt,0.0,idf,false,10
reut2-001.sgm-458.txt,0.0,idf,true,10
reut2-001.sgm-458.txt,0.0,logEntropy,false,4
reut2-001.sgm-458.txt,0.0,logEntropy,true,4
reut2-001.sgm-458.txt,0.0,normal,false,8
reut2-001.sgm-458.txt,0.0,normal,true,8
reut2-001.sgm-458.txt,0.0,tfidf,false,10
reut2-001.sgm-458.txt,0.0,tfidf,true,10
reut2-001.sgm-477.txt,2.6918003852647123,binary,false,0
reut2-001.sgm-477.txt,2.6918003852647123,binary,true,0
reut2-001.sgm-477.txt,2.6918003852647123,count,false,5
reut2-001.sgm-477.txt,2.6918003852647123,count,true,5
reut2-001.sgm-477.txt,2.6918003852647123,gfidf,false,0
reut2-001.sgm-477.txt,2.6918003852647123,gfidf,true,0
reut2-001.sgm-477.txt,2.6918003852647123,idf,false,0
reut2-001.sgm-477.txt,2.6918003852647123,idf,true,0
reut2-001.sgm-477.txt,2.6918003852647123,logEntropy,false,5
reut2-001.sgm-477.txt,2.6918003852647123,logEntropy,true,0
reut2-001.sgm-477.txt,2.6918003852647123,normal,false,0
reut2-001.sgm-477.txt,2.6918003852647123,normal,true,0
reut2-001.sgm-477.txt,2.6918003852647123,tfidf,false,5
reut2-001.sgm-477.txt,2.6918003852647123,tfidf,true,5
reut2-001.sgm-490.txt,0.0,binary,false,6
reut2-001.sgm-490.txt,0.0,binary,true,6
reut2-001.sgm-490.txt,0.0,count,false,6
reut2-001.sgm-490.txt,0.0,count,true,12
reut2-001.sgm-490.txt,0.0,gfidf,false,6
reut2-001.sgm-490.txt,0.0,gfidf,true,12
reut2-001.sgm-490.txt,0.0,idf,false,6
reut2-001.sgm-490.txt,0.0,idf,true,6
reut2-001.sgm-490.txt,0.0,logEntropy,false,6
reut2-001.sgm-490.txt,0.0,logEntropy,true,12
reut2-001.sgm-490.txt,0.0,normal,false,12
reut2-001.sgm-490.txt,0.0,normal,true,12
reut2-001.sgm-490.txt,0.0,tfidf,false,6
reut2-001.sgm-490.txt,0.0,tfidf,true,6
reut2-001.sgm-497.txt,1.8114473285278132,binary,false,1
reut2-001.sgm-497.txt,1.8114473285278132,binary,true,1
reut2-001.sgm-497.txt,1.8114473285278132,count,false,2
reut2-001.sgm-497.txt,1.8114473285278132,count,true,2
reut2-001.sgm-497.txt,1.8114473285278132,gfidf,false,2
reut2-001.sgm-497.txt,1.8114473285278132,gfidf,true,1
reut2-001.sgm-497.txt,1.8114473285278132,idf,false,1
reut2-001.sgm-497.txt,1.8114473285278132,idf,true,1
reut2-001.sgm-497.txt,1.8114473285278132,logEntropy,false,2
reut2-001.sgm-497.txt,1.8114473285278132,logEntropy,true,1
reut2-001.sgm-497.txt,1.8114473285278132,normal,false,5
reut2-001.sgm-497.txt,1.8114473285278132,normal,true,5
reut2-001.sgm-497.txt,1.8114473285278132,tfidf,false,2
reut2-001.sgm-497.txt,1.8114473285278132,tfidf,true,1
reut2-001.sgm-500.txt,0.0,binary,false,3
reut2-001.sgm-500.txt,0.0,binary,true,3
reut2-001.sgm-500.txt,0.0,count,false,6
reut2-001.sgm-500.txt,0.0,count,true,6
reut2-001.sgm-500.txt,0.0,gfidf,false,3
reut2-001.sgm-500.txt,0.0,gfidf,true,3
reut2-001.sgm-500.txt,0.0,idf,false,11
reut2-001.sgm-500.txt,0.0,idf,true,11
reut2-001.sgm-500.txt,0.0,logEntropy,false,6
reut2-001.sgm-500.txt,0.0,logEntropy,true,6
reut2-001.sgm-500.txt,0.0,normal,false,3
reut2-001.sgm-500.txt,0.0,normal,true,3
reut2-001.sgm-500.txt,0.0,tfidf,false,11
reut2-001.sgm-500.txt,0.0,tfidf,true,11
reut2-001.sgm-534.txt,0.0,binary,false,7
reut2-001.sgm-534.txt,0.0,binary,true,7
reut2-001.sgm-534.txt,0.0,count,false,7
reut2-001.sgm-534.txt,0.0,count,true,19
reut2-001.sgm-534.txt,0.0,gfidf,false,7
reut2-001.sgm-534.txt,0.0,gfidf,true,7
reut2-001.sgm-534.txt,0.0,idf,false,7
reut2-001.sgm-534.txt,0.0,idf,true,7
reut2-001.sgm-534.txt,0.0,logEntropy,false,7
reut2-001.sgm-534.txt,0.0,logEntropy,true,7
reut2-001.sgm-534.txt,0.0,normal,false,0
reut2-001.sgm-534.txt,0.0,normal,true,0
reut2-001.sgm-534.txt,0.0,tfidf,false,7
reut2-001.sgm-534.txt,0.0,tfidf,true,23
reut2-001.sgm-538.txt,0.0,binary,false,22
reut2-001.sgm-538.txt,0.0,binary,true,22
reut2-001.sgm-538.txt,0.0,count,false,8
reut2-001.sgm-538.txt,0.0,count,true,8
reut2-001.sgm-538.txt,0.0,gfidf,false,8
reut2-001.sgm-538.txt,0.0,gfidf,true,22
reut2-001.sgm-538.txt,0.0,idf,false,22
reut2-001.sgm-538.txt,0.0,idf,true,22
reut2-001.sgm-538.txt,0.0,logEntropy,false,8
reut2-001.sgm-538.txt,0.0,logEntropy,true,8
reut2-001.sgm-538.txt,0.0,normal,false,8
reut2-001.sgm-538.txt,0.0,normal,true,14
reut2-001.sgm-538.txt,0.0,tfidf,false,22
reut2-001.sgm-538.txt,0.0,tfidf,true,22
reut2-001.sgm-539.txt,0.0,binary,false,1
reut2-001.sgm-539.txt,0.0,binary,true,1
reut2-001.sgm-539.txt,0.0,count,false,14
reut2-001.sgm-539.txt,0.0,count,true,4
reut2-001.sgm-539.txt,0.0,gfidf,false,14
reut2-001.sgm-539.txt,0.0,gfidf,true,1
reut2-001.sgm-539.txt,0.0,idf,false,14
reut2-001.sgm-539.txt,0.0,idf,true,4
reut2-001.sgm-539.txt,0.0,logEntropy,false,14
reut2-001.sgm-539.txt,0.0,logEntropy,true,1
reut2-001.sgm-539.txt,0.0,normal,false,1
reut2-001.sgm-539.txt,0.0,normal,true,1
reut2-001.sgm-539.txt,0.0,tfidf,false,14
reut2-001.sgm-539.txt,0.0,tfidf,true,4
reut2-001.sgm-552.txt,0.0,binary,false,5
reut2-001.sgm-552.txt,0.0,binary,true,4
reut2-001.sgm-552.txt,0.0,count,false,5
reut2-001.sgm-552.txt,0.0,count,true,7
reut2-001.sgm-552.txt,0.0,gfidf,false,5
reut2-001.sgm-552.txt,0.0,gfidf,true,4
reut2-001.sgm-552.txt,0.0,idf,false,14
reut2-001.sgm-552.txt,0.0,idf,true,0
reut2-001.sgm-552.txt,0.0,logEntropy,false,5
reut2-001.sgm-552.txt,0.0,logEntropy,true,7
reut2-001.sgm-552.txt,0.0,normal,false,5
reut2-001.sgm-552.txt,0.0,normal,true,4
reut2-001.sgm-552.txt,0.0,tfidf,false,0
reut2-001.sgm-552.txt,0.0,tfidf,true,17
reut2-001.sgm-556.txt,3.622894657055627,binary,false,0
reut2-001.sgm-556.txt,3.622894657055627,binary,true,0
reut2-001.sgm-556.txt,3.622894657055627,count,false,3
reut2-001.sgm-556.txt,3.622894657055627,count,true,0
reut2-001.sgm-556.txt,3.622894657055627,gfidf,false,0
reut2-001.sgm-556.txt,3.622894657055627,gfidf,true,0
reut2-001.sgm-556.txt,3.622894657055627,idf,false,0
reut2-001.sgm-556.txt,3.622894657055627,idf,true,0
reut2-001.sgm-556.txt,3.622894657055627,logEntropy,false,3
reut2-001.sgm-556.txt,3.622894657055627,logEntropy,true,0
reut2-001.sgm-556.txt,3.622894657055627,normal,false,0
reut2-001.sgm-556.txt,3.622894657055627,normal,true,0
reut2-001.sgm-556.txt,3.622894657055627,tfidf,false,0
reut2-001.sgm-556.txt,3.622894657055627,tfidf,true,0
reut2-001.sgm-559.txt,0.0,binary,false,11
reut2-001.sgm-559.txt,0.0,binary,true,10
reut2-001.sgm-559.txt,0.0,count,false,10
reut2-001.sgm-559.txt,0.0,count,true,10
reut2-001.sgm-559.txt,0.0,gfidf,false,10
reut2-001.sgm-559.txt,0.0,gfidf,true,10
reut2-001.sgm-559.txt,0.0,idf,false,11
reut2-001.sgm-559.txt,0.0,idf,true,10
reut2-001.sgm-559.txt,0.0,logEntropy,false,10
reut2-001.sgm-559.txt,0.0,logEntropy,true,10
reut2-001.sgm-559.txt,0.0,normal,false,2
reut2-001.sgm-559.txt,0.0,normal,true,10
reut2-001.sgm-559.txt,0.0,tfidf,false,6
reut2-001.sgm-559.txt,0.0,tfidf,true,10
reut2-001.sgm-578.txt,0.0,binary,false,17
reut2-001.sgm-578.txt,0.0,binary,true,17
reut2-001.sgm-578.txt,0.0,count,false,7
reut2-001.sgm-578.txt,0.0,count,true,7
reut2-001.sgm-578.txt,0.0,gfidf,false,7
reut2-001.sgm-578.txt,0.0,gfidf,true,7
reut2-001.sgm-578.txt,0.0,idf,false,7
reut2-001.sgm-578.txt,0.0,idf,true,4
reut2-001.sgm-578.txt,0.0,logEntropy,false,7
reut2-001.sgm-578.txt,0.0,logEntropy,true,7
reut2-001.sgm-578.txt,0.0,normal,false,17
reut2-001.sgm-578.txt,0.0,normal,true,17
reut2-001.sgm-578.txt,0.0,tfidf,false,7
reut2-001.sgm-578.txt,0.0,tfidf,true,7
reut2-001.sgm-581.txt,0.0,binary,false,3
reut2-001.sgm-581.txt,0.0,binary,true,3
reut2-001.sgm-581.txt,0.0,count,false,14
reut2-001.sgm-581.txt,0.0,count,true,3
reut2-001.sgm-581.txt,0.0,gfidf,false,10
reut2-001.sgm-581.txt,0.0,gfidf,true,3
reut2-001.sgm-581.txt,0.0,idf,false,4
reut2-001.sgm-581.txt,0.0,idf,true,4
reut2-001.sgm-581.txt,0.0,logEntropy,false,14
reut2-001.sgm-581.txt,0.0,logEntropy,true,3
reut2-001.sgm-581.txt,0.0,normal,false,10
reut2-001.sgm-581.txt,0.0,normal,true,3
reut2-001.sgm-581.txt,0.0,tfidf,false,4
reut2-001.sgm-581.txt,0.0,tfidf,true,4
reut2-001.sgm-610.txt,2.101513277306439,binary,false,6
reut2-001.sgm-610.txt,2.101513277306439,binary,true,0
reut2-001.sgm-610.txt,2.101513277306439,count,false,6
reut2-001.sgm-610.txt,2.101513277306439,count,true,7
reut2-001.sgm-610.txt,2.101513277306439,gfidf,false,6
reut2-001.sgm-610.txt,2.101513277306439,gfidf,true,0
reut2-001.sgm-610.txt,2.101513277306439,idf,false,6
reut2-001.sgm-610.txt,2.101513277306439,idf,true,0
reut2-001.sgm-610.txt,2.101513277306439,logEntropy,false,6
reut2-001.sgm-610.txt,2.101513277306439,logEntropy,true,7
reut2-001.sgm-610.txt,2.101513277306439,normal,false,4
reut2-001.sgm-610.txt,2.101513277306439,normal,true,0
reut2-001.sgm-610.txt,2.101513277306439,tfidf,false,6
reut2-001.sgm-610.txt,2.101513277306439,tfidf,true,0
reut2-001.sgm-615.txt,0.0,binary,false,11
reut2-001.sgm-615.txt,0.0,binary,true,11
reut2-001.sgm-615.txt,0.0,count,false,4
reut2-001.sgm-615.txt,0.0,count,true,11
reut2-001.sgm-615.txt,0.0,gfidf,false,11
reut2-001.sgm-615.txt,0.0,gfidf,true,11
reut2-001.sgm-615.txt,0.0,idf,false,11
reut2-001.sgm-615.txt,0.0,idf,true,11
reut2-001.sgm-615.txt,0.0,logEntropy,false,4
reut2-001.sgm-615.txt,0.0,logEntropy,true,11
reut2-001.sgm-615.txt,0.0,normal,false,1
reut2-001.sgm-615.txt,0.0,normal,true,1
reut2-001.sgm-615.txt,0.0,tfidf,false,11
reut2-001.sgm-615.txt,0.0,tfidf,true,11
reut2-001.sgm-681.txt,3.8067806120424774,binary,false,0
reut2-001.sgm-681.txt,3.8067806120424774,binary,true,0
reut2-001.sgm-681.txt,3.8067806120424774,count,false,0
reut2-001.sgm-681.txt,3.8067806120424774,count,true,0
reut2-001.sgm-681.txt,3.8067806120424774,gfidf,false,0
reut2-001.sgm-681.txt,3.8067806120424774,gfidf,true,0
reut2-001.sgm-681.txt,3.8067806120424774,idf,false,0
reut2-001.sgm-681.txt,3.8067806120424774,idf,true,0
reut2-001.sgm-681.txt,3.8067806120424774,logEntropy,false,0
reut2-001.sgm-681.txt,3.8067806120424774,logEntropy,true,0
reut2-001.sgm-681.txt,3.8067806120424774,normal,false,0
reut2-001.sgm-681.txt,3.8067806120424774,normal,true,0
reut2-001.sgm-681.txt,3.8067806120424774,tfidf,false,0
reut2-001.sgm-681.txt,3.8067806120424774,tfidf,true,10
reut2-001.sgm-684.txt,0.0,binary,false,5
reut2-001.sgm-684.txt,0.0,binary,true,27
reut2-001.sgm-684.txt,0.0,count,false,8
reut2-001.sgm-684.txt,0.0,count,true,8
reut2-001.sgm-684.txt,0.0,gfidf,false,5
reut2-001.sgm-684.txt,0.0,gfidf,true,8
reut2-001.sgm-684.txt,0.0,idf,false,27
reut2-001.sgm-684.txt,0.0,idf,true,27
reut2-001.sgm-684.txt,0.0,logEntropy,false,8
reut2-001.sgm-684.txt,0.0,logEntropy,true,8
reut2-001.sgm-684.txt,0.0,normal,false,5
reut2-001.sgm-684.txt,0.0,normal,true,5
reut2-001.sgm-684.txt,0.0,tfidf,false,27
reut2-001.sgm-684.txt,0.0,tfidf,true,27
reut2-001.sgm-717.txt,0.0,binary,false,4
reut2-001.sgm-717.txt,0.0,binary,true,0
reut2-001.sgm-717.txt,0.0,count,false,4
reut2-001.sgm-717.txt,0.0,count,true,4
reut2-001.sgm-717.txt,0.0,gfidf,false,4
reut2-001.sgm-717.txt,0.0,gfidf,true,4
reut2-001.sgm-717.txt,0.0,idf,false,4
reut2-001.sgm-717.txt,0.0,idf,true,4
reut2-001.sgm-717.txt,0.0,logEntropy,false,4
reut2-001.sgm-717.txt,0.0,logEntropy,true,4
reut2-001.sgm-717.txt,0.0,normal,false,11
reut2-001.sgm-717.txt,0.0,normal,true,4
reut2-001.sgm-717.txt,0.0,tfidf,false,0
reut2-001.sgm-717.txt,0.0,tfidf,true,4
reut2-001.sgm-723.txt,0.0,binary,false,4
reut2-001.sgm-723.txt,0.0,binary,true,4
reut2-001.sgm-723.txt,0.0,count,false,2
reut2-001.sgm-723.txt,0.0,count,true,7
reut2-001.sgm-723.txt,0.0,gfidf,false,4
reut2-001.sgm-723.txt,0.0,gfidf,true,7
reut2-001.sgm-723.txt,0.0,idf,false,4
reut2-001.sgm-723.txt,0.0,idf,true,7
reut2-001.sgm-723.txt,0.0,logEntropy,false,2
reut2-001.sgm-723.txt,0.0,logEntropy,true,7
reut2-001.sgm-723.txt,0.0,normal,false,2
reut2-001.sgm-723.txt,0.0,normal,true,1
reut2-001.sgm-723.txt,0.0,tfidf,false,7
reut2-001.sgm-723.txt,0.0,tfidf,true,7
reut2-001.sgm-729.txt,1.8114473285278132,binary,false,1
reut2-001.sgm-729.txt,1.8114473285278132,binary,true,1
reut2-001.sgm-729.txt,1.8114473285278132,count,false,7
reut2-001.sgm-729.txt,1.8114473285278132,count,true,11
reut2-001.sgm-729.txt,1.8114473285278132,gfidf,false,1
reut2-001.sgm-729.txt,1.8114473285278132,gfidf,true,1
reut2-001.sgm-729.txt,1.8114473285278132,idf,false,1
reut2-001.sgm-729.txt,1.8114473285278132,idf,true,1
reut2-001.sgm-729.txt,1.8114473285278132,logEntropy,false,11
reut2-001.sgm-729.txt,1.8114473285278132,logEntropy,true,11
reut2-001.sgm-729.txt,1.8114473285278132,normal,false,1
reut2-001.sgm-729.txt,1.8114473285278132,normal,true,1
reut2-001.sgm-729.txt,1.8114473285278132,tfidf,false,5
reut2-001.sgm-729.txt,1.8114473285278132,tfidf,true,5
reut2-001.sgm-732.txt,0.0,binary,false,6
reut2-001.sgm-732.txt,0.0,binary,true,6
reut2-001.sgm-732.txt,0.0,count,false,6
reut2-001.sgm-732.txt,0.0,count,true,6
reut2-001.sgm-732.txt,0.0,gfidf,false,6
reut2-001.sgm-732.txt,0.0,gfidf,true,6
reut2-001.sgm-732.txt,0.0,idf,false,6
reut2-001.sgm-732.txt,0.0,idf,true,6
reut2-001.sgm-732.txt,0.0,logEntropy,false,6
reut2-001.sgm-732.txt,0.0,logEntropy,true,6
reut2-001.sgm-732.txt,0.0,normal,false,1
reut2-001.sgm-732.txt,0.0,normal,true,1
reut2-001.sgm-732.txt,0.0,tfidf,false,6
reut2-001.sgm-732.txt,0.0,tfidf,true,6
reut2-001.sgm-745.txt,0.0,binary,false,6
reut2-001.sgm-745.txt,0.0,binary,true,6
reut2-001.sgm-745.txt,0.0,count,false,6
reut2-001.sgm-745.txt,0.0,count,true,6
reut2-001.sgm-745.txt,0.0,gfidf,false,6
reut2-001.sgm-745.txt,0.0,gfidf,true,6
reut2-001.sgm-745.txt,0.0,idf,false,6
reut2-001.sgm-745.txt,0.0,idf,true,6
reut2-001.sgm-745.txt,0.0,logEntropy,false,6
reut2-001.sgm-745.txt,0.0,logEntropy,true,0
reut2-001.sgm-745.txt,0.0,normal,false,0
reut2-001.sgm-745.txt,0.0,normal,true,0
reut2-001.sgm-745.txt,0.0,tfidf,false,6
reut2-001.sgm-745.txt,0.0,tfidf,true,6
reut2-001.sgm-776.txt,0.0,binary,false,8
reut2-001.sgm-776.txt,0.0,binary,true,2
reut2-001.sgm-776.txt,0.0,count,false,15
reut2-001.sgm-776.txt,0.0,count,true,8
reut2-001.sgm-776.txt,0.0,gfidf,false,2
reut2-001.sgm-776.txt,0.0,gfidf,true,2
reut2-001.sgm-776.txt,0.0,idf,false,8
reut2-001.sgm-776.txt,0.0,idf,true,8
reut2-001.sgm-776.txt,0.0,logEntropy,false,2
reut2-001.sgm-776.txt,0.0,logEntropy,true,2
reut2-001.sgm-776.txt,0.0,normal,false,2
reut2-001.sgm-776.txt,0.0,normal,true,2
reut2-001.sgm-776.txt,0.0,tfidf,false,8
reut2-001.sgm-776.txt,0.0,tfidf,true,8
reut2-001.sgm-785.txt,2.598526445218819,binary,false,1
reut2-001.sgm-785.txt,2.598526445218819,binary,true,1
reut2-001.sgm-785.txt,2.598526445218819,count,false,1
reut2-001.sgm-785.txt,2.598526445218819,count,true,1
reut2-001.sgm-785.txt,2.598526445218819,gfidf,false,1
reut2-001.sgm-785.txt,2.598526445218819,gfidf,true,1
reut2-001.sgm-785.txt,2.598526445218819,idf,false,0
reut2-001.sgm-785.txt,2.598526445218819,idf,true,0
reut2-001.sgm-785.txt,2.598526445218819,logEntropy,false,1
reut2-001.sgm-785.txt,2.598526445218819,logEntropy,true,1
reut2-001.sgm-785.txt,2.598526445218819,normal,false,1
reut2-001.sgm-785.txt,2.598526445218819,normal,true,1
reut2-001.sgm-785.txt,2.598526445218819,tfidf,false,0
reut2-001.sgm-785.txt,2.598526445218819,tfidf,true,0
reut2-001.sgm-807.txt,0.0,binary,false,5
reut2-001.sgm-807.txt,0.0,binary,true,5
reut2-001.sgm-807.txt,0.0,count,false,5
reut2-001.sgm-807.txt,0.0,count,true,5
reut2-001.sgm-807.txt,0.0,gfidf,false,5
reut2-001.sgm-807.txt,0.0,gfidf,true,5
reut2-001.sgm-807.txt,0.0,idf,false,5
reut2-001.sgm-807.txt,0.0,idf,true,5
reut2-001.sgm-807.txt,0.0,logEntropy,false,5
reut2-001.sgm-807.txt,0.0,logEntropy,true,5
reut2-001.sgm-807.txt,0.0,normal,false,5
reut2-001.sgm-807.txt,0.0,normal,true,5
reut2-001.sgm-807.txt,0.0,tfidf,false,5
reut2-001.sgm-807.txt,0.0,tfidf,true,5
reut2-001.sgm-808.txt,1.8114473285278132,binary,false,18
reut2-001.sgm-808.txt,1.8114473285278132,binary,true,18
reut2-001.sgm-808.txt,1.8114473285278132,count,false,1
reut2-001.sgm-808.txt,1.8114473285278132,count,true,1
reut2-001.sgm-808.txt,1.8114473285278132,gfidf,false,1
reut2-001.sgm-808.txt,1.8114473285278132,gfidf,true,1
reut2-001.sgm-808.txt,1.8114473285278132,idf,false,18
reut2-001.sgm-808.txt,1.8114473285278132,idf,true,18
reut2-001.sgm-808.txt,1.8114473285278132,logEntropy,false,1
reut2-001.sgm-808.txt,1.8114473285278132,logEntropy,true,1
reut2-001.sgm-808.txt,1.8114473285278132,normal,false,1
reut2-001.sgm-808.txt,1.8114473285278132,normal,true,1
reut2-001.sgm-808.txt,1.8114473285278132,tfidf,false,18
reut2-001.sgm-808.txt,1.8114473285278132,tfidf,true,1
reut2-001.sgm-824.txt,1.640670712015276,binary,false,5
reut2-001.sgm-824.txt,1.640670712015276,binary,true,5
reut2-001.sgm-824.txt,1.640670712015276,count,false,5
reut2-001.sgm-824.txt,1.640670712015276,count,true,5
reut2-001.sgm-824.txt,1.640670712015276,gfidf,false,5
reut2-001.sgm-824.txt,1.640670712015276,gfidf,true,5
reut2-001.sgm-824.txt,1.640670712015276,idf,false,5
reut2-001.sgm-824.txt,1.640670712015276,idf,true,5
reut2-001.sgm-824.txt,1.640670712015276,logEntropy,false,5
reut2-001.sgm-824.txt,1.640670712015276,logEntropy,true,5
reut2-001.sgm-824.txt,1.640670712015276,normal,false,6
reut2-001.sgm-824.txt,1.640670712015276,normal,true,1
reut2-001.sgm-824.txt,1.640670712015276,tfidf,false,5
reut2-001.sgm-824.txt,1.640670712015276,tfidf,true,5
reut2-001.sgm-835.txt,1.9033903060212392,binary,false,35
reut2-001.sgm-835.txt,1.9033903060212392,binary,true,35
reut2-001.sgm-835.txt,1.9033903060212392,count,false,0
reut2-001.sgm-835.txt,1.9033903060212392,count,true,0
reut2-001.sgm-835.txt,1.9033903060212392,gfidf,false,5
reut2-001.sgm-835.txt,1.9033903060212392,gfidf,true,39
reut2-001.sgm-835.txt,1.9033903060212392,idf,false,35
reut2-001.sgm-835.txt,1.9033903060212392,idf,true,35
reut2-001.sgm-835.txt,1.9033903060212392,logEntropy,false,0
reut2-001.sgm-835.txt,1.9033903060212392,logEntropy,true,0
reut2-001.sgm-835.txt,1.9033903060212392,normal,false,5
reut2-001.sgm-835.txt,1.9033903060212392,normal,true,5
reut2-001.sgm-835.txt,1.9033903060212392,tfidf,false,35
reut2-001.sgm-835.txt,1.9033903060212392,tfidf,true,39
reut2-001.sgm-853.txt,0.0,binary,false,13
reut2-001.sgm-853.txt,0.0,binary,true,13
reut2-001.sgm-853.txt,0.0,count,false,13
reut2-001.sgm-853.txt,0.0,count,true,13
reut2-001.sgm-853.txt,0.0,gfidf,false,13
reut2-001.sgm-853.txt,0.0,gfidf,true,13
reut2-001.sgm-853.txt,0.0,idf,false,13
reut2-001.sgm-853.txt,0.0,idf,true,13
reut2-001.sgm-853.txt,0.0,logEntropy,false,13
reut2-001.sgm-853.txt,0.0,logEntropy,true,13
reut2-001.sgm-853.txt,0.0,normal,false,3
reut2-001.sgm-853.txt,0.0,normal,true,3
reut2-001.sgm-853.txt,0.0,tfidf,false,13
reut2-001.sgm-853.txt,0.0,tfidf,true,13
reut2-001.sgm-859.txt,0.0,binary,false,2
reut2-001.sgm-859.txt,0.0,binary,true,15
reut2-001.sgm-859.txt,0.0,count,false,15
reut2-001.sgm-859.txt,0.0,count,true,15
reut2-001.sgm-859.txt,0.0,gfidf,false,2
reut2-001.sgm-859.txt,0.0,gfidf,true,15
reut2-001.sgm-859.txt,0.0,idf,false,15
reut2-001.sgm-859.txt,0.0,idf,true,18
reut2-001.sgm-859.txt,0.0,logEntropy,false,2
reut2-001.sgm-859.txt,0.0,logEntropy,true,15
reut2-001.sgm-859.txt,0.0,normal,false,0
reut2-001.sgm-859.txt,0.0,normal,true,0
reut2-001.sgm-859.txt,0.0,tfidf,false,9
reut2-001.sgm-859.txt,0.0,tfidf,true,10
reut2-001.sgm-864.txt,0.0,binary,false,20
reut2-001.sgm-864.txt,0.0,binary,true,20
reut2-001.sgm-864.txt,0.0,count,false,6
reut2-001.sgm-864.txt,0.0,count,true,6
reut2-001.sgm-864.txt,0.0,gfidf,false,20
reut2-001.sgm-864.txt,0.0,gfidf,true,20
reut2-001.sgm-864.txt,0.0,idf,false,19
reut2-001.sgm-864.txt,0.0,idf,true,19
reut2-001.sgm-864.txt,0.0,logEntropy,false,6
reut2-001.sgm-864.txt,0.0,logEntropy,true,6
reut2-001.sgm-864.txt,0.0,normal,false,20
reut2-001.sgm-864.txt,0.0,normal,true,20
reut2-001.sgm-864.txt,0.0,tfidf,false,19
reut2-001.sgm-864.txt,0.0,tfidf,true,3
reut2-001.sgm-866.txt,0.0,binary,false,14
reut2-001.sgm-866.txt,0.0,binary,true,1
reut2-001.sgm-866.txt,0.0,count,false,14
reut2-001.sgm-866.txt,0.0,count,true,14
reut2-001.sgm-866.txt,0.0,gfidf,false,14
reut2-001.sgm-866.txt,0.0,gfidf,true,1
reut2-001.sgm-866.txt,0.0,idf,false,14
reut2-001.sgm-866.txt,0.0,idf,true,14
reut2-001.sgm-866.txt,0.0,logEntropy,false,14
reut2-001.sgm-866.txt,0.0,logEntropy,true,14
reut2-001.sgm-866.txt,0.0,normal,false,14
reut2-001.sgm-866.txt,0.0,normal,true,1
reut2-001.sgm-866.txt,0.0,tfidf,false,14
reut2-001.sgm-866.txt,0.0,tfidf,true,1
reut2-001.sgm-867.txt,0.0,binary,false,1
reut2-001.sgm-867.txt,0.0,binary,true,1
reut2-001.sgm-867.txt,0.0,count,false,16
reut2-001.sgm-867.txt,0.0,count,true,16
reut2-001.sgm-867.txt,0.0,gfidf,false,1
reut2-001.sgm-867.txt,0.0,gfidf,true,1
reut2-001.sgm-867.txt,0.0,idf,false,1
reut2-001.sgm-867.txt,0.0,idf,true,1
reut2-001.sgm-867.txt,0.0,logEntropy,false,1
reut2-001.sgm-867.txt,0.0,logEntropy,true,1
reut2-001.sgm-867.txt,0.0,normal,false,1
reut2-001.sgm-867.txt,0.0,normal,true,1
reut2-001.sgm-867.txt,0.0,tfidf,false,16
reut2-001.sgm-867.txt,0.0,tfidf,true,16
reut2-001.sgm-888.txt,2.058770528900245,binary,false,1
reut2-001.sgm-888.txt,2.058770528900245,binary,true,1
reut2-001.sgm-888.txt,2.058770528900245,count,false,1
reut2-001.sgm-888.txt,2.058770528900245,count,true,1
reut2-001.sgm-888.txt,2.058770528900245,gfidf,false,1
reut2-001.sgm-888.txt,2.058770528900245,gfidf,true,1
reut2-001.sgm-888.txt,2.058770528900245,idf,false,1
reut2-001.sgm-888.txt,2.058770528900245,idf,true,1
reut2-001.sgm-888.txt,2.058770528900245,logEntropy,false,1
reut2-001.sgm-888.txt,2.058770528900245,logEntropy,true,1
reut2-001.sgm-888.txt,2.058770528900245,normal,false,1
reut2-001.sgm-888.txt,2.058770528900245,normal,true,1
reut2-001.sgm-888.txt,2.058770528900245,tfidf,false,1
reut2-001.sgm-888.txt,2.058770528900245,tfidf,true,1
reut2-001.sgm-891.txt,0.0,binary,false,1
reut2-001.sgm-891.txt,0.0,binary,true,1
reut2-001.sgm-891.txt,0.0,count,false,25
reut2-001.sgm-891.txt,0.0,count,true,25
reut2-001.sgm-891.txt,0.0,gfidf,false,1
reut2-001.sgm-891.txt,0.0,gfidf,true,1
reut2-001.sgm-891.txt,0.0,idf,false,1
reut2-001.sgm-891.txt,0.0,idf,true,1
reut2-001.sgm-891.txt,0.0,logEntropy,false,1
reut2-001.sgm-891.txt,0.0,logEntropy,true,1
reut2-001.sgm-891.txt,0.0,normal,false,1
reut2-001.sgm-891.txt,0.0,normal,true,1
reut2-001.sgm-891.txt,0.0,tfidf,false,25
reut2-001.sgm-891.txt,0.0,tfidf,true,25
reut2-001.sgm-894.txt,0.0,binary,false,17
reut2-001.sgm-894.txt,0.0,binary,true,3
reut2-001.sgm-894.txt,0.0,count,false,17
reut2-001.sgm-894.txt,0.0,count,true,17
reut2-001.sgm-894.txt,0.0,gfidf,false,17
reut2-001.sgm-894.txt,0.0,gfidf,true,17
reut2-001.sgm-894.txt,0.0,idf,false,17
reut2-001.sgm-894.txt,0.0,idf,true,3
reut2-001.sgm-894.txt,0.0,logEntropy,false,17
reut2-001.sgm-894.txt,0.0,logEntropy,true,17
reut2-001.sgm-894.txt,0.0,normal,false,15
reut2-001.sgm-894.txt,0.0,normal,true,1
reut2-001.sgm-894.txt,0.0,tfidf,false,17
reut2-001.sgm-894.txt,0.0,tfidf,true,17
reut2-001.sgm-901.txt,3.740244507077193,binary,false,0
reut2-001.sgm-901.txt,3.740244507077193,binary,true,0
reut2-001.sgm-901.txt,3.740244507077193,count,false,7
reut2-001.sgm-901.txt,3.740244507077193,count,true,0
reut2-001.sgm-901.txt,3.740244507077193,gfidf,false,0
reut2-001.sgm-901.txt,3.740244507077193,gfidf,true,0
reut2-001.sgm-901.txt,3.740244507077193,idf,false,0
reut2-001.sgm-901.txt,3.740244507077193,idf,true,0
reut2-001.sgm-901.txt,3.740244507077193,logEntropy,false,0
reut2-001.sgm-901.txt,3.740244507077193,logEntropy,true,0
reut2-001.sgm-901.txt,3.740244507077193,normal,false,0
reut2-001.sgm-901.txt,3.740244507077193,normal,true,6
reut2-001.sgm-901.txt,3.740244507077193,tfidf,false,0
reut2-001.sgm-901.txt,3.740244507077193,tfidf,true,0
reut2-001.sgm-905.txt,0.0,binary,false,27
reut2-001.sgm-905.txt,0.0,binary,true,1
reut2-001.sgm-905.txt,0.0,count,false,27
reut2-001.sgm-905.txt,0.0,count,true,27
reut2-001.sgm-905.txt,0.0,gfidf,false,27
reut2-001.sgm-905.txt,0.0,gfidf,true,1
reut2-001.sgm-905.txt,0.0,idf,false,1
reut2-001.sgm-905.txt,0.0,idf,true,1
reut2-001.sgm-905.txt,0.0,logEntropy,false,27
reut2-001.sgm-905.txt,0.0,logEntropy,true,1
reut2-001.sgm-905.txt,0.0,normal,false,22
reut2-001.sgm-905.txt,0.0,normal,true,22
reut2-001.sgm-905.txt,0.0,tfidf,false,1
reut2-001.sgm-905.txt,0.0,tfidf,true,1
reut2-001.sgm-910.txt,0.0,binary,false,17
reut2-001.sgm-910.txt,0.0,binary,true,17
reut2-001.sgm-910.txt,0.0,count,false,17
reut2-001.sgm-910.txt,0.0,count,true,17
reut2-001.sgm-910.txt,0.0,gfidf,false,17
reut2-001.sgm-910.txt,0.0,gfidf,true,17
reut2-001.sgm-910.txt,0.0,idf,false,17
reut2-001.sgm-910.txt,0.0,idf,true,17
reut2-001.sgm-910.txt,0.0,logEntropy,false,17
reut2-001.sgm-910.txt,0.0,logEntropy,true,17
reut2-001.sgm-910.txt,0.0,normal,false,17
reut2-001.sgm-910.txt,0.0,normal,true,17
reut2-001.sgm-910.txt,0.0,tfidf,false,17
reut2-001.sgm-910.txt,0.0,tfidf,true,12
reut2-001.sgm-918.txt,0.0,binary,false,12
reut2-001.sgm-918.txt,0.0,binary,true,12
reut2-001.sgm-918.txt,0.0,count,false,12
reut2-001.sgm-918.txt,0.0,count,true,12
reut2-001.sgm-918.txt,0.0,gfidf,false,12
reut2-001.sgm-918.txt,0.0,gfidf,true,6
reut2-001.sgm-918.txt,0.0,idf,false,12
reut2-001.sgm-918.txt,0.0,idf,true,12
reut2-001.sgm-918.txt,0.0,logEntropy,false,12
reut2-001.sgm-918.txt,0.0,logEntropy,true,12
reut2-001.sgm-918.txt,0.0,normal,false,12
reut2-001.sgm-918.txt,0.0,normal,true,12
reut2-001.sgm-918.txt,0.0,tfidf,false,12
reut2-001.sgm-918.txt,0.0,tfidf,true,6
reut2-001.sgm-925.txt,0.0,binary,false,2
reut2-001.sgm-925.txt,0.0,binary,true,2
reut2-001.sgm-925.txt,0.0,count,false,2
reut2-001.sgm-925.txt,0.0,count,true,2
reut2-001.sgm-925.txt,0.0,gfidf,false,2
reut2-001.sgm-925.txt,0.0,gfidf,true,2
reut2-001.sgm-925.txt,0.0,idf,false,2
reut2-001.sgm-925.txt,0.0,idf,true,34
reut2-001.sgm-925.txt,0.0,logEntropy,false,2
reut2-001.sgm-925.txt,0.0,logEntropy,true,2
reut2-001.sgm-925.txt,0.0,normal,false,2
reut2-001.sgm-925.txt,0.0,normal,true,2
reut2-001.sgm-925.txt,0.0,tfidf,false,34
reut2-001.sgm-925.txt,0.0,tfidf,true,34
reut2-001.sgm-934.txt,3.8067806120424783,binary,false,0
reut2-001.sgm-934.txt,3.8067806120424783,binary,true,0
reut2-001.sgm-934.txt,3.8067806120424783,count,false,0
reut2-001.sgm-934.txt,3.8067806120424783,count,true,0
reut2-001.sgm-934.txt,3.8067806120424783,gfidf,false,0
reut2-001.sgm-934.txt,3.8067806120424783,gfidf,true,0
reut2-001.sgm-934.txt,3.8067806120424783,idf,false,0
reut2-001.sgm-934.txt,3.8067806120424783,idf,true,0
reut2-001.sgm-934.txt,3.8067806120424783,logEntropy,false,0
reut2-001.sgm-934.txt,3.8067806120424783,logEntropy,true,0
reut2-001.sgm-934.txt,3.8067806120424783,normal,false,15
reut2-001.sgm-934.txt,3.8067806120424783,normal,true,0
reut2-001.sgm-934.txt,3.8067806120424783,tfidf,false,0
reut2-001.sgm-934.txt,3.8067806120424783,tfidf,true,0
reut2-001.sgm-937.txt,2.6918003852647123,binary,false,13
reut2-001.sgm-937.txt,2.6918003852647123,binary,true,0
reut2-001.sgm-937.txt,2.6918003852647123,count,false,0
reut2-001.sgm-937.txt,2.6918003852647123,count,true,0
reut2-001.sgm-937.txt,2.6918003852647123,gfidf,false,13
reut2-001.sgm-937.txt,2.6918003852647123,gfidf,true,0
reut2-001.sgm-937.txt,2.6918003852647123,idf,false,13
reut2-001.sgm-937.txt,2.6918003852647123,idf,true,13
reut2-001.sgm-937.txt,2.6918003852647123,logEntropy,false,0
reut2-001.sgm-937.txt,2.6918003852647123,logEntropy,true,0
reut2-001.sgm-937.txt,2.6918003852647123,normal,false,0
reut2-001.sgm-937.txt,2.6918003852647123,normal,true,0
reut2-001.sgm-937.txt,2.6918003852647123,tfidf,false,13
reut2-001.sgm-937.txt,2.6918003852647123,tfidf,true,13
reut2-001.sgm-958.txt,0.0,binary,false,10
reut2-001.sgm-958.txt,0.0,binary,true,10
reut2-001.sgm-958.txt,0.0,count,false,10
reut2-001.sgm-958.txt,0.0,count,true,0
reut2-001.sgm-958.txt,0.0,gfidf,false,10
reut2-001.sgm-958.txt,0.0,gfidf,true,10
reut2-001.sgm-958.txt,0.0,idf,false,10
reut2-001.sgm-958.txt,0.0,idf,true,10
reut2-001.sgm-958.txt,0.0,logEntropy,false,10
reut2-001.sgm-958.txt,0.0,logEntropy,true,0
reut2-001.sgm-958.txt,0.0,normal,false,9
reut2-001.sgm-958.txt,0.0,normal,true,9
reut2-001.sgm-958.txt,0.0,tfidf,false,10
reut2-001.sgm-958.txt,0.0,tfidf,true,10
reut2-001.sgm-962.txt,0.0,binary,false,46
reut2-001.sgm-962.txt,0.0,binary,true,11
reut2-001.sgm-962.txt,0.0,count,false,11
reut2-001.sgm-962.txt,0.0,count,true,11
reut2-001.sgm-962.txt,0.0,gfidf,false,46
reut2-001.sgm-962.txt,0.0,gfidf,true,11
reut2-001.sgm-962.txt,0.0,idf,false,46
reut2-001.sgm-962.txt,0.0,idf,true,46
reut2-001.sgm-962.txt,0.0,logEntropy,false,11
reut2-001.sgm-962.txt,0.0,logEntropy,true,11
reut2-001.sgm-962.txt,0.0,normal,false,11
reut2-001.sgm-962.txt,0.0,normal,true,11
reut2-001.sgm-962.txt,0.0,tfidf,false,24
reut2-001.sgm-962.txt,0.0,tfidf,true,25
reut2-001.sgm-966.txt,0.0,binary,false,2
reut2-001.sgm-966.txt,0.0,binary,true,2
reut2-001.sgm-966.txt,0.0,count,false,2
reut2-001.sgm-966.txt,0.0,count,true,2
reut2-001.sgm-966.txt,0.0,gfidf,false,2
reut2-001.sgm-966.txt,0.0,gfidf,true,2
reut2-001.sgm-966.txt,0.0,idf,false,2
reut2-001.sgm-966.txt,0.0,idf,true,2
reut2-001.sgm-966.txt,0.0,logEntropy,false,2
reut2-001.sgm-966.txt,0.0,logEntropy,true,2
reut2-001.sgm-966.txt,0.0,normal,false,5
reut2-001.sgm-966.txt,0.0,normal,true,5
reut2-001.sgm-966.txt,0.0,tfidf,false,2
reut2-001.sgm-966.txt,0.0,tfidf,true,2
reut2-001.sgm-967.txt,0.0,binary,false,4
reut2-001.sgm-967.txt,0.0,binary,true,8
reut2-001.sgm-967.txt,0.0,count,false,4
reut2-001.sgm-967.txt,0.0,count,true,4
reut2-001.sgm-967.txt,0.0,gfidf,false,4
reut2-001.sgm-967.txt,0.0,gfidf,true,8
reut2-001.sgm-967.txt,0.0,idf,false,4
reut2-001.sgm-967.txt,0.0,idf,true,8
reut2-001.sgm-967.txt,0.0,logEntropy,false,4
reut2-001.sgm-967.txt,0.0,logEntropy,true,4
reut2-001.sgm-967.txt,0.0,normal,false,4
reut2-001.sgm-967.txt,0.0,normal,true,18
reut2-001.sgm-967.txt,0.0,tfidf,false,4
reut2-001.sgm-967.txt,0.0,tfidf,true,4
reut2-001.sgm-989.txt,0.0,binary,false,9
reut2-001.sgm-989.txt,0.0,binary,true,10
reut2-001.sgm-989.txt,0.0,count,false,9
reut2-001.sgm-989.txt,0.0,count,true,12
reut2-001.sgm-989.txt,0.0,gfidf,false,10
reut2-001.sgm-989.txt,0.0,gfidf,true,10
reut2-001.sgm-989.txt,0.0,idf,false,2
reut2-001.sgm-989.txt,0.0,idf,true,2
reut2-001.sgm-989.txt,0.0,logEntropy,false,9
reut2-001.sgm-989.txt,0.0,logEntropy,true,10
reut2-001.sgm-989.txt,0.0,normal,false,10
reut2-001.sgm-989.txt,0.0,normal,true,10
reut2-001.sgm-989.txt,0.0,tfidf,false,16
reut2-001.sgm-989.txt,0.0,tfidf,true,16
reut2-001.sgm-998.txt,0.0,binary,false,9
reut2-001.sgm-998.txt,0.0,binary,true,12
reut2-001.sgm-998.txt,0.0,count,false,9
reut2-001.sgm-998.txt,0.0,count,true,12
reut2-001.sgm-998.txt,0.0,gfidf,false,9
reut2-001.sgm-998.txt,0.0,gfidf,true,12
reut2-001.sgm-998.txt,0.0,idf,false,9
reut2-001.sgm-998.txt,0.0,idf,true,12
reut2-001.sgm-998.txt,0.0,logEntropy,false,9
reut2-001.sgm-998.txt,0.0,logEntropy,true,12
reut2-001.sgm-998.txt,0.0,normal,false,12
reut2-001.sgm-998.txt,0.0,normal,true,12
reut2-001.sgm-998.txt,0.0,tfidf,false,9
reut2-001.sgm-998.txt,0.0,tfidf,true,12
reut2-002.sgm-109.txt,0.0,binary,false,5
reut2-002.sgm-109.txt,0.0,binary,true,5
reut2-002.sgm-109.txt,0.0,count,false,5
reut2-002.sgm-109.txt,0.0,count,true,3
reut2-002.sgm-109.txt,0.0,gfidf,false,5
reut2-002.sgm-109.txt,0.0,gfidf,true,3
reut2-002.sgm-109.txt,0.0,idf,false,5
reut2-002.sgm-109.txt,0.0,idf,true,5
reut2-002.sgm-109.txt,0.0,logEntropy,false,3
reut2-002.sgm-109.txt,0.0,logEntropy,true,3
reut2-002.sgm-109.txt,0.0,normal,false,3
reut2-002.sgm-109.txt,0.0,normal,true,0
reut2-002.sgm-109.txt,0.0,tfidf,false,5
reut2-002.sgm-109.txt,0.0,tfidf,true,5
reut2-002.sgm-114.txt,2.679420027826386,binary,false,12
reut2-002.sgm-114.txt,2.679420027826386,binary,true,0
reut2-002.sgm-114.txt,2.679420027826386,count,false,1
reut2-002.sgm-114.txt,2.679420027826386,count,true,0
reut2-002.sgm-114.txt,2.679420027826386,gfidf,false,12
reut2-002.sgm-114.txt,2.679420027826386,gfidf,true,0
reut2-002.sgm-114.txt,2.679420027826386,idf,false,12
reut2-002.sgm-114.txt,2.679420027826386,idf,true,12
reut2-002.sgm-114.txt,2.679420027826386,logEntropy,false,1
reut2-002.sgm-114.txt,2.679420027826386,logEntropy,true,0
reut2-002.sgm-114.txt,2.679420027826386,normal,false,8
reut2-002.sgm-114.txt,2.679420027826386,normal,true,0
reut2-002.sgm-114.txt,2.679420027826386,tfidf,false,12
reut2-002.sgm-114.txt,2.679420027826386,tfidf,true,12
reut2-002.sgm-116.txt,0.0,binary,false,7
reut2-002.sgm-116.txt,0.0,binary,true,6
reut2-002.sgm-116.txt,0.0,count,false,7
reut2-002.sgm-116.txt,0.0,count,true,7
reut2-002.sgm-116.txt,0.0,gfidf,false,6
reut2-002.sgm-116.txt,0.0,gfidf,true,5
reut2-002.sgm-116.txt,0.0,idf,false,7
reut2-002.sgm-116.txt,0.0,idf,true,7
reut2-002.sgm-116.txt,0.0,logEntropy,false,7
reut2-002.sgm-116.txt,0.0,logEntropy,true,7
reut2-002.sgm-116.txt,0.0,normal,false,6
reut2-002.sgm-116.txt,0.0,normal,true,6
reut2-002.sgm-116.txt,0.0,tfidf,false,7
reut2-002.sgm-116.txt,0.0,tfidf,true,7
reut2-002.sgm-120.txt,0.0,binary,false,8
reut2-002.sgm-120.txt,0.0,binary,true,8
reut2-002.sgm-120.txt,0.0,count,false,5
reut2-002.sgm-120.txt,0.0,count,true,5
reut2-002.sgm-120.txt,0.0,gfidf,false,8
reut2-002.sgm-120.txt,0.0,gfidf,true,5
reut2-002.sgm-120.txt,0.0,idf,false,8
reut2-002.sgm-120.txt,0.0,idf,true,8
reut2-002.sgm-120.txt,0.0,logEntropy,false,5
reut2-002.sgm-120.txt,0.0,logEntropy,true,5
reut2-002.sgm-120.txt,0.0,normal,false,1
reut2-002.sgm-120.txt,0.0,normal,true,5
reut2-002.sgm-120.txt,0.0,tfidf,false,4
reut2-002.sgm-120.txt,0.0,tfidf,true,4
reut2-002.sgm-127.txt,0.0,binary,false,5
reut2-002.sgm-127.txt,0.0,binary,true,5
reut2-002.sgm-127.txt,0.0,count,false,5
reut2-002.sgm-127.txt,0.0,count,true,11
reut2-002.sgm-127.txt,0.0,gfidf,false,5
reut2-002.sgm-127.txt,0.0,gfidf,true,5
reut2-002.sgm-127.txt,0.0,idf,false,5
reut2-002.sgm-127.txt,0.0,idf,true,5
reut2-002.sgm-127.txt,0.0,logEntropy,false,5
reut2-002.sgm-127.txt,0.0,logEntropy,true,5
reut2-002.sgm-127.txt,0.0,normal,false,5
reut2-002.sgm-127.txt,0.0,normal,true,5
reut2-002.sgm-127.txt,0.0,tfidf,false,7
reut2-002.sgm-127.txt,0.0,tfidf,true,9
reut2-002.sgm-131.txt,4.515432751970508,binary,false,0
reut2-002.sgm-131.txt,4.515432751970508,binary,true,0
reut2-002.sgm-131.txt,4.515432751970508,count,false,0
reut2-002.sgm-131.txt,4.515432751970508,count,true,0
reut2-002.sgm-131.txt,4.515432751970508,gfidf,false,0
reut2-002.sgm-131.txt,4.515432751970508,gfidf,true,0
reut2-002.sgm-131.txt,4.515432751970508,idf,false,1
reut2-002.sgm-131.txt,4.515432751970508,idf,true,0
reut2-002.sgm-131.txt,4.515432751970508,logEntropy,false,0
reut2-002.sgm-131.txt,4.515432751970508,logEntropy,true,0
reut2-002.sgm-131.txt,4.515432751970508,normal,false,0
reut2-002.sgm-131.txt,4.515432751970508,normal,true,0
reut2-002.sgm-131.txt,4.515432751970508,tfidf,false,0
reut2-002.sgm-131.txt,4.515432751970508,tfidf,true,1
reut2-002.sgm-196.txt,0.0,binary,false,5
reut2-002.sgm-196.txt,0.0,binary,true,5
reut2-002.sgm-196.txt,0.0,count,false,15
reut2-002.sgm-196.txt,0.0,count,true,15
reut2-002.sgm-196.txt,0.0,gfidf,false,5
reut2-002.sgm-196.txt,0.0,gfidf,true,5
reut2-002.sgm-196.txt,0.0,idf,false,5
reut2-002.sgm-196.txt,0.0,idf,true,5
reut2-002.sgm-196.txt,0.0,logEntropy,false,15
reut2-002.sgm-196.txt,0.0,logEntropy,true,5
reut2-002.sgm-196.txt,0.0,normal,false,17
reut2-002.sgm-196.txt,0.0,normal,true,1
reut2-002.sgm-196.txt,0.0,tfidf,false,5
reut2-002.sgm-196.txt,0.0,tfidf,true,5
reut2-002.sgm-202.txt,0.0,binary,false,14
reut2-002.sgm-202.txt,0.0,binary,true,14
reut2-002.sgm-202.txt,0.0,count,false,14
reut2-002.sgm-202.txt,0.0,count,true,14
reut2-002.sgm-202.txt,0.0,gfidf,false,14
reut2-002.sgm-202.txt,0.0,gfidf,true,14
reut2-002.sgm-202.txt,0.0,idf,false,14
reut2-002.sgm-202.txt,0.0,idf,true,7
reut2-002.sgm-202.txt,0.0,logEntropy,false,14
reut2-002.sgm-202.txt,0.0,logEntropy,true,14
reut2-002.sgm-202.txt,0.0,normal,false,0
reut2-002.sgm-202.txt,0.0,normal,true,14
reut2-002.sgm-202.txt,0.0,tfidf,false,7
reut2-002.sgm-202.txt,0.0,tfidf,true,7
reut2-002.sgm-227.txt,1.9033903060212392,binary,false,15
reut2-002.sgm-227.txt,1.9033903060212392,binary,true,15
reut2-002.sgm-227.txt,1.9033903060212392,count,false,15
reut2-002.sgm-227.txt,1.9033903060212392,count,true,15
reut2-002.sgm-227.txt,1.9033903060212392,gfidf,false,15
reut2-002.sgm-227.txt,1.9033903060212392,gfidf,true,15
reut2-002.sgm-227.txt,1.9033903060212392,idf,false,15
reut2-002.sgm-227.txt,1.9033903060212392,idf,true,15
reut2-002.sgm-227.txt,1.9033903060212392,logEntropy,false,15
reut2-002.sgm-227.txt,1.9033903060212392,logEntropy,true,15
reut2-002.sgm-227.txt,1.9033903060212392,normal,false,0
reut2-002.sgm-227.txt,1.9033903060212392,normal,true,0
reut2-002.sgm-227.txt,1.9033903060212392,tfidf,false,15
reut2-002.sgm-227.txt,1.9033903060212392,tfidf,true,15
reut2-002.sgm-241.txt,0.0,binary,false,0
reut2-002.sgm-241.txt,0.0,binary,true,6
reut2-002.sgm-241.txt,0.0,count,false,0
reut2-002.sgm-241.txt,0.0,count,true,6
reut2-002.sgm-241.txt,0.0,gfidf,false,0
reut2-002.sgm-241.txt,0.0,gfidf,true,6
reut2-002.sgm-241.txt,0.0,idf,false,9
reut2-002.sgm-241.txt,0.0,idf,true,6
reut2-002.sgm-241.txt,0.0,logEntropy,false,0
reut2-002.sgm-241.txt,0.0,logEntropy,true,6
reut2-002.sgm-241.txt,0.0,normal,false,0
reut2-002.sgm-241.txt,0.0,normal,true,0
reut2-002.sgm-241.txt,0.0,tfidf,false,2
reut2-002.sgm-241.txt,0.0,tfidf,true,6
reut2-002.sgm-250.txt,0.0,binary,false,15
reut2-002.sgm-250.txt,0.0,binary,true,15
reut2-002.sgm-250.txt,0.0,count,false,15
reut2-002.sgm-250.txt,0.0,count,true,15
reut2-002.sgm-250.txt,0.0,gfidf,false,15
reut2-002.sgm-250.txt,0.0,gfidf,true,15
reut2-002.sgm-250.txt,0.0,idf,false,15
reut2-002.sgm-250.txt,0.0,idf,true,15
reut2-002.sgm-250.txt,0.0,logEntropy,false,15
reut2-002.sgm-250.txt,0.0,logEntropy,true,15
reut2-002.sgm-250.txt,0.0,normal,false,15
reut2-002.sgm-250.txt,0.0,normal,true,15
reut2-002.sgm-250.txt,0.0,tfidf,false,9
reut2-002.sgm-250.txt,0.0,tfidf,true,21
reut2-002.sgm-256.txt,0.0,binary,false,17
reut2-002.sgm-256.txt,0.0,binary,true,16
reut2-002.sgm-256.txt,0.0,count,false,16
reut2-002.sgm-256.txt,0.0,count,true,16
reut2-002.sgm-256.txt,0.0,gfidf,false,17
reut2-002.sgm-256.txt,0.0,gfidf,true,16
reut2-002.sgm-256.txt,0.0,idf,false,17
reut2-002.sgm-256.txt,0.0,idf,true,16
reut2-002.sgm-256.txt,0.0,logEntropy,false,16
reut2-002.sgm-256.txt,0.0,logEntropy,true,16
reut2-002.sgm-256.txt,0.0,normal,false,3
reut2-002.sgm-256.txt,0.0,normal,true,14
reut2-002.sgm-256.txt,0.0,tfidf,false,17
reut2-002.sgm-256.txt,0.0,tfidf,true,16
reut2-002.sgm-268.txt,1.9033903060212392,binary,false,20
reut2-002.sgm-268.txt,1.9033903060212392,binary,true,13
reut2-002.sgm-268.txt,1.9033903060212392,count,false,0
reut2-002.sgm-268.txt,1.9033903060212392,count,true,16
reut2-002.sgm-268.txt,1.9033903060212392,gfidf,false,20
reut2-002.sgm-268.txt,1.9033903060212392,gfidf,true,13
reut2-002.sgm-268.txt,1.9033903060212392,idf,false,20
reut2-002.sgm-268.txt,1.9033903060212392,idf,true,23
reut2-002.sgm-268.txt,1.9033903060212392,logEntropy,false,0
reut2-002.sgm-268.txt,1.9033903060212392,logEntropy,true,16
reut2-002.sgm-268.txt,1.9033903060212392,normal,false,20
reut2-002.sgm-268.txt,1.9033903060212392,normal,true,13
reut2-002.sgm-268.txt,1.9033903060212392,tfidf,false,23
reut2-002.sgm-268.txt,1.9033903060212392,tfidf,true,23
reut2-002.sgm-277.txt,2.5192322822146176,binary,false,1
reut2-002.sgm-277.txt,2.5192322822146176,binary,true,1
reut2-002.sgm-277.txt,2.5192322822146176,count,false,14
reut2-002.sgm-277.txt,2.5192322822146176,count,true,1
reut2-002.sgm-277.txt,2.5192322822146176,gfidf,false,1
reut2-002.sgm-277.txt,2.5192322822146176,gfidf,true,1
reut2-002.sgm-277.txt,2.5192322822146176,idf,false,1
reut2-002.sgm-277.txt,2.5192322822146176,idf,true,4
reut2-002.sgm-277.txt,2.5192322822146176,logEntropy,false,1
reut2-002.sgm-277.txt,2.5192322822146176,logEntropy,true,1
reut2-002.sgm-277.txt,2.5192322822146176,normal,false,0
reut2-002.sgm-277.txt,2.5192322822146176,normal,true,0
reut2-002.sgm-277.txt,2.5192322822146176,tfidf,false,4
reut2-002.sgm-277.txt,2.5192322822146176,tfidf,true,4
reut2-002.sgm-325.txt,0.0,binary,false,6
reut2-002.sgm-325.txt,0.0,binary,true,6
reut2-002.sgm-325.txt,0.0,count,false,6
reut2-002.sgm-325.txt,0.0,count,true,6
reut2-002.sgm-325.txt,0.0,gfidf,false,6
reut2-002.sgm-325.txt,0.0,gfidf,true,6
reut2-002.sgm-325.txt,0.0,idf,false,5
reut2-002.sgm-325.txt,0.0,idf,true,5
reut2-002.sgm-325.txt,0.0,logEntropy,false,6
reut2-002.sgm-325.txt,0.0,logEntropy,true,6
reut2-002.sgm-325.txt,0.0,normal,false,6
reut2-002.sgm-325.txt,0.0,normal,true,6
reut2-002.sgm-325.txt,0.0,tfidf,false,5
reut2-002.sgm-325.txt,0.0,tfidf,true,5
reut2-002.sgm-35.txt,0.0,binary,false,9
reut2-002.sgm-35.txt,0.0,binary,true,0
reut2-002.sgm-35.txt,0.0,count,false,9
reut2-002.sgm-35.txt,0.0,count,true,9
reut2-002.sgm-35.txt,0.0,gfidf,false,9
reut2-002.sgm-35.txt,0.0,gfidf,true,0
reut2-002.sgm-35.txt,0.0,idf,false,9
reut2-002.sgm-35.txt,0.0,idf,true,9
reut2-002.sgm-35.txt,0.0,logEntropy,false,9
reut2-002.sgm-35.txt,0.0,logEntropy,true,9
reut2-002.sgm-35.txt,0.0,normal,false,7
reut2-002.sgm-35.txt,0.0,normal,true,0
reut2-002.sgm-35.txt,0.0,tfidf,false,9
reut2-002.sgm-35.txt,0.0,tfidf,true,9
reut2-002.sgm-351.txt,0.0,binary,false,29
reut2-002.sgm-351.txt,0.0,binary,true,29
reut2-002.sgm-351.txt,0.0,count,false,29
reut2-002.sgm-351.txt,0.0,count,true,29
reut2-002.sgm-351.txt,0.0,gfidf,false,29
reut2-002.sgm-351.txt,0.0,gfidf,true,29
reut2-002.sgm-351.txt,0.0,idf,false,20
reut2-002.sgm-351.txt,0.0,idf,true,20
reut2-002.sgm-351.txt,0.0,logEntropy,false,29
reut2-002.sgm-351.txt,0.0,logEntropy,true,29
reut2-002.sgm-351.txt,0.0,normal,false,29
reut2-002.sgm-351.txt,0.0,normal,true,29
reut2-002.sgm-351.txt,0.0,tfidf,false,20
reut2-002.sgm-351.txt,0.0,tfidf,true,20
reut2-002.sgm-353.txt,0.0,binary,false,2
reut2-002.sgm-353.txt,0.0,binary,true,2
reut2-002.sgm-353.txt,0.0,count,false,2
reut2-002.sgm-353.txt,0.0,count,true,2
reut2-002.sgm-353.txt,0.0,gfidf,false,2
reut2-002.sgm-353.txt,0.0,gfidf,true,2
reut2-002.sgm-353.txt,0.0,idf,false,2
reut2-002.sgm-353.txt,0.0,idf,true,34
reut2-002.sgm-353.txt,0.0,logEntropy,false,2
reut2-002.sgm-353.txt,0.0,logEntropy,true,2
reut2-002.sgm-353.txt,0.0,normal,false,2
reut2-002.sgm-353.txt,0.0,normal,true,2
reut2-002.sgm-353.txt,0.0,tfidf,false,34
reut2-002.sgm-353.txt,0.0,tfidf,true,34
reut2-002.sgm-361.txt,0.0,binary,false,15
reut2-002.sgm-361.txt,0.0,binary,true,13
reut2-002.sgm-361.txt,0.0,count,false,15
reut2-002.sgm-361.txt,0.0,count,true,19
reut2-002.sgm-361.txt,0.0,gfidf,false,15
reut2-002.sgm-361.txt,0.0,gfidf,true,15
reut2-002.sgm-361.txt,0.0,idf,false,15
reut2-002.sgm-361.txt,0.0,idf,true,13
reut2-002.sgm-361.txt,0.0,logEntropy,false,15
reut2-002.sgm-361.txt,0.0,logEntropy,true,19
reut2-002.sgm-361.txt,0.0,normal,false,6
reut2-002.sgm-361.txt,0.0,normal,true,6
reut2-002.sgm-361.txt,0.0,tfidf,false,15
reut2-002.sgm-361.txt,0.0,tfidf,true,15
reut2-002.sgm-366.txt,3.447891284987911,binary,false,0
reut2-002.sgm-366.txt,3.447891284987911,binary,true,0
reut2-002.sgm-366.txt,3.447891284987911,count,false,0
reut2-002.sgm-366.txt,3.447891284987911,count,true,0
reut2-002.sgm-366.txt,3.447891284987911,gfidf,false,0
reut2-002.sgm-366.txt,3.447891284987911,gfidf,true,0
reut2-002.sgm-366.txt,3.447891284987911,idf,false,0
reut2-002.sgm-366.txt,3.447891284987911,idf,true,0
reut2-002.sgm-366.txt,3.447891284987911,logEntropy,false,0
reut2-002.sgm-366.txt,3.447891284987911,logEntropy,true,0
reut2-002.sgm-366.txt,3.447891284987911,normal,false,0
reut2-002.sgm-366.txt,3.447891284987911,normal,true,0
reut2-002.sgm-366.txt,3.447891284987911,tfidf,false,12
reut2-002.sgm-366.txt,3.447891284987911,tfidf,true,12
reut2-002.sgm-374.txt,0.0,binary,false,23
reut2-002.sgm-374.txt,0.0,binary,true,8
reut2-002.sgm-374.txt,0.0,count,false,23
reut2-002.sgm-374.txt,0.0,count,true,23
reut2-002.sgm-374.txt,0.0,gfidf,false,23
reut2-002.sgm-374.txt,0.0,gfidf,true,8
reut2-002.sgm-374.txt,0.0,idf,false,23
reut2-002.sgm-374.txt,0.0,idf,true,8
reut2-002.sgm-374.txt,0.0,logEntropy,false,23
reut2-002.sgm-374.txt,0.0,logEntropy,true,23
reut2-002.sgm-374.txt,0.0,normal,false,15
reut2-002.sgm-374.txt,0.0,normal,true,3
reut2-002.sgm-374.txt,0.0,tfidf,false,16
reut2-002.sgm-374.txt,0.0,tfidf,true,8
reut2-002.sgm-382.txt,2.058770528900245,binary,false,1
reut2-002.sgm-382.txt,2.058770528900245,binary,true,1
reut2-002.sgm-382.txt,2.058770528900245,count,false,1
reut2-002.sgm-382.txt,2.058770528900245,count,true,1
reut2-002.sgm-382.txt,2.058770528900245,gfidf,false,1
reut2-002.sgm-382.txt,2.058770528900245,gfidf,true,1
reut2-002.sgm-382.txt,2.058770528900245,idf,false,1
reut2-002.sgm-382.txt,2.058770528900245,idf,true,1
reut2-002.sgm-382.txt,2.058770528900245,logEntropy,false,1
reut2-002.sgm-382.txt,2.058770528900245,logEntropy,true,1
reut2-002.sgm-382.txt,2.058770528900245,normal,false,1
reut2-002.sgm-382.txt,2.058770528900245,normal,true,1
reut2-002.sgm-382.txt,2.058770528900245,tfidf,false,1
reut2-002.sgm-382.txt,2.058770528900245,tfidf,true,1
reut2-002.sgm-416.txt,0.0,binary,false,11
reut2-002.sgm-416.txt,0.0,binary,true,4
reut2-002.sgm-416.txt,0.0,count,false,11
reut2-002.sgm-416.txt,0.0,count,true,4
reut2-002.sgm-416.txt,0.0,gfidf,false,11
reut2-002.sgm-416.txt,0.0,gfidf,true,4
reut2-002.sgm-416.txt,0.0,idf,false,11
reut2-002.sgm-416.txt,0.0,idf,true,4
reut2-002.sgm-416.txt,0.0,logEntropy,false,11
reut2-002.sgm-416.txt,0.0,logEntropy,true,4
reut2-002.sgm-416.txt,0.0,normal,false,11
reut2-002.sgm-416.txt,0.0,normal,true,4
reut2-002.sgm-416.txt,0.0,tfidf,false,11
reut2-002.sgm-416.txt,0.0,tfidf,true,4
reut2-002.sgm-427.txt,0.0,binary,false,12
reut2-002.sgm-427.txt,0.0,binary,true,10
reut2-002.sgm-427.txt,0.0,count,false,25
reut2-002.sgm-427.txt,0.0,count,true,25
reut2-002.sgm-427.txt,0.0,gfidf,false,12
reut2-002.sgm-427.txt,0.0,gfidf,true,10
reut2-002.sgm-427.txt,0.0,idf,false,12
reut2-002.sgm-427.txt,0.0,idf,true,10
reut2-002.sgm-427.txt,0.0,logEntropy,false,12
reut2-002.sgm-427.txt,0.0,logEntropy,true,10
reut2-002.sgm-427.txt,0.0,normal,false,2
reut2-002.sgm-427.txt,0.0,normal,true,2
reut2-002.sgm-427.txt,0.0,tfidf,false,12
reut2-002.sgm-427.txt,0.0,tfidf,true,25
reut2-002.sgm-455.txt,0.0,binary,false,6
reut2-002.sgm-455.txt,0.0,binary,true,2
reut2-002.sgm-455.txt,0.0,count,false,2
reut2-002.sgm-455.txt,0.0,count,true,13
reut2-002.sgm-455.txt,0.0,gfidf,false,12
reut2-002.sgm-455.txt,0.0,gfidf,true,12
reut2-002.sgm-455.txt,0.0,idf,false,0
reut2-002.sgm-455.txt,0.0,idf,true,0
reut2-002.sgm-455.txt,0.0,logEntropy,false,2
reut2-002.sgm-455.txt,0.0,logEntropy,true,6
reut2-002.sgm-455.txt,0.0,normal,false,6
reut2-002.sgm-455.txt,0.0,normal,true,6
reut2-002.sgm-455.txt,0.0,tfidf,false,12
reut2-002.sgm-455.txt,0.0,tfidf,true,12
reut2-002.sgm-474.txt,0.0,binary,false,11
reut2-002.sgm-474.txt,0.0,binary,true,5
reut2-002.sgm-474.txt,0.0,count,false,11
reut2-002.sgm-474.txt,0.0,count,true,5
reut2-002.sgm-474.txt,0.0,gfidf,false,11
reut2-002.sgm-474.txt,0.0,gfidf,true,5
reut2-002.sgm-474.txt,0.0,idf,false,11
reut2-002.sgm-474.txt,0.0,idf,true,5
reut2-002.sgm-474.txt,0.0,logEntropy,false,11
reut2-002.sgm-474.txt,0.0,logEntropy,true,5
reut2-002.sgm-474.txt,0.0,normal,false,11
reut2-002.sgm-474.txt,0.0,normal,true,0
reut2-002.sgm-474.txt,0.0,tfidf,false,5
reut2-002.sgm-474.txt,0.0,tfidf,true,5
reut2-002.sgm-499.txt,0.0,binary,false,2
reut2-002.sgm-499.txt,0.0,binary,true,2
reut2-002.sgm-499.txt,0.0,count,false,2
reut2-002.sgm-499.txt,0.0,count,true,2
reut2-002.sgm-499.txt,0.0,gfidf,false,2
reut2-002.sgm-499.txt,0.0,gfidf,true,2
reut2-002.sgm-499.txt,0.0,idf,false,2
reut2-002.sgm-499.txt,0.0,idf,true,2
reut2-002.sgm-499.txt,0.0,logEntropy,false,2
reut2-002.sgm-499.txt,0.0,logEntropy,true,2
reut2-002.sgm-499.txt,0.0,normal,false,2
reut2-002.sgm-499.txt,0.0,normal,true,2
reut2-002.sgm-499.txt,0.0,tfidf,false,2
reut2-002.sgm-499.txt,0.0,tfidf,true,7
reut2-002.sgm-501.txt,0.0,binary,false,15
reut2-002.sgm-501.txt,0.0,binary,true,2
reut2-002.sgm-501.txt,0.0,count,false,15
reut2-002.sgm-501.txt,0.0,count,true,15
reut2-002.sgm-501.txt,0.0,gfidf,false,15
reut2-002.sgm-501.txt,0.0,gfidf,true,2
reut2-002.sgm-501.txt,0.0,idf,false,15
reut2-002.sgm-501.txt,0.0,idf,true,2
reut2-002.sgm-501.txt,0.0,logEntropy,false,15
reut2-002.sgm-501.txt,0.0,logEntropy,true,15
reut2-002.sgm-501.txt,0.0,normal,false,13
reut2-002.sgm-501.txt,0.0,normal,true,13
reut2-002.sgm-501.txt,0.0,tfidf,false,15
reut2-002.sgm-501.txt,0.0,tfidf,true,15
reut2-002.sgm-507.txt,0.0,binary,false,12
reut2-002.sgm-507.txt,0.0,binary,true,12
reut2-002.sgm-507.txt,0.0,count,false,12
reut2-002.sgm-507.txt,0.0,count,true,12
reut2-002.sgm-507.txt,0.0,gfidf,false,12
reut2-002.sgm-507.txt,0.0,gfidf,true,12
reut2-002.sgm-507.txt,0.0,idf,false,12
reut2-002.sgm-507.txt,0.0,idf,true,12
reut2-002.sgm-507.txt,0.0,logEntropy,false,12
reut2-002.sgm-507.txt,0.0,logEntropy,true,12
reut2-002.sgm-507.txt,0.0,normal,false,0
reut2-002.sgm-507.txt,0.0,normal,true,0
reut2-002.sgm-507.txt,0.0,tfidf,false,12
reut2-002.sgm-507.txt,0.0,tfidf,true,12
reut2-002.sgm-51.txt,0.0,binary,false,5
reut2-002.sgm-51.txt,0.0,binary,true,5
reut2-002.sgm-51.txt,0.0,count,false,5
reut2-002.sgm-51.txt,0.0,count,true,5
reut2-002.sgm-51.txt,0.0,gfidf,false,5
reut2-002.sgm-51.txt,0.0,gfidf,true,5
reut2-002.sgm-51.txt,0.0,idf,false,5
reut2-002.sgm-51.txt,0.0,idf,true,5
reut2-002.sgm-51.txt,0.0,logEntropy,false,5
reut2-002.sgm-51.txt,0.0,logEntropy,true,5
reut2-002.sgm-51.txt,0.0,normal,false,5
reut2-002.sgm-51.txt,0.0,normal,true,5
reut2-002.sgm-51.txt,0.0,tfidf,false,5
reut2-002.sgm-51.txt,0.0,tfidf,true,5
reut2-002.sgm-512.txt,0.0,binary,false,14
reut2-002.sgm-512.txt,0.0,binary,true,14
reut2-002.sgm-512.txt,0.0,count,false,10
reut2-002.sgm-512.txt,0.0,count,true,10
reut2-002.sgm-512.txt,0.0,gfidf,false,14
reut2-002.sgm-512.txt,0.0,gfidf,true,14
reut2-002.sgm-512.txt,0.0,idf,false,14
reut2-002.sgm-512.txt,0.0,idf,true,14
reut2-002.sgm-512.txt,0.0,logEntropy,false,14
reut2-002.sgm-512.txt,0.0,logEntropy,true,10
reut2-002.sgm-512.txt,0.0,normal,false,14
reut2-002.sgm-512.txt,0.0,normal,true,10
reut2-002.sgm-512.txt,0.0,tfidf,false,14
reut2-002.sgm-512.txt,0.0,tfidf,true,14
reut2-002.sgm-513.txt,0.0,binary,false,9
reut2-002.sgm-513.txt,0.0,binary,true,3
reut2-002.sgm-513.txt,0.0,count,false,11
reut2-002.sgm-513.txt,0.0,count,true,11
reut2-002.sgm-513.txt,0.0,gfidf,false,9
reut2-002.sgm-513.txt,0.0,gfidf,true,3
reut2-002.sgm-513.txt,0.0,idf,false,9
reut2-002.sgm-513.txt,0.0,idf,true,3
reut2-002.sgm-513.txt,0.0,logEntropy,false,11
reut2-002.sgm-513.txt,0.0,logEntropy,true,11
reut2-002.sgm-513.txt,0.0,normal,false,2
reut2-002.sgm-513.txt,0.0,normal,true,2
reut2-002.sgm-513.txt,0.0,tfidf,false,9
reut2-002.sgm-513.txt,0.0,tfidf,true,3
reut2-002.sgm-520.txt,3.740244507077193,binary,false,0
reut2-002.sgm-520.txt,3.740244507077193,binary,true,0
reut2-002.sgm-520.txt,3.740244507077193,count,false,0
reut2-002.sgm-520.txt,3.740244507077193,count,true,0
reut2-002.sgm-520.txt,3.740244507077193,gfidf,false,0
reut2-002.sgm-520.txt,3.740244507077193,gfidf,true,0
reut2-002.sgm-520.txt,3.740244507077193,idf,false,0
reut2-002.sgm-520.txt,3.740244507077193,idf,true,0
reut2-002.sgm-520.txt,3.740244507077193,logEntropy,false,0
reut2-002.sgm-520.txt,3.740244507077193,logEntropy,true,0
reut2-002.sgm-520.txt,3.740244507077193,normal,false,1
reut2-002.sgm-520.txt,3.740244507077193,normal,true,1
reut2-002.sgm-520.txt,3.740244507077193,tfidf,false,0
reut2-002.sgm-520.txt,3.740244507077193,tfidf,true,0
reut2-002.sgm-553.txt,2.119268045334097,binary,false,1
reut2-002.sgm-553.txt,2.119268045334097,binary,true,1
reut2-002.sgm-553.txt,2.119268045334097,count,false,1
reut2-002.sgm-553.txt,2.119268045334097,count,true,1
reut2-002.sgm-553.txt,2.119268045334097,gfidf,false,1
reut2-002.sgm-553.txt,2.119268045334097,gfidf,true,1
reut2-002.sgm-553.txt,2.119268045334097,idf,false,1
reut2-002.sgm-553.txt,2.119268045334097,idf,true,1
reut2-002.sgm-553.txt,2.119268045334097,logEntropy,false,1
reut2-002.sgm-553.txt,2.119268045334097,logEntropy,true,1
reut2-002.sgm-553.txt,2.119268045334097,normal,false,1
reut2-002.sgm-553.txt,2.119268045334097,normal,true,1
reut2-002.sgm-553.txt,2.119268045334097,tfidf,false,1
reut2-002.sgm-553.txt,2.119268045334097,tfidf,true,1
reut2-002.sgm-562.txt,2.732842751344987,binary,false,1
reut2-002.sgm-562.txt,2.732842751344987,binary,true,0
reut2-002.sgm-562.txt,2.732842751344987,count,false,2
reut2-002.sgm-562.txt,2.732842751344987,count,true,2
reut2-002.sgm-562.txt,2.732842751344987,gfidf,false,1
reut2-002.sgm-562.txt,2.732842751344987,gfidf,true,0
reut2-002.sgm-562.txt,2.732842751344987,idf,false,1
reut2-002.sgm-562.txt,2.732842751344987,idf,true,0
reut2-002.sgm-562.txt,2.732842751344987,logEntropy,false,1
reut2-002.sgm-562.txt,2.732842751344987,logEntropy,true,2
reut2-002.sgm-562.txt,2.732842751344987,normal,false,1
reut2-002.sgm-562.txt,2.732842751344987,normal,true,2
reut2-002.sgm-562.txt,2.732842751344987,tfidf,false,1
reut2-002.sgm-562.txt,2.732842751344987,tfidf,true,1
reut2-002.sgm-595.txt,0.0,binary,false,12
reut2-002.sgm-595.txt,0.0,binary,true,0
reut2-002.sgm-595.txt,0.0,count,false,12
reut2-002.sgm-595.txt,0.0,count,true,2
reut2-002.sgm-595.txt,0.0,gfidf,false,12
reut2-002.sgm-595.txt,0.0,gfidf,true,12
reut2-002.sgm-595.txt,0.0,idf,false,12
reut2-002.sgm-595.txt,0.0,idf,true,12
reut2-002.sgm-595.txt,0.0,logEntropy,false,12
reut2-002.sgm-595.txt,0.0,logEntropy,true,12
reut2-002.sgm-595.txt,0.0,normal,false,0
reut2-002.sgm-595.txt,0.0,normal,true,0
reut2-002.sgm-595.txt,0.0,tfidf,false,12
reut2-002.sgm-595.txt,0.0,tfidf,true,12
reut2-002.sgm-60.txt,0.0,binary,false,10
reut2-002.sgm-60.txt,0.0,binary,true,10
reut2-002.sgm-60.txt,0.0,count,false,10
reut2-002.sgm-60.txt,0.0,count,true,10
reut2-002.sgm-60.txt,0.0,gfidf,false,10
reut2-002.sgm-60.txt,0.0,gfidf,true,10
reut2-002.sgm-60.txt,0.0,idf,false,10
reut2-002.sgm-60.txt,0.0,idf,true,10
reut2-002.sgm-60.txt,0.0,logEntropy,false,10
reut2-002.sgm-60.txt,0.0,logEntropy,true,10
reut2-002.sgm-60.txt,0.0,normal,false,4
reut2-002.sgm-60.txt,0.0,normal,true,4
reut2-002.sgm-60.txt,0.0,tfidf,false,10
reut2-002.sgm-60.txt,0.0,tfidf,true,10
reut2-002.sgm-617.txt,0.0,binary,false,41
reut2-002.sgm-617.txt,0.0,binary,true,41
reut2-002.sgm-617.txt,0.0,count,false,40
reut2-002.sgm-617.txt,0.0,count,true,41
reut2-002.sgm-617.txt,0.0,gfidf,false,41
reut2-002.sgm-617.txt,0.0,gfidf,true,34
reut2-002.sgm-617.txt,0.0,idf,false,51
reut2-002.sgm-617.txt,0.0,idf,true,41
reut2-002.sgm-617.txt,0.0,logEntropy,false,41
reut2-002.sgm-617.txt,0.0,logEntropy,true,41
reut2-002.sgm-617.txt,0.0,normal,false,46
reut2-002.sgm-617.txt,0.0,normal,true,17
reut2-002.sgm-617.txt,0.0,tfidf,false,34
reut2-002.sgm-617.txt,0.0,tfidf,true,34
reut2-002.sgm-63.txt,4.331823073688682,binary,false,0
reut2-002.sgm-63.txt,4.331823073688682,binary,true,0
reut2-002.sgm-63.txt,4.331823073688682,count,false,0
reut2-002.sgm-63.txt,4.331823073688682,count,true,0
reut2-002.sgm-63.txt,4.331823073688682,gfidf,false,0
reut2-002.sgm-63.txt,4.331823073688682,gfidf,true,0
reut2-002.sgm-63.txt,4.331823073688682,idf,false,0
reut2-002.sgm-63.txt,4.331823073688682,idf,true,0
reut2-002.sgm-63.txt,4.331823073688682,logEntropy,false,0
reut2-002.sgm-63.txt,4.331823073688682,logEntropy,true,0
reut2-002.sgm-63.txt,4.331823073688682,normal,false,0
reut2-002.sgm-63.txt,4.331823073688682,normal,true,0
reut2-002.sgm-63.txt,4.331823073688682,tfidf,false,0
reut2-002.sgm-63.txt,4.331823073688682,tfidf,true,0
reut2-002.sgm-685.txt,0.0,binary,false,8
reut2-002.sgm-685.txt,0.0,binary,true,4
reut2-002.sgm-685.txt,0.0,count,false,8
reut2-002.sgm-685.txt,0.0,count,true,8
reut2-002.sgm-685.txt,0.0,gfidf,false,8
reut2-002.sgm-685.txt,0.0,gfidf,true,4
reut2-002.sgm-685.txt,0.0,idf,false,6
reut2-002.sgm-685.txt,0.0,idf,true,6
reut2-002.sgm-685.txt,0.0,logEntropy,false,8
reut2-002.sgm-685.txt,0.0,logEntropy,true,8
reut2-002.sgm-685.txt,0.0,normal,false,8
reut2-002.sgm-685.txt,0.0,normal,true,4
reut2-002.sgm-685.txt,0.0,tfidf,false,1
reut2-002.sgm-685.txt,0.0,tfidf,true,6
reut2-002.sgm-696.txt,0.0,binary,false,9
reut2-002.sgm-696.txt,0.0,binary,true,12
reut2-002.sgm-696.txt,0.0,count,false,12
reut2-002.sgm-696.txt,0.0,count,true,12
reut2-002.sgm-696.txt,0.0,gfidf,false,12
reut2-002.sgm-696.txt,0.0,gfidf,true,12
reut2-002.sgm-696.txt,0.0,idf,false,12
reut2-002.sgm-696.txt,0.0,idf,true,12
reut2-002.sgm-696.txt,0.0,logEntropy,false,12
reut2-002.sgm-696.txt,0.0,logEntropy,true,12
reut2-002.sgm-696.txt,0.0,normal,false,5
reut2-002.sgm-696.txt,0.0,normal,true,5
reut2-002.sgm-696.txt,0.0,tfidf,false,12
reut2-002.sgm-696.txt,0.0,tfidf,true,12
reut2-002.sgm-708.txt,0.0,binary,false,1
reut2-002.sgm-708.txt,0.0,binary,true,1
reut2-002.sgm-708.txt,0.0,count,false,8
reut2-002.sgm-708.txt,0.0,count,true,3
reut2-002.sgm-708.txt,0.0,gfidf,false,8
reut2-002.sgm-708.txt,0.0,gfidf,true,11
reut2-002.sgm-708.txt,0.0,idf,false,1
reut2-002.sgm-708.txt,0.0,idf,true,1
reut2-002.sgm-708.txt,0.0,logEntropy,false,8
reut2-002.sgm-708.txt,0.0,logEntropy,true,3
reut2-002.sgm-708.txt,0.0,normal,false,0
reut2-002.sgm-708.txt,0.0,normal,true,3
reut2-002.sgm-708.txt,0.0,tfidf,false,1
reut2-002.sgm-708.txt,0.0,tfidf,true,1
reut2-002.sgm-724.txt,0.0,binary,false,1
reut2-002.sgm-724.txt,0.0,binary,true,1
reut2-002.sgm-724.txt,0.0,count,false,1
reut2-002.sgm-724.txt,0.0,count,true,1
reut2-002.sgm-724.txt,0.0,gfidf,false,1
reut2-002.sgm-724.txt,0.0,gfidf,true,1
reut2-002.sgm-724.txt,0.0,idf,false,1
reut2-002.sgm-724.txt,0.0,idf,true,1
reut2-002.sgm-724.txt,0.0,logEntropy,false,1
reut2-002.sgm-724.txt,0.0,logEntropy,true,1
reut2-002.sgm-724.txt,0.0,normal,false,1
reut2-002.sgm-724.txt,0.0,normal,true,31
reut2-002.sgm-724.txt,0.0,tfidf,false,1
reut2-002.sgm-724.txt,0.0,tfidf,true,27
reut2-002.sgm-741.txt,0.0,binary,false,8
reut2-002.sgm-741.txt,0.0,binary,true,2
reut2-002.sgm-741.txt,0.0,count,false,8
reut2-002.sgm-741.txt,0.0,count,true,2
reut2-002.sgm-741.txt,0.0,gfidf,false,8
reut2-002.sgm-741.txt,0.0,gfidf,true,2
reut2-002.sgm-741.txt,0.0,idf,false,8
reut2-002.sgm-741.txt,0.0,idf,true,2
reut2-002.sgm-741.txt,0.0,logEntropy,false,8
reut2-002.sgm-741.txt,0.0,logEntropy,true,2
reut2-002.sgm-741.txt,0.0,normal,false,8
reut2-002.sgm-741.txt,0.0,normal,true,5
reut2-002.sgm-741.txt,0.0,tfidf,false,2
reut2-002.sgm-741.txt,0.0,tfidf,true,2
reut2-002.sgm-757.txt,0.0,binary,false,4
reut2-002.sgm-757.txt,0.0,binary,true,2
reut2-002.sgm-757.txt,0.0,count,false,4
reut2-002.sgm-757.txt,0.0,count,true,4
reut2-002.sgm-757.txt,0.0,gfidf,false,4
reut2-002.sgm-757.txt,0.0,gfidf,true,2
reut2-002.sgm-757.txt,0.0,idf,false,4
reut2-002.sgm-757.txt,0.0,idf,true,2
reut2-002.sgm-757.txt,0.0,logEntropy,false,4
reut2-002.sgm-757.txt,0.0,logEntropy,true,2
reut2-002.sgm-757.txt,0.0,normal,false,2
reut2-002.sgm-757.txt,0.0,normal,true,2
reut2-002.sgm-757.txt,0.0,tfidf,false,2
reut2-002.sgm-757.txt,0.0,tfidf,true,2
reut2-002.sgm-758.txt,4.401420420561973,binary,false,0
reut2-002.sgm-758.txt,4.401420420561973,binary,true,0
reut2-002.sgm-758.txt,4.401420420561973,count,false,0
reut2-002.sgm-758.txt,4.401420420561973,count,true,0
reut2-002.sgm-758.txt,4.401420420561973,gfidf,false,0
reut2-002.sgm-758.txt,4.401420420561973,gfidf,true,0
reut2-002.sgm-758.txt,4.401420420561973,idf,false,0
reut2-002.sgm-758.txt,4.401420420561973,idf,true,0
reut2-002.sgm-758.txt,4.401420420561973,logEntropy,false,0
reut2-002.sgm-758.txt,4.401420420561973,logEntropy,true,0
reut2-002.sgm-758.txt,4.401420420561973,normal,false,0
reut2-002.sgm-758.txt,4.401420420561973,normal,true,0
reut2-002.sgm-758.txt,4.401420420561973,tfidf,false,0
reut2-002.sgm-758.txt,4.401420420561973,tfidf,true,0
reut2-002.sgm-77.txt,0.0,binary,false,0
reut2-002.sgm-77.txt,0.0,binary,true,0
reut2-002.sgm-77.txt,0.0,count,false,0
reut2-002.sgm-77.txt,0.0,count,true,13
reut2-002.sgm-77.txt,0.0,gfidf,false,0
reut2-002.sgm-77.txt,0.0,gfidf,true,0
reut2-002.sgm-77.txt,0.0,idf,false,0
reut2-002.sgm-77.txt,0.0,idf,true,0
reut2-002.sgm-77.txt,0.0,logEntropy,false,0
reut2-002.sgm-77.txt,0.0,logEntropy,true,0
reut2-002.sgm-77.txt,0.0,normal,false,0
reut2-002.sgm-77.txt,0.0,normal,true,0
reut2-002.sgm-77.txt,0.0,tfidf,false,32
reut2-002.sgm-77.txt,0.0,tfidf,true,13
reut2-002.sgm-774.txt,0.0,binary,false,20
reut2-002.sgm-774.txt,0.0,binary,true,1
reut2-002.sgm-774.txt,0.0,count,false,21
reut2-002.sgm-774.txt,0.0,count,true,1
reut2-002.sgm-774.txt,0.0,gfidf,false,20
reut2-002.sgm-774.txt,0.0,gfidf,true,20
reut2-002.sgm-774.txt,0.0,idf,false,20
reut2-002.sgm-774.txt,0.0,idf,true,20
reut2-002.sgm-774.txt,0.0,logEntropy,false,20
reut2-002.sgm-774.txt,0.0,logEntropy,true,1
reut2-002.sgm-774.txt,0.0,normal,false,27
reut2-002.sgm-774.txt,0.0,normal,true,10
reut2-002.sgm-774.txt,0.0,tfidf,false,20
reut2-002.sgm-774.txt,0.0,tfidf,true,20
reut2-002.sgm-775.txt,0.0,binary,false,4
reut2-002.sgm-775.txt,0.0,binary,true,0
reut2-002.sgm-775.txt,0.0,count,false,4
reut2-002.sgm-775.txt,0.0,count,true,0
reut2-002.sgm-775.txt,0.0,gfidf,false,4
reut2-002.sgm-775.txt,0.0,gfidf,true,0
reut2-002.sgm-775.txt,0.0,idf,false,5
reut2-002.sgm-775.txt,0.0,idf,true,5
reut2-002.sgm-775.txt,0.0,logEntropy,false,4
reut2-002.sgm-775.txt,0.0,logEntropy,true,0
reut2-002.sgm-775.txt,0.0,normal,false,4
reut2-002.sgm-775.txt,0.0,normal,true,0
reut2-002.sgm-775.txt,0.0,tfidf,false,6
reut2-002.sgm-775.txt,0.0,tfidf,true,6
reut2-002.sgm-782.txt,2.82842712474619,binary,false,4
reut2-002.sgm-782.txt,2.82842712474619,binary,true,0
reut2-002.sgm-782.txt,2.82842712474619,count,false,0
reut2-002.sgm-782.txt,2.82842712474619,count,true,0
reut2-002.sgm-782.txt,2.82842712474619,gfidf,false,4
reut2-002.sgm-782.txt,2.82842712474619,gfidf,true,0
reut2-002.sgm-782.txt,2.82842712474619,idf,false,4
reut2-002.sgm-782.txt,2.82842712474619,idf,true,0
reut2-002.sgm-782.txt,2.82842712474619,logEntropy,false,4
reut2-002.sgm-782.txt,2.82842712474619,logEntropy,true,0
reut2-002.sgm-782.txt,2.82842712474619,normal,false,0
reut2-002.sgm-782.txt,2.82842712474619,normal,true,0
reut2-002.sgm-782.txt,2.82842712474619,tfidf,false,4
reut2-002.sgm-782.txt,2.82842712474619,tfidf,true,4
reut2-002.sgm-790.txt,2.101513277306439,binary,false,4
reut2-002.sgm-790.txt,2.101513277306439,binary,true,4
reut2-002.sgm-790.txt,2.101513277306439,count,false,0
reut2-002.sgm-790.txt,2.101513277306439,count,true,0
reut2-002.sgm-790.txt,2.101513277306439,gfidf,false,4
reut2-002.sgm-790.txt,2.101513277306439,gfidf,true,4
reut2-002.sgm-790.txt,2.101513277306439,idf,false,4
reut2-002.sgm-790.txt,2.101513277306439,idf,true,4
reut2-002.sgm-790.txt,2.101513277306439,logEntropy,false,0
reut2-002.sgm-790.txt,2.101513277306439,logEntropy,true,0
reut2-002.sgm-790.txt,2.101513277306439,normal,false,4
reut2-002.sgm-790.txt,2.101513277306439,normal,true,4
reut2-002.sgm-790.txt,2.101513277306439,tfidf,false,4
reut2-002.sgm-790.txt,2.101513277306439,tfidf,true,4
reut2-002.sgm-791.txt,3.4871743036618024,binary,false,0
reut2-002.sgm-791.txt,3.4871743036618024,binary,true,0
reut2-002.sgm-791.txt,3.4871743036618024,count,false,0
reut2-002.sgm-791.txt,3.4871743036618024,count,true,0
reut2-002.sgm-791.txt,3.4871743036618024,gfidf,false,0
reut2-002.sgm-791.txt,3.4871743036618024,gfidf,true,0
reut2-002.sgm-791.txt,3.4871743036618024,idf,false,5
reut2-002.sgm-791.txt,3.4871743036618024,idf,true,0
reut2-002.sgm-791.txt,3.4871743036618024,logEntropy,false,0
reut2-002.sgm-791.txt,3.4871743036618024,logEntropy,true,0
reut2-002.sgm-791.txt,3.4871743036618024,normal,false,0
reut2-002.sgm-791.txt,3.4871743036618024,normal,true,0
reut2-002.sgm-791.txt,3.4871743036618024,tfidf,false,23
reut2-002.sgm-791.txt,3.4871743036618024,tfidf,true,1
reut2-002.sgm-795.txt,0.0,binary,false,6
reut2-002.sgm-795.txt,0.0,binary,true,6
reut2-002.sgm-795.txt,0.0,count,false,6
reut2-002.sgm-795.txt,0.0,count,true,6
reut2-002.sgm-795.txt,0.0,gfidf,false,6
reut2-002.sgm-795.txt,0.0,gfidf,true,6
reut2-002.sgm-795.txt,0.0,idf,false,6
reut2-002.sgm-795.txt,0.0,idf,true,6
reut2-002.sgm-795.txt,0.0,logEntropy,false,6
reut2-002.sgm-795.txt,0.0,logEntropy,true,6
reut2-002.sgm-795.txt,0.0,normal,false,8
reut2-002.sgm-795.txt,0.0,normal,true,6
reut2-002.sgm-795.txt,0.0,tfidf,false,6
reut2-002.sgm-795.txt,0.0,tfidf,true,6
reut2-002.sgm-798.txt,0.0,binary,false,9
reut2-002.sgm-798.txt,0.0,binary,true,4
reut2-002.sgm-798.txt,0.0,count,false,4
reut2-002.sgm-798.txt,0.0,count,true,4
reut2-002.sgm-798.txt,0.0,gfidf,false,9
reut2-002.sgm-798.txt,0.0,gfidf,true,4
reut2-002.sgm-798.txt,0.0,idf,false,9
reut2-002.sgm-798.txt,0.0,idf,true,1
reut2-002.sgm-798.txt,0.0,logEntropy,false,9
reut2-002.sgm-798.txt,0.0,logEntropy,true,4
reut2-002.sgm-798.txt,0.0,normal,false,9
reut2-002.sgm-798.txt,0.0,normal,true,9
reut2-002.sgm-798.txt,0.0,tfidf,false,4
reut2-002.sgm-798.txt,0.0,tfidf,true,4
reut2-002.sgm-801.txt,0.0,binary,false,5
reut2-002.sgm-801.txt,0.0,binary,true,5
reut2-002.sgm-801.txt,0.0,count,false,2
reut2-002.sgm-801.txt,0.0,count,true,2
reut2-002.sgm-801.txt,0.0,gfidf,false,5
reut2-002.sgm-801.txt,0.0,gfidf,true,5
reut2-002.sgm-801.txt,0.0,idf,false,5
reut2-002.sgm-801.txt,0.0,idf,true,5
reut2-002.sgm-801.txt,0.0,logEntropy,false,5
reut2-002.sgm-801.txt,0.0,logEntropy,true,5
reut2-002.sgm-801.txt,0.0,normal,false,0
reut2-002.sgm-801.txt,0.0,normal,true,0
reut2-002.sgm-801.txt,0.0,tfidf,false,5
reut2-002.sgm-801.txt,0.0,tfidf,true,5
reut2-002.sgm-804.txt,0.0,binary,false,3
reut2-002.sgm-804.txt,0.0,binary,true,3
reut2-002.sgm-804.txt,0.0,count,false,3
reut2-002.sgm-804.txt,0.0,count,true,3
reut2-002.sgm-804.txt,0.0,gfidf,false,3
reut2-002.sgm-804.txt,0.0,gfidf,true,3
reut2-002.sgm-804.txt,0.0,idf,false,3
reut2-002.sgm-804.txt,0.0,idf,true,3
reut2-002.sgm-804.txt,0.0,logEntropy,false,3
reut2-002.sgm-804.txt,0.0,logEntropy,true,3
reut2-002.sgm-804.txt,0.0,normal,false,3
reut2-002.sgm-804.txt,0.0,normal,true,3
reut2-002.sgm-804.txt,0.0,tfidf,false,13
reut2-002.sgm-804.txt,0.0,tfidf,true,3
reut2-002.sgm-823.txt,2.1815432972869333,binary,false,1
reut2-002.sgm-823.txt,2.1815432972869333,binary,true,1
reut2-002.sgm-823.txt,2.1815432972869333,count,false,1
reut2-002.sgm-823.txt,2.1815432972869333,count,true,1
reut2-002.sgm-823.txt,2.1815432972869333,gfidf,false,1
reut2-002.sgm-823.txt,2.1815432972869333,gfidf,true,1
reut2-002.sgm-823.txt,2.1815432972869333,idf,false,1
reut2-002.sgm-823.txt,2.1815432972869333,idf,true,1
reut2-002.sgm-823.txt,2.1815432972869333,logEntropy,false,1
reut2-002.sgm-823.txt,2.1815432972869333,logEntropy,true,1
reut2-002.sgm-823.txt,2.1815432972869333,normal,false,10
reut2-002.sgm-823.txt,2.1815432972869333,normal,true,10
reut2-002.sgm-823.txt,2.1815432972869333,tfidf,false,13
reut2-002.sgm-823.txt,2.1815432972869333,tfidf,true,1
reut2-002.sgm-827.txt,0.0,binary,false,6
reut2-002.sgm-827.txt,0.0,binary,true,6
reut2-002.sgm-827.txt,0.0,count,false,6
reut2-002.sgm-827.txt,0.0,count,true,6
reut2-002.sgm-827.txt,0.0,gfidf,false,6
reut2-002.sgm-827.txt,0.0,gfidf,true,6
reut2-002.sgm-827.txt,0.0,idf,false,6
reut2-002.sgm-827.txt,0.0,idf,true,6
reut2-002.sgm-827.txt,0.0,logEntropy,false,6
reut2-002.sgm-827.txt,0.0,logEntropy,true,6
reut2-002.sgm-827.txt,0.0,normal,false,3
reut2-002.sgm-827.txt,0.0,normal,true,3
reut2-002.sgm-827.txt,0.0,tfidf,false,6
reut2-002.sgm-827.txt,0.0,tfidf,true,6
reut2-002.sgm-832.txt,0.0,binary,false,15
reut2-002.sgm-832.txt,0.0,binary,true,8
reut2-002.sgm-832.txt,0.0,count,false,23
reut2-002.sgm-832.txt,0.0,count,true,23
reut2-002.sgm-832.txt,0.0,gfidf,false,7
reut2-002.sgm-832.txt,0.0,gfidf,true,8
reut2-002.sgm-832.txt,0.0,idf,false,15
reut2-002.sgm-832.txt,0.0,idf,true,19
reut2-002.sgm-832.txt,0.0,logEntropy,false,23
reut2-002.sgm-832.txt,0.0,logEntropy,true,8
reut2-002.sgm-832.txt,0.0,normal,false,8
reut2-002.sgm-832.txt,0.0,normal,true,8
reut2-002.sgm-832.txt,0.0,tfidf,false,19
reut2-002.sgm-832.txt,0.0,tfidf,true,19
reut2-002.sgm-863.txt,0.0,binary,false,0
reut2-002.sgm-863.txt,0.0,binary,true,0
reut2-002.sgm-863.txt,0.0,count,false,10
reut2-002.sgm-863.txt,0.0,count,true,17
reut2-002.sgm-863.txt,0.0,gfidf,false,0
reut2-002.sgm-863.txt,0.0,gfidf,true,0
reut2-002.sgm-863.txt,0.0,idf,false,10
reut2-002.sgm-863.txt,0.0,idf,true,17
reut2-002.sgm-863.txt,0.0,logEntropy,false,10
reut2-002.sgm-863.txt,0.0,logEntropy,true,10
reut2-002.sgm-863.txt,0.0,normal,false,0
reut2-002.sgm-863.txt,0.0,normal,true,0
reut2-002.sgm-863.txt,0.0,tfidf,false,17
reut2-002.sgm-863.txt,0.0,tfidf,true,17
reut2-002.sgm-877.txt,0.0,binary,false,1
reut2-002.sgm-877.txt,0.0,binary,true,1
reut2-002.sgm-877.txt,0.0,count,false,1
reut2-002.sgm-877.txt,0.0,count,true,1
reut2-002.sgm-877.txt,0.0,gfidf,false,1
reut2-002.sgm-877.txt,0.0,gfidf,true,1
reut2-002.sgm-877.txt,0.0,idf,false,1
reut2-002.sgm-877.txt,0.0,idf,true,16
reut2-002.sgm-877.txt,0.0,logEntropy,false,1
reut2-002.sgm-877.txt,0.0,logEntropy,true,1
reut2-002.sgm-877.txt,0.0,normal,false,1
reut2-002.sgm-877.txt,0.0,normal,true,1
reut2-002.sgm-877.txt,0.0,tfidf,false,27
reut2-002.sgm-877.txt,0.0,tfidf,true,16
reut2-002.sgm-905.txt,0.0,binary,false,13
reut2-002.sgm-905.txt,0.0,binary,true,13
reut2-002.sgm-905.txt,0.0,count,false,13
reut2-002.sgm-905.txt,0.0,count,true,13
reut2-002.sgm-905.txt,0.0,gfidf,false,13
reut2-002.sgm-905.txt,0.0,gfidf,true,13
reut2-002.sgm-905.txt,0.0,idf,false,13
reut2-002.sgm-905.txt,0.0,idf,true,13
reut2-002.sgm-905.txt,0.0,logEntropy,false,13
reut2-002.sgm-905.txt,0.0,logEntropy,true,13
reut2-002.sgm-905.txt,0.0,normal,false,0
reut2-002.sgm-905.txt,0.0,normal,true,0
reut2-002.sgm-905.txt,0.0,tfidf,false,13
reut2-002.sgm-905.txt,0.0,tfidf,true,13
reut2-002.sgm-923.txt,0.0,binary,false,1
reut2-002.sgm-923.txt,0.0,binary,true,1
reut2-002.sgm-923.txt,0.0,count,false,1
reut2-002.sgm-923.txt,0.0,count,true,0
reut2-002.sgm-923.txt,0.0,gfidf,false,1
reut2-002.sgm-923.txt,0.0,gfidf,true,16
reut2-002.sgm-923.txt,0.0,idf,false,1
reut2-002.sgm-923.txt,0.0,idf,true,18
reut2-002.sgm-923.txt,0.0,logEntropy,false,1
reut2-002.sgm-923.txt,0.0,logEntropy,true,0
reut2-002.sgm-923.txt,0.0,normal,false,0
reut2-002.sgm-923.txt,0.0,normal,true,0
reut2-002.sgm-923.txt,0.0,tfidf,false,18
reut2-002.sgm-923.txt,0.0,tfidf,true,16
reut2-002.sgm-924.txt,0.0,binary,false,3
reut2-002.sgm-924.txt,0.0,binary,true,3
reut2-002.sgm-924.txt,0.0,count,false,12
reut2-002.sgm-924.txt,0.0,count,true,12
reut2-002.sgm-924.txt,0.0,gfidf,false,3
reut2-002.sgm-924.txt,0.0,gfidf,true,12
reut2-002.sgm-924.txt,0.0,idf,false,3
reut2-002.sgm-924.txt,0.0,idf,true,3
reut2-002.sgm-924.txt,0.0,logEntropy,false,12
reut2-002.sgm-924.txt,0.0,logEntropy,true,12
reut2-002.sgm-924.txt,0.0,normal,false,12
reut2-002.sgm-924.txt,0.0,normal,true,12
reut2-002.sgm-924.txt,0.0,tfidf,false,3
reut2-002.sgm-924.txt,0.0,tfidf,true,12
reut2-002.sgm-947.txt,1.414213562373095,binary,false,12
reut2-002.sgm-947.txt,1.414213562373095,binary,true,12
reut2-002.sgm-947.txt,1.414213562373095,count,false,9
reut2-002.sgm-947.txt,1.414213562373095,count,true,12
reut2-002.sgm-947.txt,1.414213562373095,gfidf,false,12
reut2-002.sgm-947.txt,1.414213562373095,gfidf,true,12
reut2-002.sgm-947.txt,1.414213562373095,idf,false,12
reut2-002.sgm-947.txt,1.414213562373095,idf,true,12
reut2-002.sgm-947.txt,1.414213562373095,logEntropy,false,12
reut2-002.sgm-947.txt,1.414213562373095,logEntropy,true,12
reut2-002.sgm-947.txt,1.414213562373095,normal,false,13
reut2-002.sgm-947.txt,1.414213562373095,normal,true,13
reut2-002.sgm-947.txt,1.414213562373095,tfidf,false,12
reut2-002.sgm-947.txt,1.414213562373095,tfidf,true,12
reut2-002.sgm-967.txt,2.0,binary,false,1
reut2-002.sgm-967.txt,2.0,binary,true,9
reut2-002.sgm-967.txt,2.0,count,false,1
reut2-002.sgm-967.txt,2.0,count,true,9
reut2-002.sgm-967.txt,2.0,gfidf,false,1
reut2-002.sgm-967.txt,2.0,gfidf,true,9
reut2-002.sgm-967.txt,2.0,idf,false,1
reut2-002.sgm-967.txt,2.0,idf,true,9
reut2-002.sgm-967.txt,2.0,logEntropy,false,1
reut2-002.sgm-967.txt,2.0,logEntropy,true,9
reut2-002.sgm-967.txt,2.0,normal,false,8
reut2-002.sgm-967.txt,2.0,normal,true,8
reut2-002.sgm-967.txt,2.0,tfidf,false,1
reut2-002.sgm-967.txt,2.0,tfidf,true,1
reut2-002.sgm-972.txt,0.0,binary,false,16
reut2-002.sgm-972.txt,0.0,binary,true,16
reut2-002.sgm-972.txt,0.0,count,false,7
reut2-002.sgm-972.txt,0.0,count,true,16
reut2-002.sgm-972.txt,0.0,gfidf,false,16
reut2-002.sgm-972.txt,0.0,gfidf,true,16
reut2-002.sgm-972.txt,0.0,idf,false,16
reut2-002.sgm-972.txt,0.0,idf,true,16
reut2-002.sgm-972.txt,0.0,logEntropy,false,16
reut2-002.sgm-972.txt,0.0,logEntropy,true,16
reut2-002.sgm-972.txt,0.0,normal,false,7
reut2-002.sgm-972.txt,0.0,normal,true,0
reut2-002.sgm-972.txt,0.0,tfidf,false,16
reut2-002.sgm-972.txt,0.0,tfidf,true,16
reut2-002.sgm-978.txt,0.0,binary,false,19
reut2-002.sgm-978.txt,0.0,binary,true,24
reut2-002.sgm-978.txt,0.0,count,false,24
reut2-002.sgm-978.txt,0.0,count,true,24
reut2-002.sgm-978.txt,0.0,gfidf,false,19
reut2-002.sgm-978.txt,0.0,gfidf,true,24
reut2-002.sgm-978.txt,0.0,idf,false,19
reut2-002.sgm-978.txt,0.0,idf,true,24
reut2-002.sgm-978.txt,0.0,logEntropy,false,24
reut2-002.sgm-978.txt,0.0,logEntropy,true,24
reut2-002.sgm-978.txt,0.0,normal,false,0
reut2-002.sgm-978.txt,0.0,normal,true,0
reut2-002.sgm-978.txt,0.0,tfidf,false,19
reut2-002.sgm-978.txt,0.0,tfidf,true,24
reut2-002.sgm-985.txt,3.622894657055627,binary,false,0
reut2-002.sgm-985.txt,3.622894657055627,binary,true,0
reut2-002.sgm-985.txt,3.622894657055627,count,false,0
reut2-002.sgm-985.txt,3.622894657055627,count,true,0
reut2-002.sgm-985.txt,3.622894657055627,gfidf,false,0
reut2-002.sgm-985.txt,3.622894657055627,gfidf,true,0
reut2-002.sgm-985.txt,3.622894657055627,idf,false,0
reut2-002.sgm-985.txt,3.622894657055627,idf,true,0
reut2-002.sgm-985.txt,3.622894657055627,logEntropy,false,0
reut2-002.sgm-985.txt,3.622894657055627,logEntropy,true,0
reut2-002.sgm-985.txt,3.622894657055627,normal,false,0
reut2-002.sgm-985.txt,3.622894657055627,normal,true,0
reut2-002.sgm-985.txt,3.622894657055627,tfidf,false,3
reut2-002.sgm-985.txt,3.622894657055627,tfidf,true,0
reut2-002.sgm-987.txt,0.0,binary,false,21
reut2-002.sgm-987.txt,0.0,binary,true,21
reut2-002.sgm-987.txt,0.0,count,false,13
reut2-002.sgm-987.txt,0.0,count,true,21
reut2-002.sgm-987.txt,0.0,gfidf,false,21
reut2-002.sgm-987.txt,0.0,gfidf,true,21
reut2-002.sgm-987.txt,0.0,idf,false,21
reut2-002.sgm-987.txt,0.0,idf,true,21
reut2-002.sgm-987.txt,0.0,logEntropy,false,21
reut2-002.sgm-987.txt,0.0,logEntropy,true,21
reut2-002.sgm-987.txt,0.0,normal,false,3
reut2-002.sgm-987.txt,0.0,normal,true,21
reut2-002.sgm-987.txt,0.0,tfidf,false,21
reut2-002.sgm-987.txt,0.0,tfidf,true,21
reut2-002.sgm-990.txt,0.0,binary,false,16
reut2-002.sgm-990.txt,0.0,binary,true,16
reut2-002.sgm-990.txt,0.0,count,false,15
reut2-002.sgm-990.txt,0.0,count,true,15
reut2-002.sgm-990.txt,0.0,gfidf,false,16
reut2-002.sgm-990.txt,0.0,gfidf,true,15
reut2-002.sgm-990.txt,0.0,idf,false,16
reut2-002.sgm-990.txt,0.0,idf,true,16
reut2-002.sgm-990.txt,0.0,logEntropy,false,15
reut2-002.sgm-990.txt,0.0,logEntropy,true,15
reut2-002.sgm-990.txt,0.0,normal,false,15
reut2-002.sgm-990.txt,0.0,normal,true,15
reut2-002.sgm-990.txt,0.0,tfidf,false,16
reut2-002.sgm-990.txt,0.0,tfidf,true,16
reut2-002.sgm-991.txt,0.0,binary,false,11
reut2-002.sgm-991.txt,0.0,binary,true,26
reut2-002.sgm-991.txt,0.0,count,false,11
reut2-002.sgm-991.txt,0.0,count,true,16
reut2-002.sgm-991.txt,0.0,gfidf,false,11
reut2-002.sgm-991.txt,0.0,gfidf,true,26
reut2-002.sgm-991.txt,0.0,idf,false,11
reut2-002.sgm-991.txt,0.0,idf,true,11
reut2-002.sgm-991.txt,0.0,logEntropy,false,11
reut2-002.sgm-991.txt,0.0,logEntropy,true,26
reut2-002.sgm-991.txt,0.0,normal,false,0
reut2-002.sgm-991.txt,0.0,normal,true,0
reut2-002.sgm-991.txt,0.0,tfidf,false,11
reut2-002.sgm-991.txt,0.0,tfidf,true,16
reut2-003.sgm-110.txt,0.0,binary,false,18
reut2-003.sgm-110.txt,0.0,binary,true,14
reut2-003.sgm-110.txt,0.0,count,false,14
reut2-003.sgm-110.txt,0.0,count,true,14
reut2-003.sgm-110.txt,0.0,gfidf,false,14
reut2-003.sgm-110.txt,0.0,gfidf,true,14
reut2-003.sgm-110.txt,0.0,idf,false,18
reut2-003.sgm-110.txt,0.0,idf,true,14
reut2-003.sgm-110.txt,0.0,logEntropy,false,14
reut2-003.sgm-110.txt,0.0,logEntropy,true,14
reut2-003.sgm-110.txt,0.0,normal,false,14
reut2-003.sgm-110.txt,0.0,normal,true,14
reut2-003.sgm-110.txt,0.0,tfidf,false,18
reut2-003.sgm-110.txt,0.0,tfidf,true,11
reut2-003.sgm-111.txt,0.0,binary,false,0
reut2-003.sgm-111.txt,0.0,binary,true,0
reut2-003.sgm-111.txt,0.0,count,false,6
reut2-003.sgm-111.txt,0.0,count,true,6
reut2-003.sgm-111.txt,0.0,gfidf,false,7
reut2-003.sgm-111.txt,0.0,gfidf,true,6
reut2-003.sgm-111.txt,0.0,idf,false,6
reut2-003.sgm-111.txt,0.0,idf,true,6
reut2-003.sgm-111.txt,0.0,logEntropy,false,6
reut2-003.sgm-111.txt,0.0,logEntropy,true,6
reut2-003.sgm-111.txt,0.0,normal,false,8
reut2-003.sgm-111.txt,0.0,normal,true,11
reut2-003.sgm-111.txt,0.0,tfidf,false,7
reut2-003.sgm-111.txt,0.0,tfidf,true,6
reut2-003.sgm-114.txt,0.0,binary,false,13
reut2-003.sgm-114.txt,0.0,binary,true,13
reut2-003.sgm-114.txt,0.0,count,false,13
reut2-003.sgm-114.txt,0.0,count,true,8
reut2-003.sgm-114.txt,0.0,gfidf,false,13
reut2-003.sgm-114.txt,0.0,gfidf,true,13
reut2-003.sgm-114.txt,0.0,idf,false,3
reut2-003.sgm-114.txt,0.0,idf,true,9
reut2-003.sgm-114.txt,0.0,logEntropy,false,13
reut2-003.sgm-114.txt,0.0,logEntropy,true,13
reut2-003.sgm-114.txt,0.0,normal,false,13
reut2-003.sgm-114.txt,0.0,normal,true,13
reut2-003.sgm-114.txt,0.0,tfidf,false,9
reut2-003.sgm-114.txt,0.0,tfidf,true,9
reut2-003.sgm-12.txt,0.0,binary,false,7
reut2-003.sgm-12.txt,0.0,binary,true,6
reut2-003.sgm-12.txt,0.0,count,false,7
reut2-003.sgm-12.txt,0.0,count,true,7
reut2-003.sgm-12.txt,0.0,gfidf,false,7
reut2-003.sgm-12.txt,0.0,gfidf,true,6
reut2-003.sgm-12.txt,0.0,idf,false,7
reut2-003.sgm-12.txt,0.0,idf,true,14
reut2-003.sgm-12.txt,0.0,logEntropy,false,7
reut2-003.sgm-12.txt,0.0,logEntropy,true,7
reut2-003.sgm-12.txt,0.0,normal,false,8
reut2-003.sgm-12.txt,0.0,normal,true,8
reut2-003.sgm-12.txt,0.0,tfidf,false,7
reut2-003.sgm-12.txt,0.0,tfidf,true,7
reut2-003.sgm-147.txt,0.0,binary,false,24
reut2-003.sgm-147.txt,0.0,binary,true,24
reut2-003.sgm-147.txt,0.0,count,false,23
reut2-003.sgm-147.txt,0.0,count,true,24
reut2-003.sgm-147.txt,0.0,gfidf,false,24
reut2-003.sgm-147.txt,0.0,gfidf,true,24
reut2-003.sgm-147.txt,0.0,idf,false,23
reut2-003.sgm-147.txt,0.0,idf,true,24
reut2-003.sgm-147.txt,0.0,logEntropy,false,23
reut2-003.sgm-147.txt,0.0,logEntropy,true,24
reut2-003.sgm-147.txt,0.0,normal,false,23
reut2-003.sgm-147.txt,0.0,normal,true,23
reut2-003.sgm-147.txt,0.0,tfidf,false,23
reut2-003.sgm-147.txt,0.0,tfidf,true,23
reut2-003.sgm-154.txt,2.1632668007055322,binary,false,7
reut2-003.sgm-154.txt,2.1632668007055322,binary,true,4
reut2-003.sgm-154.txt,2.1632668007055322,count,false,1
reut2-003.sgm-154.txt,2.1632668007055322,count,true,1
reut2-003.sgm-154.txt,2.1632668007055322,gfidf,false,7
reut2-003.sgm-154.txt,2.1632668007055322,gfidf,true,0
reut2-003.sgm-154.txt,2.1632668007055322,idf,false,1
reut2-003.sgm-154.txt,2.1632668007055322,idf,true,3
reut2-003.sgm-154.txt,2.1632668007055322,logEntropy,false,7
reut2-003.sgm-154.txt,2.1632668007055322,logEntropy,true,0
reut2-003.sgm-154.txt,2.1632668007055322,normal,false,7
reut2-003.sgm-154.txt,2.1632668007055322,normal,true,0
reut2-003.sgm-154.txt,2.1632668007055322,tfidf,false,1
reut2-003.sgm-154.txt,2.1632668007055322,tfidf,true,3
reut2-003.sgm-18.txt,2.9719885782738973,binary,false,12
reut2-003.sgm-18.txt,2.9719885782738973,binary,true,0
reut2-003.sgm-18.txt,2.9719885782738973,count,false,0
reut2-003.sgm-18.txt,2.9719885782738973,count,true,0
reut2-003.sgm-18.txt,2.9719885782738973,gfidf,false,0
reut2-003.sgm-18.txt,2.9719885782738973,gfidf,true,0
reut2-003.sgm-18.txt,2.9719885782738973,idf,false,12
reut2-003.sgm-18.txt,2.9719885782738973,idf,true,0
reut2-003.sgm-18.txt,2.9719885782738973,logEntropy,false,0
reut2-003.sgm-18.txt,2.9719885782738973,logEntropy,true,0
reut2-003.sgm-18.txt,2.9719885782738973,normal,false,21
reut2-003.sgm-18.txt,2.9719885782738973,normal,true,21
reut2-003.sgm-18.txt,2.9719885782738973,tfidf,false,12
reut2-003.sgm-18.txt,2.9719885782738973,tfidf,true,12
reut2-003.sgm-187.txt,0.0,binary,false,0
reut2-003.sgm-187.txt,0.0,binary,true,1
reut2-003.sgm-187.txt,0.0,count,false,10
reut2-003.sgm-187.txt,0.0,count,true,10
reut2-003.sgm-187.txt,0.0,gfidf,false,10
reut2-003.sgm-187.txt,0.0,gfidf,true,9
reut2-003.sgm-187.txt,0.0,idf,false,25
reut2-003.sgm-187.txt,0.0,idf,true,25
reut2-003.sgm-187.txt,0.0,logEntropy,false,10
reut2-003.sgm-187.txt,0.0,logEntropy,true,10
reut2-003.sgm-187.txt,0.0,normal,false,9
reut2-003.sgm-187.txt,0.0,normal,true,9
reut2-003.sgm-187.txt,0.0,tfidf,false,25
reut2-003.sgm-187.txt,0.0,tfidf,true,25
reut2-003.sgm-19.txt,0.0,binary,false,26
reut2-003.sgm-19.txt,0.0,binary,true,26
reut2-003.sgm-19.txt,0.0,count,false,26
reut2-003.sgm-19.txt,0.0,count,true,26
reut2-003.sgm-19.txt,0.0,gfidf,false,26
reut2-003.sgm-19.txt,0.0,gfidf,true,26
reut2-003.sgm-19.txt,0.0,idf,false,26
reut2-003.sgm-19.txt,0.0,idf,true,26
reut2-003.sgm-19.txt,0.0,logEntropy,false,26
reut2-003.sgm-19.txt,0.0,logEntropy,true,26
reut2-003.sgm-19.txt,0.0,normal,false,0
reut2-003.sgm-19.txt,0.0,normal,true,0
reut2-003.sgm-19.txt,0.0,tfidf,false,26
reut2-003.sgm-19.txt,0.0,tfidf,true,26
reut2-003.sgm-191.txt,0.0,binary,false,0
reut2-003.sgm-191.txt,0.0,binary,true,0
reut2-003.sgm-191.txt,0.0,count,false,0
reut2-003.sgm-191.txt,0.0,count,true,0
reut2-003.sgm-191.txt,0.0,gfidf,false,0
reut2-003.sgm-191.txt,0.0,gfidf,true,0
reut2-003.sgm-191.txt,0.0,idf,false,0
reut2-003.sgm-191.txt,0.0,idf,true,6
reut2-003.sgm-191.txt,0.0,logEntropy,false,0
reut2-003.sgm-191.txt,0.0,logEntropy,true,0
reut2-003.sgm-191.txt,0.0,normal,false,0
reut2-003.sgm-191.txt,0.0,normal,true,0
reut2-003.sgm-191.txt,0.0,tfidf,false,7
reut2-003.sgm-191.txt,0.0,tfidf,true,9
reut2-003.sgm-216.txt,0.0,binary,false,7
reut2-003.sgm-216.txt,0.0,binary,true,5
reut2-003.sgm-216.txt,0.0,count,false,1
reut2-003.sgm-216.txt,0.0,count,true,7
reut2-003.sgm-216.txt,0.0,gfidf,false,1
reut2-003.sgm-216.txt,0.0,gfidf,true,7
reut2-003.sgm-216.txt,0.0,idf,false,7
reut2-003.sgm-216.txt,0.0,idf,true,5
reut2-003.sgm-216.txt,0.0,logEntropy,false,1
reut2-003.sgm-216.txt,0.0,logEntropy,true,5
reut2-003.sgm-216.txt,0.0,normal,false,1
reut2-003.sgm-216.txt,0.0,normal,true,7
reut2-003.sgm-216.txt,0.0,tfidf,false,7
reut2-003.sgm-216.txt,0.0,tfidf,true,7
reut2-003.sgm-22.txt,0.0,binary,false,9
reut2-003.sgm-22.txt,0.0,binary,true,9
reut2-003.sgm-22.txt,0.0,count,false,9
reut2-003.sgm-22.txt,0.0,count,true,9
reut2-003.sgm-22.txt,0.0,gfidf,false,9
reut2-003.sgm-22.txt,0.0,gfidf,true,9
reut2-003.sgm-22.txt,0.0,idf,false,9
reut2-003.sgm-22.txt,0.0,idf,true,9
reut2-003.sgm-22.txt,0.0,logEntropy,false,9
reut2-003.sgm-22.txt,0.0,logEntropy,true,9
reut2-003.sgm-22.txt,0.0,normal,false,9
reut2-003.sgm-22.txt,0.0,normal,true,9
reut2-003.sgm-22.txt,0.0,tfidf,false,9
reut2-003.sgm-22.txt,0.0,tfidf,true,9
reut2-003.sgm-23.txt,0.0,binary,false,15
reut2-003.sgm-23.txt,0.0,binary,true,15
reut2-003.sgm-23.txt,0.0,count,false,3
reut2-003.sgm-23.txt,0.0,count,true,9
reut2-003.sgm-23.txt,0.0,gfidf,false,5
reut2-003.sgm-23.txt,0.0,gfidf,true,15
reut2-003.sgm-23.txt,0.0,idf,false,5
reut2-003.sgm-23.txt,0.0,idf,true,9
reut2-003.sgm-23.txt,0.0,logEntropy,false,15
reut2-003.sgm-23.txt,0.0,logEntropy,true,9
reut2-003.sgm-23.txt,0.0,normal,false,15
reut2-003.sgm-23.txt,0.0,normal,true,15
reut2-003.sgm-23.txt,0.0,tfidf,false,5
reut2-003.sgm-23.txt,0.0,tfidf,true,9
reut2-003.sgm-241.txt,0.0,binary,false,8
reut2-003.sgm-241.txt,0.0,binary,true,8
reut2-003.sgm-241.txt,0.0,count,false,3
reut2-003.sgm-241.txt,0.0,count,true,3
reut2-003.sgm-241.txt,0.0,gfidf,false,9
reut2-003.sgm-241.txt,0.0,gfidf,true,6
reut2-003.sgm-241.txt,0.0,idf,false,3
reut2-003.sgm-241.txt,0.0,idf,true,2
reut2-003.sgm-241.txt,0.0,logEntropy,false,3
reut2-003.sgm-241.txt,0.0,logEntropy,true,6
reut2-003.sgm-241.txt,0.0,normal,false,8
reut2-003.sgm-241.txt,0.0,normal,true,14
reut2-003.sgm-241.txt,0.0,tfidf,false,2
reut2-003.sgm-241.txt,0.0,tfidf,true,6
reut2-003.sgm-26.txt,0.0,binary,false,14
reut2-003.sgm-26.txt,0.0,binary,true,14
reut2-003.sgm-26.txt,0.0,count,false,14
reut2-003.sgm-26.txt,0.0,count,true,14
reut2-003.sgm-26.txt,0.0,gfidf,false,14
reut2-003.sgm-26.txt,0.0,gfidf,true,14
reut2-003.sgm-26.txt,0.0,idf,false,14
reut2-003.sgm-26.txt,0.0,idf,true,14
reut2-003.sgm-26.txt,0.0,logEntropy,false,14
reut2-003.sgm-26.txt,0.0,logEntropy,true,14
reut2-003.sgm-26.txt,0.0,normal,false,3
reut2-003.sgm-26.txt,0.0,normal,true,3
reut2-003.sgm-26.txt,0.0,tfidf,false,14
reut2-003.sgm-26.txt,0.0,tfidf,true,14
reut2-003.sgm-260.txt,0.0,binary,false,13
reut2-003.sgm-260.txt,0.0,binary,true,13
reut2-003.sgm-260.txt,0.0,count,false,13
reut2-003.sgm-260.txt,0.0,count,true,13
reut2-003.sgm-260.txt,0.0,gfidf,false,13
reut2-003.sgm-260.txt,0.0,gfidf,true,13
reut2-003.sgm-260.txt,0.0,idf,false,13
reut2-003.sgm-260.txt,0.0,idf,true,13
reut2-003.sgm-260.txt,0.0,logEntropy,false,13
reut2-003.sgm-260.txt,0.0,logEntropy,true,13
reut2-003.sgm-260.txt,0.0,normal,false,0
reut2-003.sgm-260.txt,0.0,normal,true,0
reut2-003.sgm-260.txt,0.0,tfidf,false,13
reut2-003.sgm-260.txt,0.0,tfidf,true,13
reut2-003.sgm-266.txt,0.0,binary,false,3
reut2-003.sgm-266.txt,0.0,binary,true,3
reut2-003.sgm-266.txt,0.0,count,false,3
reut2-003.sgm-266.txt,0.0,count,true,3
reut2-003.sgm-266.txt,0.0,gfidf,false,3
reut2-003.sgm-266.txt,0.0,gfidf,true,3
reut2-003.sgm-266.txt,0.0,idf,false,3
reut2-003.sgm-266.txt,0.0,idf,true,3
reut2-003.sgm-266.txt,0.0,logEntropy,false,3
reut2-003.sgm-266.txt,0.0,logEntropy,true,3
reut2-003.sgm-266.txt,0.0,normal,false,3
reut2-003.sgm-266.txt,0.0,normal,true,3
reut2-003.sgm-266.txt,0.0,tfidf,false,3
reut2-003.sgm-266.txt,0.0,tfidf,true,6
reut2-003.sgm-282.txt,2.735048265415876,binary,false,1
reut2-003.sgm-282.txt,2.735048265415876,binary,true,0
reut2-003.sgm-282.txt,2.735048265415876,count,false,1
reut2-003.sgm-282.txt,2.735048265415876,count,true,0
reut2-003.sgm-282.txt,2.735048265415876,gfidf,false,1
reut2-003.sgm-282.txt,2.735048265415876,gfidf,true,0
reut2-003.sgm-282.txt,2.735048265415876,idf,false,1
reut2-003.sgm-282.txt,2.735048265415876,idf,true,1
reut2-003.sgm-282.txt,2.735048265415876,logEntropy,false,1
reut2-003.sgm-282.txt,2.735048265415876,logEntropy,true,0
reut2-003.sgm-282.txt,2.735048265415876,normal,false,0
reut2-003.sgm-282.txt,2.735048265415876,normal,true,0
reut2-003.sgm-282.txt,2.735048265415876,tfidf,false,1
reut2-003.sgm-282.txt,2.735048265415876,tfidf,true,1
reut2-003.sgm-283.txt,0.0,binary,false,15
reut2-003.sgm-283.txt,0.0,binary,true,0
reut2-003.sgm-283.txt,0.0,count,false,15
reut2-003.sgm-283.txt,0.0,count,true,0
reut2-003.sgm-283.txt,0.0,gfidf,false,15
reut2-003.sgm-283.txt,0.0,gfidf,true,0
reut2-003.sgm-283.txt,0.0,idf,false,5
reut2-003.sgm-283.txt,0.0,idf,true,0
reut2-003.sgm-283.txt,0.0,logEntropy,false,15
reut2-003.sgm-283.txt,0.0,logEntropy,true,0
reut2-003.sgm-283.txt,0.0,normal,false,0
reut2-003.sgm-283.txt,0.0,normal,true,0
reut2-003.sgm-283.txt,0.0,tfidf,false,5
reut2-003.sgm-283.txt,0.0,tfidf,true,16
reut2-003.sgm-286.txt,0.0,binary,false,10
reut2-003.sgm-286.txt,0.0,binary,true,10
reut2-003.sgm-286.txt,0.0,count,false,10
reut2-003.sgm-286.txt,0.0,count,true,10
reut2-003.sgm-286.txt,0.0,gfidf,false,10
reut2-003.sgm-286.txt,0.0,gfidf,true,10
reut2-003.sgm-286.txt,0.0,idf,false,1
reut2-003.sgm-286.txt,0.0,idf,true,1
reut2-003.sgm-286.txt,0.0,logEntropy,false,10
reut2-003.sgm-286.txt,0.0,logEntropy,true,10
reut2-003.sgm-286.txt,0.0,normal,false,10
reut2-003.sgm-286.txt,0.0,normal,true,10
reut2-003.sgm-286.txt,0.0,tfidf,false,1
reut2-003.sgm-286.txt,0.0,tfidf,true,1
reut2-003.sgm-29.txt,2.0,binary,false,1
reut2-003.sgm-29.txt,2.0,binary,true,1
reut2-003.sgm-29.txt,2.0,count,false,1
reut2-003.sgm-29.txt,2.0,count,true,1
reut2-003.sgm-29.txt,2.0,gfidf,false,1
reut2-003.sgm-29.txt,2.0,gfidf,true,1
reut2-003.sgm-29.txt,2.0,idf,false,1
reut2-003.sgm-29.txt,2.0,idf,true,1
reut2-003.sgm-29.txt,2.0,logEntropy,false,1
reut2-003.sgm-29.txt,2.0,logEntropy,true,1
reut2-003.sgm-29.txt,2.0,normal,false,13
reut2-003.sgm-29.txt,2.0,normal,true,1
reut2-003.sgm-29.txt,2.0,tfidf,false,5
reut2-003.sgm-29.txt,2.0,tfidf,true,1
reut2-003.sgm-30.txt,2.1352772944492213,binary,false,1
reut2-003.sgm-30.txt,2.1352772944492213,binary,true,7
reut2-003.sgm-30.txt,2.1352772944492213,count,false,1
reut2-003.sgm-30.txt,2.1352772944492213,count,true,7
reut2-003.sgm-30.txt,2.1352772944492213,gfidf,false,1
reut2-003.sgm-30.txt,2.1352772944492213,gfidf,true,7
reut2-003.sgm-30.txt,2.1352772944492213,idf,false,1
reut2-003.sgm-30.txt,2.1352772944492213,idf,true,1
reut2-003.sgm-30.txt,2.1352772944492213,logEntropy,false,1
reut2-003.sgm-30.txt,2.1352772944492213,logEntropy,true,7
reut2-003.sgm-30.txt,2.1352772944492213,normal,false,0
reut2-003.sgm-30.txt,2.1352772944492213,normal,true,7
reut2-003.sgm-30.txt,2.1352772944492213,tfidf,false,1
reut2-003.sgm-30.txt,2.1352772944492213,tfidf,true,1
reut2-003.sgm-33.txt,0.0,binary,false,9
reut2-003.sgm-33.txt,0.0,binary,true,9
reut2-003.sgm-33.txt,0.0,count,false,0
reut2-003.sgm-33.txt,0.0,count,true,0
reut2-003.sgm-33.txt,0.0,gfidf,false,5
reut2-003.sgm-33.txt,0.0,gfidf,true,9
reut2-003.sgm-33.txt,0.0,idf,false,11
reut2-003.sgm-33.txt,0.0,idf,true,9
reut2-003.sgm-33.txt,0.0,logEntropy,false,0
reut2-003.sgm-33.txt,0.0,logEntropy,true,0
reut2-003.sgm-33.txt,0.0,normal,false,5
reut2-003.sgm-33.txt,0.0,normal,true,3
reut2-003.sgm-33.txt,0.0,tfidf,false,11
reut2-003.sgm-33.txt,0.0,tfidf,true,9
reut2-003.sgm-389.txt,0.0,binary,false,1
reut2-003.sgm-389.txt,0.0,binary,true,1
reut2-003.sgm-389.txt,0.0,count,false,12
reut2-003.sgm-389.txt,0.0,count,true,12
reut2-003.sgm-389.txt,0.0,gfidf,false,12
reut2-003.sgm-389.txt,0.0,gfidf,true,12
reut2-003.sgm-389.txt,0.0,idf,false,1
reut2-003.sgm-389.txt,0.0,idf,true,1
reut2-003.sgm-389.txt,0.0,logEntropy,false,12
reut2-003.sgm-389.txt,0.0,logEntropy,true,12
reut2-003.sgm-389.txt,0.0,normal,false,1
reut2-003.sgm-389.txt,0.0,normal,true,1
reut2-003.sgm-389.txt,0.0,tfidf,false,12
reut2-003.sgm-389.txt,0.0,tfidf,true,12
reut2-003.sgm-395.txt,0.0,binary,false,10
reut2-003.sgm-395.txt,0.0,binary,true,10
reut2-003.sgm-395.txt,0.0,count,false,10
reut2-003.sgm-395.txt,0.0,count,true,10
reut2-003.sgm-395.txt,0.0,gfidf,false,10
reut2-003.sgm-395.txt,0.0,gfidf,true,10
reut2-003.sgm-395.txt,0.0,idf,false,10
reut2-003.sgm-395.txt,0.0,idf,true,10
reut2-003.sgm-395.txt,0.0,logEntropy,false,10
reut2-003.sgm-395.txt,0.0,logEntropy,true,10
reut2-003.sgm-395.txt,0.0,normal,false,2
reut2-003.sgm-395.txt,0.0,normal,true,2
reut2-003.sgm-395.txt,0.0,tfidf,false,10
reut2-003.sgm-395.txt,0.0,tfidf,true,10
reut2-003.sgm-396.txt,0.0,binary,false,9
reut2-003.sgm-396.txt,0.0,binary,true,9
reut2-003.sgm-396.txt,0.0,count,false,9
reut2-003.sgm-396.txt,0.0,count,true,9
reut2-003.sgm-396.txt,0.0,gfidf,false,9
reut2-003.sgm-396.txt,0.0,gfidf,true,9
reut2-003.sgm-396.txt,0.0,idf,false,9
reut2-003.sgm-396.txt,0.0,idf,true,9
reut2-003.sgm-396.txt,0.0,logEntropy,false,9
reut2-003.sgm-396.txt,0.0,logEntropy,true,9
reut2-003.sgm-396.txt,0.0,normal,false,9
reut2-003.sgm-396.txt,0.0,normal,true,0
reut2-003.sgm-396.txt,0.0,tfidf,false,9
reut2-003.sgm-396.txt,0.0,tfidf,true,9
reut2-003.sgm-407.txt,0.0,binary,false,9
reut2-003.sgm-407.txt,0.0,binary,true,0
reut2-003.sgm-407.txt,0.0,count,false,4
reut2-003.sgm-407.txt,0.0,count,true,0
reut2-003.sgm-407.txt,0.0,gfidf,false,10
reut2-003.sgm-407.txt,0.0,gfidf,true,0
reut2-003.sgm-407.txt,0.0,idf,false,10
reut2-003.sgm-407.txt,0.0,idf,true,0
reut2-003.sgm-407.txt,0.0,logEntropy,false,10
reut2-003.sgm-407.txt,0.0,logEntropy,true,0
reut2-003.sgm-407.txt,0.0,normal,false,9
reut2-003.sgm-407.txt,0.0,normal,true,0
reut2-003.sgm-407.txt,0.0,tfidf,false,10
reut2-003.sgm-407.txt,0.0,tfidf,true,10
reut2-003.sgm-420.txt,0.0,binary,false,0
reut2-003.sgm-420.txt,0.0,binary,true,0
reut2-003.sgm-420.txt,0.0,count,false,0
reut2-003.sgm-420.txt,0.0,count,true,0
reut2-003.sgm-420.txt,0.0,gfidf,false,0
reut2-003.sgm-420.txt,0.0,gfidf,true,0
reut2-003.sgm-420.txt,0.0,idf,false,26
reut2-003.sgm-420.txt,0.0,idf,true,5
reut2-003.sgm-420.txt,0.0,logEntropy,false,0
reut2-003.sgm-420.txt,0.0,logEntropy,true,0
reut2-003.sgm-420.txt,0.0,normal,false,0
reut2-003.sgm-420.txt,0.0,normal,true,0
reut2-003.sgm-420.txt,0.0,tfidf,false,26
reut2-003.sgm-420.txt,0.0,tfidf,true,5
reut2-003.sgm-428.txt,0.0,binary,false,8
reut2-003.sgm-428.txt,0.0,binary,true,3
reut2-003.sgm-428.txt,0.0,count,false,3
reut2-003.sgm-428.txt,0.0,count,true,3
reut2-003.sgm-428.txt,0.0,gfidf,false,3
reut2-003.sgm-428.txt,0.0,gfidf,true,3
reut2-003.sgm-428.txt,0.0,idf,false,8
reut2-003.sgm-428.txt,0.0,idf,true,3
reut2-003.sgm-428.txt,0.0,logEntropy,false,3
reut2-003.sgm-428.txt,0.0,logEntropy,true,3
reut2-003.sgm-428.txt,0.0,normal,false,3
reut2-003.sgm-428.txt,0.0,normal,true,3
reut2-003.sgm-428.txt,0.0,tfidf,false,8
reut2-003.sgm-428.txt,0.0,tfidf,true,3
reut2-003.sgm-431.txt,0.0,binary,false,14
reut2-003.sgm-431.txt,0.0,binary,true,0
reut2-003.sgm-431.txt,0.0,count,false,14
reut2-003.sgm-431.txt,0.0,count,true,0
reut2-003.sgm-431.txt,0.0,gfidf,false,14
reut2-003.sgm-431.txt,0.0,gfidf,true,14
reut2-003.sgm-431.txt,0.0,idf,false,14
reut2-003.sgm-431.txt,0.0,idf,true,11
reut2-003.sgm-431.txt,0.0,logEntropy,false,14
reut2-003.sgm-431.txt,0.0,logEntropy,true,0
reut2-003.sgm-431.txt,0.0,normal,false,15
reut2-003.sgm-431.txt,0.0,normal,true,15
reut2-003.sgm-431.txt,0.0,tfidf,false,14
reut2-003.sgm-431.txt,0.0,tfidf,true,14
reut2-003.sgm-437.txt,0.0,binary,false,3
reut2-003.sgm-437.txt,0.0,binary,true,3
reut2-003.sgm-437.txt,0.0,count,false,3
reut2-003.sgm-437.txt,0.0,count,true,3
reut2-003.sgm-437.txt,0.0,gfidf,false,3
reut2-003.sgm-437.txt,0.0,gfidf,true,3
reut2-003.sgm-437.txt,0.0,idf,false,3
reut2-003.sgm-437.txt,0.0,idf,true,3
reut2-003.sgm-437.txt,0.0,logEntropy,false,3
reut2-003.sgm-437.txt,0.0,logEntropy,true,3
reut2-003.sgm-437.txt,0.0,normal,false,3
reut2-003.sgm-437.txt,0.0,normal,true,3
reut2-003.sgm-437.txt,0.0,tfidf,false,3
reut2-003.sgm-437.txt,0.0,tfidf,true,3
reut2-003.sgm-439.txt,0.0,binary,false,1
reut2-003.sgm-439.txt,0.0,binary,true,11
reut2-003.sgm-439.txt,0.0,count,false,1
reut2-003.sgm-439.txt,0.0,count,true,11
reut2-003.sgm-439.txt,0.0,gfidf,false,1
reut2-003.sgm-439.txt,0.0,gfidf,true,11
reut2-003.sgm-439.txt,0.0,idf,false,1
reut2-003.sgm-439.txt,0.0,idf,true,1
reut2-003.sgm-439.txt,0.0,logEntropy,false,1
reut2-003.sgm-439.txt,0.0,logEntropy,true,11
reut2-003.sgm-439.txt,0.0,normal,false,14
reut2-003.sgm-439.txt,0.0,normal,true,14
reut2-003.sgm-439.txt,0.0,tfidf,false,1
reut2-003.sgm-439.txt,0.0,tfidf,true,1
reut2-003.sgm-445.txt,0.0,binary,false,7
reut2-003.sgm-445.txt,0.0,binary,true,7
reut2-003.sgm-445.txt,0.0,count,false,7
reut2-003.sgm-445.txt,0.0,count,true,7
reut2-003.sgm-445.txt,0.0,gfidf,false,7
reut2-003.sgm-445.txt,0.0,gfidf,true,7
reut2-003.sgm-445.txt,0.0,idf,false,7
reut2-003.sgm-445.txt,0.0,idf,true,7
reut2-003.sgm-445.txt,0.0,logEntropy,false,7
reut2-003.sgm-445.txt,0.0,logEntropy,true,7
reut2-003.sgm-445.txt,0.0,normal,false,7
reut2-003.sgm-445.txt,0.0,normal,true,1
reut2-003.sgm-445.txt,0.0,tfidf,false,7
reut2-003.sgm-445.txt,0.0,tfidf,true,7
reut2-003.sgm-453.txt,0.0,binary,false,1
reut2-003.sgm-453.txt,0.0,binary,true,0
reut2-003.sgm-453.txt,0.0,count,false,0
reut2-003.sgm-453.txt,0.0,count,true,0
reut2-003.sgm-453.txt,0.0,gfidf,false,1
reut2-003.sgm-453.txt,0.0,gfidf,true,11
reut2-003.sgm-453.txt,0.0,idf,false,1
reut2-003.sgm-453.txt,0.0,idf,true,11
reut2-003.sgm-453.txt,0.0,logEntropy,false,0
reut2-003.sgm-453.txt,0.0,logEntropy,true,0
reut2-003.sgm-453.txt,0.0,normal,false,0
reut2-003.sgm-453.txt,0.0,normal,true,0
reut2-003.sgm-453.txt,0.0,tfidf,false,11
reut2-003.sgm-453.txt,0.0,tfidf,true,11
reut2-003.sgm-469.txt,0.0,binary,false,16
reut2-003.sgm-469.txt,0.0,binary,true,12
reut2-003.sgm-469.txt,0.0,count,false,16
reut2-003.sgm-469.txt,0.0,count,true,16
reut2-003.sgm-469.txt,0.0,gfidf,false,16
reut2-003.sgm-469.txt,0.0,gfidf,true,16
reut2-003.sgm-469.txt,0.0,idf,false,16
reut2-003.sgm-469.txt,0.0,idf,true,12
reut2-003.sgm-469.txt,0.0,logEntropy,false,16
reut2-003.sgm-469.txt,0.0,logEntropy,true,16
reut2-003.sgm-469.txt,0.0,normal,false,17
reut2-003.sgm-469.txt,0.0,normal,true,17
reut2-003.sgm-469.txt,0.0,tfidf,false,16
reut2-003.sgm-469.txt,0.0,tfidf,true,12
reut2-003.sgm-47.txt,0.0,binary,false,16
reut2-003.sgm-47.txt,0.0,binary,true,16
reut2-003.sgm-47.txt,0.0,count,false,7
reut2-003.sgm-47.txt,0.0,count,true,16
reut2-003.sgm-47.txt,0.0,gfidf,false,16
reut2-003.sgm-47.txt,0.0,gfidf,true,16
reut2-003.sgm-47.txt,0.0,idf,false,16
reut2-003.sgm-47.txt,0.0,idf,true,16
reut2-003.sgm-47.txt,0.0,logEntropy,false,16
reut2-003.sgm-47.txt,0.0,logEntropy,true,16
reut2-003.sgm-47.txt,0.0,normal,false,7
reut2-003.sgm-47.txt,0.0,normal,true,0
reut2-003.sgm-47.txt,0.0,tfidf,false,16
reut2-003.sgm-47.txt,0.0,tfidf,true,16
reut2-003.sgm-487.txt,0.0,binary,false,15
reut2-003.sgm-487.txt,0.0,binary,true,15
reut2-003.sgm-487.txt,0.0,count,false,15
reut2-003.sgm-487.txt,0.0,count,true,15
reut2-003.sgm-487.txt,0.0,gfidf,false,15
reut2-003.sgm-487.txt,0.0,gfidf,true,15
reut2-003.sgm-487.txt,0.0,idf,false,15
reut2-003.sgm-487.txt,0.0,idf,true,15
reut2-003.sgm-487.txt,0.0,logEntropy,false,15
reut2-003.sgm-487.txt,0.0,logEntropy,true,15
reut2-003.sgm-487.txt,0.0,normal,false,0
reut2-003.sgm-487.txt,0.0,normal,true,0
reut2-003.sgm-487.txt,0.0,tfidf,false,15
reut2-003.sgm-487.txt,0.0,tfidf,true,15
reut2-003.sgm-489.txt,0.0,binary,false,5
reut2-003.sgm-489.txt,0.0,binary,true,5
reut2-003.sgm-489.txt,0.0,count,false,5
reut2-003.sgm-489.txt,0.0,count,true,5
reut2-003.sgm-489.txt,0.0,gfidf,false,5
reut2-003.sgm-489.txt,0.0,gfidf,true,5
reut2-003.sgm-489.txt,0.0,idf,false,5
reut2-003.sgm-489.txt,0.0,idf,true,5
reut2-003.sgm-489.txt,0.0,logEntropy,false,5
reut2-003.sgm-489.txt,0.0,logEntropy,true,5
reut2-003.sgm-489.txt,0.0,normal,false,5
reut2-003.sgm-489.txt,0.0,normal,true,5
reut2-003.sgm-489.txt,0.0,tfidf,false,5
reut2-003.sgm-489.txt,0.0,tfidf,true,5
reut2-003.sgm-492.txt,0.0,binary,false,12
reut2-003.sgm-492.txt,0.0,binary,true,12
reut2-003.sgm-492.txt,0.0,count,false,8
reut2-003.sgm-492.txt,0.0,count,true,12
reut2-003.sgm-492.txt,0.0,gfidf,false,8
reut2-003.sgm-492.txt,0.0,gfidf,true,1
reut2-003.sgm-492.txt,0.0,idf,false,12
reut2-003.sgm-492.txt,0.0,idf,true,12
reut2-003.sgm-492.txt,0.0,logEntropy,false,8
reut2-003.sgm-492.txt,0.0,logEntropy,true,12
reut2-003.sgm-492.txt,0.0,normal,false,1
reut2-003.sgm-492.txt,0.0,normal,true,0
reut2-003.sgm-492.txt,0.0,tfidf,false,8
reut2-003.sgm-492.txt,0.0,tfidf,true,1
reut2-003.sgm-501.txt,0.0,binary,false,3
reut2-003.sgm-501.txt,0.0,binary,true,3
reut2-003.sgm-501.txt,0.0,count,false,8
reut2-003.sgm-501.txt,0.0,count,true,8
reut2-003.sgm-501.txt,0.0,gfidf,false,8
reut2-003.sgm-501.txt,0.0,gfidf,true,3
reut2-003.sgm-501.txt,0.0,idf,false,3
reut2-003.sgm-501.txt,0.0,idf,true,3
reut2-003.sgm-501.txt,0.0,logEntropy,false,8
reut2-003.sgm-501.txt,0.0,logEntropy,true,3
reut2-003.sgm-501.txt,0.0,normal,false,8
reut2-003.sgm-501.txt,0.0,normal,true,3
reut2-003.sgm-501.txt,0.0,tfidf,false,3
reut2-003.sgm-501.txt,0.0,tfidf,true,3
reut2-003.sgm-504.txt,0.0,binary,false,6
reut2-003.sgm-504.txt,0.0,binary,true,18
reut2-003.sgm-504.txt,0.0,count,false,14
reut2-003.sgm-504.txt,0.0,count,true,14
reut2-003.sgm-504.txt,0.0,gfidf,false,17
reut2-003.sgm-504.txt,0.0,gfidf,true,17
reut2-003.sgm-504.txt,0.0,idf,false,6
reut2-003.sgm-504.txt,0.0,idf,true,4
reut2-003.sgm-504.txt,0.0,logEntropy,false,14
reut2-003.sgm-504.txt,0.0,logEntropy,true,14
reut2-003.sgm-504.txt,0.0,normal,false,14
reut2-003.sgm-504.txt,0.0,normal,true,14
reut2-003.sgm-504.txt,0.0,tfidf,false,17
reut2-003.sgm-504.txt,0.0,tfidf,true,17
reut2-003.sgm-511.txt,0.0,binary,false,13
reut2-003.sgm-511.txt,0.0,binary,true,2
reut2-003.sgm-511.txt,0.0,count,false,13
reut2-003.sgm-511.txt,0.0,count,true,13
reut2-003.sgm-511.txt,0.0,gfidf,false,13
reut2-003.sgm-511.txt,0.0,gfidf,true,2
reut2-003.sgm-511.txt,0.0,idf,false,13
reut2-003.sgm-511.txt,0.0,idf,true,5
reut2-003.sgm-511.txt,0.0,logEntropy,false,13
reut2-003.sgm-511.txt,0.0,logEntropy,true,13
reut2-003.sgm-511.txt,0.0,normal,false,13
reut2-003.sgm-511.txt,0.0,normal,true,2
reut2-003.sgm-511.txt,0.0,tfidf,false,13
reut2-003.sgm-511.txt,0.0,tfidf,true,2
reut2-003.sgm-523.txt,0.0,binary,false,5
reut2-003.sgm-523.txt,0.0,binary,true,12
reut2-003.sgm-523.txt,0.0,count,false,5
reut2-003.sgm-523.txt,0.0,count,true,1
reut2-003.sgm-523.txt,0.0,gfidf,false,5
reut2-003.sgm-523.txt,0.0,gfidf,true,1
reut2-003.sgm-523.txt,0.0,idf,false,5
reut2-003.sgm-523.txt,0.0,idf,true,5
reut2-003.sgm-523.txt,0.0,logEntropy,false,5
reut2-003.sgm-523.txt,0.0,logEntropy,true,12
reut2-003.sgm-523.txt,0.0,normal,false,0
reut2-003.sgm-523.txt,0.0,normal,true,0
reut2-003.sgm-523.txt,0.0,tfidf,false,5
reut2-003.sgm-523.txt,0.0,tfidf,true,1
reut2-003.sgm-533.txt,0.0,binary,false,1
reut2-003.sgm-533.txt,0.0,binary,true,1
reut2-003.sgm-533.txt,0.0,count,false,14
reut2-003.sgm-533.txt,0.0,count,true,5
reut2-003.sgm-533.txt,0.0,gfidf,false,1
reut2-003.sgm-533.txt,0.0,gfidf,true,1
reut2-003.sgm-533.txt,0.0,idf,false,1
reut2-003.sgm-533.txt,0.0,idf,true,5
reut2-003.sgm-533.txt,0.0,logEntropy,false,1
reut2-003.sgm-533.txt,0.0,logEntropy,true,5
reut2-003.sgm-533.txt,0.0,normal,false,1
reut2-003.sgm-533.txt,0.0,normal,true,1
reut2-003.sgm-533.txt,0.0,tfidf,false,5
reut2-003.sgm-533.txt,0.0,tfidf,true,5
reut2-003.sgm-534.txt,0.0,binary,false,9
reut2-003.sgm-534.txt,0.0,binary,true,9
reut2-003.sgm-534.txt,0.0,count,false,14
reut2-003.sgm-534.txt,0.0,count,true,9
reut2-003.sgm-534.txt,0.0,gfidf,false,9
reut2-003.sgm-534.txt,0.0,gfidf,true,9
reut2-003.sgm-534.txt,0.0,idf,false,9
reut2-003.sgm-534.txt,0.0,idf,true,9
reut2-003.sgm-534.txt,0.0,logEntropy,false,9
reut2-003.sgm-534.txt,0.0,logEntropy,true,9
reut2-003.sgm-534.txt,0.0,normal,false,9
reut2-003.sgm-534.txt,0.0,normal,true,0
reut2-003.sgm-534.txt,0.0,tfidf,false,9
reut2-003.sgm-534.txt,0.0,tfidf,true,9
reut2-003.sgm-536.txt,0.0,binary,false,4
reut2-003.sgm-536.txt,0.0,binary,true,0
reut2-003.sgm-536.txt,0.0,count,false,9
reut2-003.sgm-536.txt,0.0,count,true,0
reut2-003.sgm-536.txt,0.0,gfidf,false,4
reut2-003.sgm-536.txt,0.0,gfidf,true,0
reut2-003.sgm-536.txt,0.0,idf,false,4
reut2-003.sgm-536.txt,0.0,idf,true,0
reut2-003.sgm-536.txt,0.0,logEntropy,false,4
reut2-003.sgm-536.txt,0.0,logEntropy,true,0
reut2-003.sgm-536.txt,0.0,normal,false,1
reut2-003.sgm-536.txt,0.0,normal,true,0
reut2-003.sgm-536.txt,0.0,tfidf,false,4
reut2-003.sgm-536.txt,0.0,tfidf,true,0
reut2-003.sgm-539.txt,3.4262243779511636,binary,false,0
reut2-003.sgm-539.txt,3.4262243779511636,binary,true,0
reut2-003.sgm-539.txt,3.4262243779511636,count,false,0
reut2-003.sgm-539.txt,3.4262243779511636,count,true,0
reut2-003.sgm-539.txt,3.4262243779511636,gfidf,false,0
reut2-003.sgm-539.txt,3.4262243779511636,gfidf,true,0
reut2-003.sgm-539.txt,3.4262243779511636,idf,false,0
reut2-003.sgm-539.txt,3.4262243779511636,idf,true,26
reut2-003.sgm-539.txt,3.4262243779511636,logEntropy,false,0
reut2-003.sgm-539.txt,3.4262243779511636,logEntropy,true,0
reut2-003.sgm-539.txt,3.4262243779511636,normal,false,11
reut2-003.sgm-539.txt,3.4262243779511636,normal,true,11
reut2-003.sgm-539.txt,3.4262243779511636,tfidf,false,1
reut2-003.sgm-539.txt,3.4262243779511636,tfidf,true,1
reut2-003.sgm-550.txt,0.0,binary,false,15
reut2-003.sgm-550.txt,0.0,binary,true,15
reut2-003.sgm-550.txt,0.0,count,false,15
reut2-003.sgm-550.txt,0.0,count,true,12
reut2-003.sgm-550.txt,0.0,gfidf,false,15
reut2-003.sgm-550.txt,0.0,gfidf,true,15
reut2-003.sgm-550.txt,0.0,idf,false,15
reut2-003.sgm-550.txt,0.0,idf,true,15
reut2-003.sgm-550.txt,0.0,logEntropy,false,15
reut2-003.sgm-550.txt,0.0,logEntropy,true,12
reut2-003.sgm-550.txt,0.0,normal,false,12
reut2-003.sgm-550.txt,0.0,normal,true,12
reut2-003.sgm-550.txt,0.0,tfidf,false,15
reut2-003.sgm-550.txt,0.0,tfidf,true,15
reut2-003.sgm-557.txt,0.0,binary,false,4
reut2-003.sgm-557.txt,0.0,binary,true,4
reut2-003.sgm-557.txt,0.0,count,false,1
reut2-003.sgm-557.txt,0.0,count,true,4
reut2-003.sgm-557.txt,0.0,gfidf,false,9
reut2-003.sgm-557.txt,0.0,gfidf,true,4
reut2-003.sgm-557.txt,0.0,idf,false,8
reut2-003.sgm-557.txt,0.0,idf,true,4
reut2-003.sgm-557.txt,0.0,logEntropy,false,4
reut2-003.sgm-557.txt,0.0,logEntropy,true,4
reut2-003.sgm-557.txt,0.0,normal,false,4
reut2-003.sgm-557.txt,0.0,normal,true,4
reut2-003.sgm-557.txt,0.0,tfidf,false,9
reut2-003.sgm-557.txt,0.0,tfidf,true,9
reut2-003.sgm-559.txt,2.449489742783178,binary,false,1
reut2-003.sgm-559.txt,2.449489742783178,binary,true,1
reut2-003.sgm-559.txt,2.449489742783178,count,false,1
reut2-003.sgm-559.txt,2.449489742783178,count,true,1
reut2-003.sgm-559.txt,2.449489742783178,gfidf,false,1
reut2-003.sgm-559.txt,2.449489742783178,gfidf,true,1
reut2-003.sgm-559.txt,2.449489742783178,idf,false,1
reut2-003.sgm-559.txt,2.449489742783178,idf,true,1
reut2-003.sgm-559.txt,2.449489742783178,logEntropy,false,1
reut2-003.sgm-559.txt,2.449489742783178,logEntropy,true,1
reut2-003.sgm-559.txt,2.449489742783178,normal,false,1
reut2-003.sgm-559.txt,2.449489742783178,normal,true,1
reut2-003.sgm-559.txt,2.449489742783178,tfidf,false,1
reut2-003.sgm-559.txt,2.449489742783178,tfidf,true,1
reut2-003.sgm-561.txt,0.0,binary,false,4
reut2-003.sgm-561.txt,0.0,binary,true,4
reut2-003.sgm-561.txt,0.0,count,false,4
reut2-003.sgm-561.txt,0.0,count,true,4
reut2-003.sgm-561.txt,0.0,gfidf,false,4
reut2-003.sgm-561.txt,0.0,gfidf,true,4
reut2-003.sgm-561.txt,0.0,idf,false,4
reut2-003.sgm-561.txt,0.0,idf,true,4
reut2-003.sgm-561.txt,0.0,logEntropy,false,4
reut2-003.sgm-561.txt,0.0,logEntropy,true,4
reut2-003.sgm-561.txt,0.0,normal,false,11
reut2-003.sgm-561.txt,0.0,normal,true,0
reut2-003.sgm-561.txt,0.0,tfidf,false,4
reut2-003.sgm-561.txt,0.0,tfidf,true,4
reut2-003.sgm-562.txt,0.0,binary,false,19
reut2-003.sgm-562.txt,0.0,binary,true,19
reut2-003.sgm-562.txt,0.0,count,false,16
reut2-003.sgm-562.txt,0.0,count,true,19
reut2-003.sgm-562.txt,0.0,gfidf,false,19
reut2-003.sgm-562.txt,0.0,gfidf,true,19
reut2-003.sgm-562.txt,0.0,idf,false,19
reut2-003.sgm-562.txt,0.0,idf,true,19
reut2-003.sgm-562.txt,0.0,logEntropy,false,19
reut2-003.sgm-562.txt,0.0,logEntropy,true,19
reut2-003.sgm-562.txt,0.0,normal,false,19
reut2-003.sgm-562.txt,0.0,normal,true,19
reut2-003.sgm-562.txt,0.0,tfidf,false,16
reut2-003.sgm-562.txt,0.0,tfidf,true,19
reut2-003.sgm-563.txt,0.0,binary,false,10
reut2-003.sgm-563.txt,0.0,binary,true,1
reut2-003.sgm-563.txt,0.0,count,false,2
reut2-003.sgm-563.txt,0.0,count,true,2
reut2-003.sgm-563.txt,0.0,gfidf,false,10
reut2-003.sgm-563.txt,0.0,gfidf,true,10
reut2-003.sgm-563.txt,0.0,idf,false,9
reut2-003.sgm-563.txt,0.0,idf,true,1
reut2-003.sgm-563.txt,0.0,logEntropy,false,10
reut2-003.sgm-563.txt,0.0,logEntropy,true,10
reut2-003.sgm-563.txt,0.0,normal,false,10
reut2-003.sgm-563.txt,0.0,normal,true,10
reut2-003.sgm-563.txt,0.0,tfidf,false,9
reut2-003.sgm-563.txt,0.0,tfidf,true,9
reut2-003.sgm-567.txt,1.7239456424939554,binary,false,2
reut2-003.sgm-567.txt,1.7239456424939554,binary,true,2
reut2-003.sgm-567.txt,1.7239456424939554,count,false,2
reut2-003.sgm-567.txt,1.7239456424939554,count,true,2
reut2-003.sgm-567.txt,1.7239456424939554,gfidf,false,2
reut2-003.sgm-567.txt,1.7239456424939554,gfidf,true,2
reut2-003.sgm-567.txt,1.7239456424939554,idf,false,2
reut2-003.sgm-567.txt,1.7239456424939554,idf,true,2
reut2-003.sgm-567.txt,1.7239456424939554,logEntropy,false,2
reut2-003.sgm-567.txt,1.7239456424939554,logEntropy,true,2
reut2-003.sgm-567.txt,1.7239456424939554,normal,false,0
reut2-003.sgm-567.txt,1.7239456424939554,normal,true,0
reut2-003.sgm-567.txt,1.7239456424939554,tfidf,false,2
reut2-003.sgm-567.txt,1.7239456424939554,tfidf,true,2
reut2-003.sgm-570.txt,2.3975411522915326,binary,false,1
reut2-003.sgm-570.txt,2.3975411522915326,binary,true,1
reut2-003.sgm-570.txt,2.3975411522915326,count,false,1
reut2-003.sgm-570.txt,2.3975411522915326,count,true,1
reut2-003.sgm-570.txt,2.3975411522915326,gfidf,false,1
reut2-003.sgm-570.txt,2.3975411522915326,gfidf,true,1
reut2-003.sgm-570.txt,2.3975411522915326,idf,false,1
reut2-003.sgm-570.txt,2.3975411522915326,idf,true,1
reut2-003.sgm-570.txt,2.3975411522915326,logEntropy,false,1
reut2-003.sgm-570.txt,2.3975411522915326,logEntropy,true,1
reut2-003.sgm-570.txt,2.3975411522915326,normal,false,5
reut2-003.sgm-570.txt,2.3975411522915326,normal,true,5
reut2-003.sgm-570.txt,2.3975411522915326,tfidf,false,21
reut2-003.sgm-570.txt,2.3975411522915326,tfidf,true,0
reut2-003.sgm-592.txt,0.0,binary,false,23
reut2-003.sgm-592.txt,0.0,binary,true,0
reut2-003.sgm-592.txt,0.0,count,false,25
reut2-003.sgm-592.txt,0.0,count,true,25
reut2-003.sgm-592.txt,0.0,gfidf,false,17
reut2-003.sgm-592.txt,0.0,gfidf,true,0
reut2-003.sgm-592.txt,0.0,idf,false,23
reut2-003.sgm-592.txt,0.0,idf,true,0
reut2-003.sgm-592.txt,0.0,logEntropy,false,25
reut2-003.sgm-592.txt,0.0,logEntropy,true,25
reut2-003.sgm-592.txt,0.0,normal,false,11
reut2-003.sgm-592.txt,0.0,normal,true,11
reut2-003.sgm-592.txt,0.0,tfidf,false,23
reut2-003.sgm-592.txt,0.0,tfidf,true,25
reut2-003.sgm-593.txt,2.8606523738550917,binary,false,0
reut2-003.sgm-593.txt,2.8606523738550917,binary,true,0
reut2-003.sgm-593.txt,2.8606523738550917,count,false,8
reut2-003.sgm-593.txt,2.8606523738550917,count,true,8
reut2-003.sgm-593.txt,2.8606523738550917,gfidf,false,0
reut2-003.sgm-593.txt,2.8606523738550917,gfidf,true,0
reut2-003.sgm-593.txt,2.8606523738550917,idf,false,1
reut2-003.sgm-593.txt,2.8606523738550917,idf,true,8
reut2-003.sgm-593.txt,2.8606523738550917,logEntropy,false,8
reut2-003.sgm-593.txt,2.8606523738550917,logEntropy,true,8
reut2-003.sgm-593.txt,2.8606523738550917,normal,false,0
reut2-003.sgm-593.txt,2.8606523738550917,normal,true,0
reut2-003.sgm-593.txt,2.8606523738550917,tfidf,false,1
reut2-003.sgm-593.txt,2.8606523738550917,tfidf,true,1
reut2-003.sgm-61.txt,0.0,binary,false,0
reut2-003.sgm-61.txt,0.0,binary,true,12
reut2-003.sgm-61.txt,0.0,count,false,0
reut2-003.sgm-61.txt,0.0,count,true,12
reut2-003.sgm-61.txt,0.0,gfidf,false,0
reut2-003.sgm-61.txt,0.0,gfidf,true,12
reut2-003.sgm-61.txt,0.0,idf,false,12
reut2-003.sgm-61.txt,0.0,idf,true,12
reut2-003.sgm-61.txt,0.0,logEntropy,false,0
reut2-003.sgm-61.txt,0.0,logEntropy,true,12
reut2-003.sgm-61.txt,0.0,normal,false,0
reut2-003.sgm-61.txt,0.0,normal,true,12
reut2-003.sgm-61.txt,0.0,tfidf,false,15
reut2-003.sgm-61.txt,0.0,tfidf,true,15
reut2-003.sgm-614.txt,0.0,binary,false,7
reut2-003.sgm-614.txt,0.0,binary,true,1
reut2-003.sgm-614.txt,0.0,count,false,5
reut2-003.sgm-614.txt,0.0,count,true,5
reut2-003.sgm-614.txt,0.0,gfidf,false,7
reut2-003.sgm-614.txt,0.0,gfidf,true,7
reut2-003.sgm-614.txt,0.0,idf,false,14
reut2-003.sgm-614.txt,0.0,idf,true,6
reut2-003.sgm-614.txt,0.0,logEntropy,false,5
reut2-003.sgm-614.txt,0.0,logEntropy,true,5
reut2-003.sgm-614.txt,0.0,normal,false,7
reut2-003.sgm-614.txt,0.0,normal,true,7
reut2-003.sgm-614.txt,0.0,tfidf,false,14
reut2-003.sgm-614.txt,0.0,tfidf,true,6
reut2-003.sgm-64.txt,2.9719885782738973,binary,false,12
reut2-003.sgm-64.txt,2.9719885782738973,binary,true,0
reut2-003.sgm-64.txt,2.9719885782738973,count,false,0
reut2-003.sgm-64.txt,2.9719885782738973,count,true,0
reut2-003.sgm-64.txt,2.9719885782738973,gfidf,false,0
reut2-003.sgm-64.txt,2.9719885782738973,gfidf,true,0
reut2-003.sgm-64.txt,2.9719885782738973,idf,false,12
reut2-003.sgm-64.txt,2.9719885782738973,idf,true,0
reut2-003.sgm-64.txt,2.9719885782738973,logEntropy,false,0
reut2-003.sgm-64.txt,2.9719885782738973,logEntropy,true,0
reut2-003.sgm-64.txt,2.9719885782738973,normal,false,21
reut2-003.sgm-64.txt,2.9719885782738973,normal,true,21
reut2-003.sgm-64.txt,2.9719885782738973,tfidf,false,12
reut2-003.sgm-64.txt,2.9719885782738973,tfidf,true,12
reut2-003.sgm-644.txt,0.0,binary,false,1
reut2-003.sgm-644.txt,0.0,binary,true,13
reut2-003.sgm-644.txt,0.0,count,false,3
reut2-003.sgm-644.txt,0.0,count,true,3
reut2-003.sgm-644.txt,0.0,gfidf,false,8
reut2-003.sgm-644.txt,0.0,gfidf,true,8
reut2-003.sgm-644.txt,0.0,idf,false,8
reut2-003.sgm-644.txt,0.0,idf,true,8
reut2-003.sgm-644.txt,0.0,logEntropy,false,8
reut2-003.sgm-644.txt,0.0,logEntropy,true,8
reut2-003.sgm-644.txt,0.0,normal,false,3
reut2-003.sgm-644.txt,0.0,normal,true,0
reut2-003.sgm-644.txt,0.0,tfidf,false,8
reut2-003.sgm-644.txt,0.0,tfidf,true,8
reut2-003.sgm-663.txt,0.0,binary,false,1
reut2-003.sgm-663.txt,0.0,binary,true,1
reut2-003.sgm-663.txt,0.0,count,false,0
reut2-003.sgm-663.txt,0.0,count,true,0
reut2-003.sgm-663.txt,0.0,gfidf,false,1
reut2-003.sgm-663.txt,0.0,gfidf,true,1
reut2-003.sgm-663.txt,0.0,idf,false,1
reut2-003.sgm-663.txt,0.0,idf,true,1
reut2-003.sgm-663.txt,0.0,logEntropy,false,0
reut2-003.sgm-663.txt,0.0,logEntropy,true,0
reut2-003.sgm-663.txt,0.0,normal,false,6
reut2-003.sgm-663.txt,0.0,normal,true,6
reut2-003.sgm-663.txt,0.0,tfidf,false,1
reut2-003.sgm-663.txt,0.0,tfidf,true,1
reut2-003.sgm-669.txt,0.0,binary,false,3
reut2-003.sgm-669.txt,0.0,binary,true,3
reut2-003.sgm-669.txt,0.0,count,false,8
reut2-003.sgm-669.txt,0.0,count,true,8
reut2-003.sgm-669.txt,0.0,gfidf,false,8
reut2-003.sgm-669.txt,0.0,gfidf,true,3
reut2-003.sgm-669.txt,0.0,idf,false,3
reut2-003.sgm-669.txt,0.0,idf,true,3
reut2-003.sgm-669.txt,0.0,logEntropy,false,8
reut2-003.sgm-669.txt,0.0,logEntropy,true,3
reut2-003.sgm-669.txt,0.0,normal,false,8
reut2-003.sgm-669.txt,0.0,normal,true,3
reut2-003.sgm-669.txt,0.0,tfidf,false,3
reut2-003.sgm-669.txt,0.0,tfidf,true,3
reut2-003.sgm-681.txt,0.0,binary,false,3
reut2-003.sgm-681.txt,0.0,binary,true,13
reut2-003.sgm-681.txt,0.0,count,false,3
reut2-003.sgm-681.txt,0.0,count,true,3
reut2-003.sgm-681.txt,0.0,gfidf,false,3
reut2-003.sgm-681.txt,0.0,gfidf,true,3
reut2-003.sgm-681.txt,0.0,idf,false,3
reut2-003.sgm-681.txt,0.0,idf,true,13
reut2-003.sgm-681.txt,0.0,logEntropy,false,3
reut2-003.sgm-681.txt,0.0,logEntropy,true,3
reut2-003.sgm-681.txt,0.0,normal,false,3
reut2-003.sgm-681.txt,0.0,normal,true,3
reut2-003.sgm-681.txt,0.0,tfidf,false,3
reut2-003.sgm-681.txt,0.0,tfidf,true,3
reut2-003.sgm-76.txt,0.0,binary,false,2
reut2-003.sgm-76.txt,0.0,binary,true,2
reut2-003.sgm-76.txt,0.0,count,false,2
reut2-003.sgm-76.txt,0.0,count,true,2
reut2-003.sgm-76.txt,0.0,gfidf,false,2
reut2-003.sgm-76.txt,0.0,gfidf,true,2
reut2-003.sgm-76.txt,0.0,idf,false,10
reut2-003.sgm-76.txt,0.0,idf,true,2
reut2-003.sgm-76.txt,0.0,logEntropy,false,2
reut2-003.sgm-76.txt,0.0,logEntropy,true,2
reut2-003.sgm-76.txt,0.0,normal,false,2
reut2-003.sgm-76.txt,0.0,normal,true,9
reut2-003.sgm-76.txt,0.0,tfidf,false,10
reut2-003.sgm-76.txt,0.0,tfidf,true,2
reut2-003.sgm-761.txt,0.0,binary,false,5
reut2-003.sgm-761.txt,0.0,binary,true,5
reut2-003.sgm-761.txt,0.0,count,false,5
reut2-003.sgm-761.txt,0.0,count,true,5
reut2-003.sgm-761.txt,0.0,gfidf,false,5
reut2-003.sgm-761.txt,0.0,gfidf,true,5
reut2-003.sgm-761.txt,0.0,idf,false,5
reut2-003.sgm-761.txt,0.0,idf,true,5
reut2-003.sgm-761.txt,0.0,logEntropy,false,5
reut2-003.sgm-761.txt,0.0,logEntropy,true,5
reut2-003.sgm-761.txt,0.0,normal,false,0
reut2-003.sgm-761.txt,0.0,normal,true,0
reut2-003.sgm-761.txt,0.0,tfidf,false,5
reut2-003.sgm-761.txt,0.0,tfidf,true,5
reut2-003.sgm-77.txt,0.0,binary,false,3
reut2-003.sgm-77.txt,0.0,binary,true,3
reut2-003.sgm-77.txt,0.0,count,false,3
reut2-003.sgm-77.txt,0.0,count,true,8
reut2-003.sgm-77.txt,0.0,gfidf,false,8
reut2-003.sgm-77.txt,0.0,gfidf,true,8
reut2-003.sgm-77.txt,0.0,idf,false,21
reut2-003.sgm-77.txt,0.0,idf,true,21
reut2-003.sgm-77.txt,0.0,logEntropy,false,3
reut2-003.sgm-77.txt,0.0,logEntropy,true,3
reut2-003.sgm-77.txt,0.0,normal,false,21
reut2-003.sgm-77.txt,0.0,normal,true,21
reut2-003.sgm-77.txt,0.0,tfidf,false,8
reut2-003.sgm-77.txt,0.0,tfidf,true,8
reut2-003.sgm-797.txt,0.0,binary,false,14
reut2-003.sgm-797.txt,0.0,binary,true,14
reut2-003.sgm-797.txt,0.0,count,false,14
reut2-003.sgm-797.txt,0.0,count,true,7
reut2-003.sgm-797.txt,0.0,gfidf,false,7
reut2-003.sgm-797.txt,0.0,gfidf,true,7
reut2-003.sgm-797.txt,0.0,idf,false,14
reut2-003.sgm-797.txt,0.0,idf,true,14
reut2-003.sgm-797.txt,0.0,logEntropy,false,14
reut2-003.sgm-797.txt,0.0,logEntropy,true,23
reut2-003.sgm-797.txt,0.0,normal,false,7
reut2-003.sgm-797.txt,0.0,normal,true,7
reut2-003.sgm-797.txt,0.0,tfidf,false,7
reut2-003.sgm-797.txt,0.0,tfidf,true,7
reut2-003.sgm-812.txt,0.0,binary,false,3
reut2-003.sgm-812.txt,0.0,binary,true,3
reut2-003.sgm-812.txt,0.0,count,false,3
reut2-003.sgm-812.txt,0.0,count,true,3
reut2-003.sgm-812.txt,0.0,gfidf,false,3
reut2-003.sgm-812.txt,0.0,gfidf,true,3
reut2-003.sgm-812.txt,0.0,idf,false,3
reut2-003.sgm-812.txt,0.0,idf,true,3
reut2-003.sgm-812.txt,0.0,logEntropy,false,3
reut2-003.sgm-812.txt,0.0,logEntropy,true,3
reut2-003.sgm-812.txt,0.0,normal,false,3
reut2-003.sgm-812.txt,0.0,normal,true,3
reut2-003.sgm-812.txt,0.0,tfidf,false,3
reut2-003.sgm-812.txt,0.0,tfidf,true,3
reut2-003.sgm-814.txt,0.0,binary,false,12
reut2-003.sgm-814.txt,0.0,binary,true,12
reut2-003.sgm-814.txt,0.0,count,false,12
reut2-003.sgm-814.txt,0.0,count,true,8
reut2-003.sgm-814.txt,0.0,gfidf,false,12
reut2-003.sgm-814.txt,0.0,gfidf,true,8
reut2-003.sgm-814.txt,0.0,idf,false,12
reut2-003.sgm-814.txt,0.0,idf,true,12
reut2-003.sgm-814.txt,0.0,logEntropy,false,12
reut2-003.sgm-814.txt,0.0,logEntropy,true,8
reut2-003.sgm-814.txt,0.0,normal,false,11
reut2-003.sgm-814.txt,0.0,normal,true,11
reut2-003.sgm-814.txt,0.0,tfidf,false,8
reut2-003.sgm-814.txt,0.0,tfidf,true,8
reut2-003.sgm-83.txt,0.0,binary,false,5
reut2-003.sgm-83.txt,0.0,binary,true,5
reut2-003.sgm-83.txt,0.0,count,false,1
reut2-003.sgm-83.txt,0.0,count,true,1
reut2-003.sgm-83.txt,0.0,gfidf,false,1
reut2-003.sgm-83.txt,0.0,gfidf,true,1
reut2-003.sgm-83.txt,0.0,idf,false,12
reut2-003.sgm-83.txt,0.0,idf,true,12
reut2-003.sgm-83.txt,0.0,logEntropy,false,5
reut2-003.sgm-83.txt,0.0,logEntropy,true,1
reut2-003.sgm-83.txt,0.0,normal,false,5
reut2-003.sgm-83.txt,0.0,normal,true,0
reut2-003.sgm-83.txt,0.0,tfidf,false,1
reut2-003.sgm-83.txt,0.0,tfidf,true,1
reut2-003.sgm-846.txt,1.9033903060212392,binary,false,1
reut2-003.sgm-846.txt,1.9033903060212392,binary,true,9
reut2-003.sgm-846.txt,1.9033903060212392,count,false,9
reut2-003.sgm-846.txt,1.9033903060212392,count,true,9
reut2-003.sgm-846.txt,1.9033903060212392,gfidf,false,9
reut2-003.sgm-846.txt,1.9033903060212392,gfidf,true,9
reut2-003.sgm-846.txt,1.9033903060212392,idf,false,1
reut2-003.sgm-846.txt,1.9033903060212392,idf,true,9
reut2-003.sgm-846.txt,1.9033903060212392,logEntropy,false,9
reut2-003.sgm-846.txt,1.9033903060212392,logEntropy,true,9
reut2-003.sgm-846.txt,1.9033903060212392,normal,false,9
reut2-003.sgm-846.txt,1.9033903060212392,normal,true,9
reut2-003.sgm-846.txt,1.9033903060212392,tfidf,false,1
reut2-003.sgm-846.txt,1.9033903060212392,tfidf,true,1
reut2-003.sgm-860.txt,0.0,binary,false,0
reut2-003.sgm-860.txt,0.0,binary,true,0
reut2-003.sgm-860.txt,0.0,count,false,19
reut2-003.sgm-860.txt,0.0,count,true,0
reut2-003.sgm-860.txt,0.0,gfidf,false,0
reut2-003.sgm-860.txt,0.0,gfidf,true,0
reut2-003.sgm-860.txt,0.0,idf,false,3
reut2-003.sgm-860.txt,0.0,idf,true,28
reut2-003.sgm-860.txt,0.0,logEntropy,false,0
reut2-003.sgm-860.txt,0.0,logEntropy,true,0
reut2-003.sgm-860.txt,0.0,normal,false,0
reut2-003.sgm-860.txt,0.0,normal,true,0
reut2-003.sgm-860.txt,0.0,tfidf,false,11
reut2-003.sgm-860.txt,0.0,tfidf,true,11
reut2-003.sgm-863.txt,0.0,binary,false,18
reut2-003.sgm-863.txt,0.0,binary,true,18
reut2-003.sgm-863.txt,0.0,count,false,11
reut2-003.sgm-863.txt,0.0,count,true,11
reut2-003.sgm-863.txt,0.0,gfidf,false,11
reut2-003.sgm-863.txt,0.0,gfidf,true,11
reut2-003.sgm-863.txt,0.0,idf,false,18
reut2-003.sgm-863.txt,0.0,idf,true,11
reut2-003.sgm-863.txt,0.0,logEntropy,false,18
reut2-003.sgm-863.txt,0.0,logEntropy,true,11
reut2-003.sgm-863.txt,0.0,normal,false,13
reut2-003.sgm-863.txt,0.0,normal,true,18
reut2-003.sgm-863.txt,0.0,tfidf,false,11
reut2-003.sgm-863.txt,0.0,tfidf,true,11
reut2-003.sgm-867.txt,0.0,binary,false,0
reut2-003.sgm-867.txt,0.0,binary,true,1
reut2-003.sgm-867.txt,0.0,count,false,0
reut2-003.sgm-867.txt,0.0,count,true,7
reut2-003.sgm-867.txt,0.0,gfidf,false,0
reut2-003.sgm-867.txt,0.0,gfidf,true,7
reut2-003.sgm-867.txt,0.0,idf,false,0
reut2-003.sgm-867.txt,0.0,idf,true,1
reut2-003.sgm-867.txt,0.0,logEntropy,false,0
reut2-003.sgm-867.txt,0.0,logEntropy,true,7
reut2-003.sgm-867.txt,0.0,normal,false,7
reut2-003.sgm-867.txt,0.0,normal,true,7
reut2-003.sgm-867.txt,0.0,tfidf,false,0
reut2-003.sgm-867.txt,0.0,tfidf,true,1
reut2-003.sgm-868.txt,0.0,binary,false,6
reut2-003.sgm-868.txt,0.0,binary,true,6
reut2-003.sgm-868.txt,0.0,count,false,6
reut2-003.sgm-868.txt,0.0,count,true,15
reut2-003.sgm-868.txt,0.0,gfidf,false,6
reut2-003.sgm-868.txt,0.0,gfidf,true,6
reut2-003.sgm-868.txt,0.0,idf,false,6
reut2-003.sgm-868.txt,0.0,idf,true,6
reut2-003.sgm-868.txt,0.0,logEntropy,false,6
reut2-003.sgm-868.txt,0.0,logEntropy,true,6
reut2-003.sgm-868.txt,0.0,normal,false,3
reut2-003.sgm-868.txt,0.0,normal,true,3
reut2-003.sgm-868.txt,0.0,tfidf,false,6
reut2-003.sgm-868.txt,0.0,tfidf,true,6
reut2-003.sgm-884.txt,0.0,binary,false,3
reut2-003.sgm-884.txt,0.0,binary,true,17
reut2-003.sgm-884.txt,0.0,count,false,3
reut2-003.sgm-884.txt,0.0,count,true,3
reut2-003.sgm-884.txt,0.0,gfidf,false,3
reut2-003.sgm-884.txt,0.0,gfidf,true,3
reut2-003.sgm-884.txt,0.0,idf,false,3
reut2-003.sgm-884.txt,0.0,idf,true,3
reut2-003.sgm-884.txt,0.0,logEntropy,false,3
reut2-003.sgm-884.txt,0.0,logEntropy,true,3
reut2-003.sgm-884.txt,0.0,normal,false,5
reut2-003.sgm-884.txt,0.0,normal,true,5
reut2-003.sgm-884.txt,0.0,tfidf,false,3
reut2-003.sgm-884.txt,0.0,tfidf,true,3
reut2-003.sgm-901.txt,2.33116751555598,binary,false,1
reut2-003.sgm-901.txt,2.33116751555598,binary,true,1
reut2-003.sgm-901.txt,2.33116751555598,count,false,1
reut2-003.sgm-901.txt,2.33116751555598,count,true,1
reut2-003.sgm-901.txt,2.33116751555598,gfidf,false,1
reut2-003.sgm-901.txt,2.33116751555598,gfidf,true,1
reut2-003.sgm-901.txt,2.33116751555598,idf,false,1
reut2-003.sgm-901.txt,2.33116751555598,idf,true,12
reut2-003.sgm-901.txt,2.33116751555598,logEntropy,false,1
reut2-003.sgm-901.txt,2.33116751555598,logEntropy,true,1
reut2-003.sgm-901.txt,2.33116751555598,normal,false,1
reut2-003.sgm-901.txt,2.33116751555598,normal,true,1
reut2-003.sgm-901.txt,2.33116751555598,tfidf,false,12
reut2-003.sgm-901.txt,2.33116751555598,tfidf,true,12
reut2-003.sgm-922.txt,0.0,binary,false,18
reut2-003.sgm-922.txt,0.0,binary,true,18
reut2-003.sgm-922.txt,0.0,count,false,28
reut2-003.sgm-922.txt,0.0,count,true,28
reut2-003.sgm-922.txt,0.0,gfidf,false,18
reut2-003.sgm-922.txt,0.0,gfidf,true,18
reut2-003.sgm-922.txt,0.0,idf,false,18
reut2-003.sgm-922.txt,0.0,idf,true,18
reut2-003.sgm-922.txt,0.0,logEntropy,false,18
reut2-003.sgm-922.txt,0.0,logEntropy,true,18
reut2-003.sgm-922.txt,0.0,normal,false,0
reut2-003.sgm-922.txt,0.0,normal,true,0
reut2-003.sgm-922.txt,0.0,tfidf,false,28
reut2-003.sgm-922.txt,0.0,tfidf,true,28
reut2-003.sgm-930.txt,0.0,binary,false,18
reut2-003.sgm-930.txt,0.0,binary,true,23
reut2-003.sgm-930.txt,0.0,count,false,18
reut2-003.sgm-930.txt,0.0,count,true,18
reut2-003.sgm-930.txt,0.0,gfidf,false,18
reut2-003.sgm-930.txt,0.0,gfidf,true,25
reut2-003.sgm-930.txt,0.0,idf,false,18
reut2-003.sgm-930.txt,0.0,idf,true,18
reut2-003.sgm-930.txt,0.0,logEntropy,false,18
reut2-003.sgm-930.txt,0.0,logEntropy,true,18
reut2-003.sgm-930.txt,0.0,normal,false,1
reut2-003.sgm-930.txt,0.0,normal,true,1
reut2-003.sgm-930.txt,0.0,tfidf,false,18
reut2-003.sgm-930.txt,0.0,tfidf,true,18
reut2-003.sgm-934.txt,0.0,binary,false,7
reut2-003.sgm-934.txt,0.0,binary,true,7
reut2-003.sgm-934.txt,0.0,count,false,7
reut2-003.sgm-934.txt,0.0,count,true,7
reut2-003.sgm-934.txt,0.0,gfidf,false,7
reut2-003.sgm-934.txt,0.0,gfidf,true,7
reut2-003.sgm-934.txt,0.0,idf,false,7
reut2-003.sgm-934.txt,0.0,idf,true,7
reut2-003.sgm-934.txt,0.0,logEntropy,false,7
reut2-003.sgm-934.txt,0.0,logEntropy,true,7
reut2-003.sgm-934.txt,0.0,normal,false,7
reut2-003.sgm-934.txt,0.0,normal,true,7
reut2-003.sgm-934.txt,0.0,tfidf,false,7
reut2-003.sgm-934.txt,0.0,tfidf,true,7
reut2-003.sgm-937.txt,0.0,binary,false,3
reut2-003.sgm-937.txt,0.0,binary,true,3
reut2-003.sgm-937.txt,0.0,count,false,3
reut2-003.sgm-937.txt,0.0,count,true,3
reut2-003.sgm-937.txt,0.0,gfidf,false,3
reut2-003.sgm-937.txt,0.0,gfidf,true,3
reut2-003.sgm-937.txt,0.0,idf,false,3
reut2-003.sgm-937.txt,0.0,idf,true,3
reut2-003.sgm-937.txt,0.0,logEntropy,false,3
reut2-003.sgm-937.txt,0.0,logEntropy,true,3
reut2-003.sgm-937.txt,0.0,normal,false,3
reut2-003.sgm-937.txt,0.0,normal,true,3
reut2-003.sgm-937.txt,0.0,tfidf,false,3
reut2-003.sgm-937.txt,0.0,tfidf,true,3
reut2-003.sgm-977.txt,0.0,binary,false,20
reut2-003.sgm-977.txt,0.0,binary,true,20
reut2-003.sgm-977.txt,0.0,count,false,20
reut2-003.sgm-977.txt,0.0,count,true,11
reut2-003.sgm-977.txt,0.0,gfidf,false,20
reut2-003.sgm-977.txt,0.0,gfidf,true,20
reut2-003.sgm-977.txt,0.0,idf,false,20
reut2-003.sgm-977.txt,0.0,idf,true,9
reut2-003.sgm-977.txt,0.0,logEntropy,false,20
reut2-003.sgm-977.txt,0.0,logEntropy,true,20
reut2-003.sgm-977.txt,0.0,normal,false,20
reut2-003.sgm-977.txt,0.0,normal,true,20
reut2-003.sgm-977.txt,0.0,tfidf,false,20
reut2-003.sgm-977.txt,0.0,tfidf,true,9
reut2-003.sgm-980.txt,0.0,binary,false,8
reut2-003.sgm-980.txt,0.0,binary,true,12
reut2-003.sgm-980.txt,0.0,count,false,17
reut2-003.sgm-980.txt,0.0,count,true,17
reut2-003.sgm-980.txt,0.0,gfidf,false,8
reut2-003.sgm-980.txt,0.0,gfidf,true,9
reut2-003.sgm-980.txt,0.0,idf,false,8
reut2-003.sgm-980.txt,0.0,idf,true,12
reut2-003.sgm-980.txt,0.0,logEntropy,false,9
reut2-003.sgm-980.txt,0.0,logEntropy,true,17
reut2-003.sgm-980.txt,0.0,normal,false,19
reut2-003.sgm-980.txt,0.0,normal,true,17
reut2-003.sgm-980.txt,0.0,tfidf,false,8
reut2-003.sgm-980.txt,0.0,tfidf,true,4
reut2-003.sgm-983.txt,0.0,binary,false,4
reut2-003.sgm-983.txt,0.0,binary,true,4
reut2-003.sgm-983.txt,0.0,count,false,4
reut2-003.sgm-983.txt,0.0,count,true,4
reut2-003.sgm-983.txt,0.0,gfidf,false,4
reut2-003.sgm-983.txt,0.0,gfidf,true,4
reut2-003.sgm-983.txt,0.0,idf,false,4
reut2-003.sgm-983.txt,0.0,idf,true,4
reut2-003.sgm-983.txt,0.0,logEntropy,false,4
reut2-003.sgm-983.txt,0.0,logEntropy,true,4
reut2-003.sgm-983.txt,0.0,normal,false,4
reut2-003.sgm-983.txt,0.0,normal,true,4
reut2-003.sgm-983.txt,0.0,tfidf,false,4
reut2-003.sgm-983.txt,0.0,tfidf,true,8
reut2-003.sgm-986.txt,0.0,binary,false,11
reut2-003.sgm-986.txt,0.0,binary,true,11
reut2-003.sgm-986.txt,0.0,count,false,11
reut2-003.sgm-986.txt,0.0,count,true,11
reut2-003.sgm-986.txt,0.0,gfidf,false,11
reut2-003.sgm-986.txt,0.0,gfidf,true,11
reut2-003.sgm-986.txt,0.0,idf,false,11
reut2-003.sgm-986.txt,0.0,idf,true,11
reut2-003.sgm-986.txt,0.0,logEntropy,false,11
reut2-003.sgm-986.txt,0.0,logEntropy,true,11
reut2-003.sgm-986.txt,0.0,normal,false,11
reut2-003.sgm-986.txt,0.0,normal,true,11
reut2-003.sgm-986.txt,0.0,tfidf,false,11
reut2-003.sgm-986.txt,0.0,tfidf,true,11
reut2-003.sgm-990.txt,2.2081790273476245,binary,false,9
reut2-003.sgm-990.txt,2.2081790273476245,binary,true,10
reut2-003.sgm-990.txt,2.2081790273476245,count,false,0
reut2-003.sgm-990.txt,2.2081790273476245,count,true,0
reut2-003.sgm-990.txt,2.2081790273476245,gfidf,false,2
reut2-003.sgm-990.txt,2.2081790273476245,gfidf,true,2
reut2-003.sgm-990.txt,2.2081790273476245,idf,false,10
reut2-003.sgm-990.txt,2.2081790273476245,idf,true,10
reut2-003.sgm-990.txt,2.2081790273476245,logEntropy,false,0
reut2-003.sgm-990.txt,2.2081790273476245,logEntropy,true,0
reut2-003.sgm-990.txt,2.2081790273476245,normal,false,0
reut2-003.sgm-990.txt,2.2081790273476245,normal,true,0
reut2-003.sgm-990.txt,2.2081790273476245,tfidf,false,10
reut2-003.sgm-990.txt,2.2081790273476245,tfidf,true,1
reut2-003.sgm-991.txt,2.2730669520194486,binary,false,0
reut2-003.sgm-991.txt,2.2730669520194486,binary,true,3
reut2-003.sgm-991.txt,2.2730669520194486,count,false,1
reut2-003.sgm-991.txt,2.2730669520194486,count,true,1
reut2-003.sgm-991.txt,2.2730669520194486,gfidf,false,1
reut2-003.sgm-991.txt,2.2730669520194486,gfidf,true,1
reut2-003.sgm-991.txt,2.2730669520194486,idf,false,3
reut2-003.sgm-991.txt,2.2730669520194486,idf,true,3
reut2-003.sgm-991.txt,2.2730669520194486,logEntropy,false,1
reut2-003.sgm-991.txt,2.2730669520194486,logEntropy,true,3
reut2-003.sgm-991.txt,2.2730669520194486,normal,false,0
reut2-003.sgm-991.txt,2.2730669520194486,normal,true,3
reut2-003.sgm-991.txt,2.2730669520194486,tfidf,false,1
reut2-003.sgm-991.txt,2.2730669520194486,tfidf,true,1
reut2-004.sgm-100.txt,1.9033903060212392,binary,false,6
reut2-004.sgm-100.txt,1.9033903060212392,binary,true,17
reut2-004.sgm-100.txt,1.9033903060212392,count,false,11
reut2-004.sgm-100.txt,1.9033903060212392,count,true,11
reut2-004.sgm-100.txt,1.9033903060212392,gfidf,false,1
reut2-004.sgm-100.txt,1.9033903060212392,gfidf,true,11
reut2-004.sgm-100.txt,1.9033903060212392,idf,false,1
reut2-004.sgm-100.txt,1.9033903060212392,idf,true,17
reut2-004.sgm-100.txt,1.9033903060212392,logEntropy,false,1
reut2-004.sgm-100.txt,1.9033903060212392,logEntropy,true,11
reut2-004.sgm-100.txt,1.9033903060212392,normal,false,6
reut2-004.sgm-100.txt,1.9033903060212392,normal,true,11
reut2-004.sgm-100.txt,1.9033903060212392,tfidf,false,14
reut2-004.sgm-100.txt,1.9033903060212392,tfidf,true,17
reut2-004.sgm-105.txt,0.0,binary,false,2
reut2-004.sgm-105.txt,0.0,binary,true,6
reut2-004.sgm-105.txt,0.0,count,false,2
reut2-004.sgm-105.txt,0.0,count,true,2
reut2-004.sgm-105.txt,0.0,gfidf,false,2
reut2-004.sgm-105.txt,0.0,gfidf,true,2
reut2-004.sgm-105.txt,0.0,idf,false,2
reut2-004.sgm-105.txt,0.0,idf,true,6
reut2-004.sgm-105.txt,0.0,logEntropy,false,2
reut2-004.sgm-105.txt,0.0,logEntropy,true,2
reut2-004.sgm-105.txt,0.0,normal,false,12
reut2-004.sgm-105.txt,0.0,normal,true,12
reut2-004.sgm-105.txt,0.0,tfidf,false,2
reut2-004.sgm-105.txt,0.0,tfidf,true,2
reut2-004.sgm-125.txt,2.101513277306439,binary,false,0
reut2-004.sgm-125.txt,2.101513277306439,binary,true,22
reut2-004.sgm-125.txt,2.101513277306439,count,false,22
reut2-004.sgm-125.txt,2.101513277306439,count,true,22
reut2-004.sgm-125.txt,2.101513277306439,gfidf,false,22
reut2-004.sgm-125.txt,2.101513277306439,gfidf,true,22
reut2-004.sgm-125.txt,2.101513277306439,idf,false,22
reut2-004.sgm-125.txt,2.101513277306439,idf,true,22
reut2-004.sgm-125.txt,2.101513277306439,logEntropy,false,22
reut2-004.sgm-125.txt,2.101513277306439,logEntropy,true,1
reut2-004.sgm-125.txt,2.101513277306439,normal,false,0
reut2-004.sgm-125.txt,2.101513277306439,normal,true,0
reut2-004.sgm-125.txt,2.101513277306439,tfidf,false,22
reut2-004.sgm-125.txt,2.101513277306439,tfidf,true,22
reut2-004.sgm-129.txt,0.0,binary,false,22
reut2-004.sgm-129.txt,0.0,binary,true,3
reut2-004.sgm-129.txt,0.0,count,false,22
reut2-004.sgm-129.txt,0.0,count,true,22
reut2-004.sgm-129.txt,0.0,gfidf,false,22
reut2-004.sgm-129.txt,0.0,gfidf,true,3
reut2-004.sgm-129.txt,0.0,idf,false,27
reut2-004.sgm-129.txt,0.0,idf,true,16
reut2-004.sgm-129.txt,0.0,logEntropy,false,22
reut2-004.sgm-129.txt,0.0,logEntropy,true,22
reut2-004.sgm-129.txt,0.0,normal,false,3
reut2-004.sgm-129.txt,0.0,normal,true,3
reut2-004.sgm-129.txt,0.0,tfidf,false,27
reut2-004.sgm-129.txt,0.0,tfidf,true,27
reut2-004.sgm-135.txt,0.0,binary,false,10
reut2-004.sgm-135.txt,0.0,binary,true,2
reut2-004.sgm-135.txt,0.0,count,false,9
reut2-004.sgm-135.txt,0.0,count,true,9
reut2-004.sgm-135.txt,0.0,gfidf,false,10
reut2-004.sgm-135.txt,0.0,gfidf,true,16
reut2-004.sgm-135.txt,0.0,idf,false,10
reut2-004.sgm-135.txt,0.0,idf,true,10
reut2-004.sgm-135.txt,0.0,logEntropy,false,9
reut2-004.sgm-135.txt,0.0,logEntropy,true,9
reut2-004.sgm-135.txt,0.0,normal,false,16
reut2-004.sgm-135.txt,0.0,normal,true,16
reut2-004.sgm-135.txt,0.0,tfidf,false,10
reut2-004.sgm-135.txt,0.0,tfidf,true,2
reut2-004.sgm-15.txt,0.0,binary,false,5
reut2-004.sgm-15.txt,0.0,binary,true,5
reut2-004.sgm-15.txt,0.0,count,false,10
reut2-004.sgm-15.txt,0.0,count,true,10
reut2-004.sgm-15.txt,0.0,gfidf,false,1
reut2-004.sgm-15.txt,0.0,gfidf,true,10
reut2-004.sgm-15.txt,0.0,idf,false,5
reut2-004.sgm-15.txt,0.0,idf,true,5
reut2-004.sgm-15.txt,0.0,logEntropy,false,10
reut2-004.sgm-15.txt,0.0,logEntropy,true,10
reut2-004.sgm-15.txt,0.0,normal,false,1
reut2-004.sgm-15.txt,0.0,normal,true,10
reut2-004.sgm-15.txt,0.0,tfidf,false,5
reut2-004.sgm-15.txt,0.0,tfidf,true,5
reut2-004.sgm-151.txt,0.0,binary,false,4
reut2-004.sgm-151.txt,0.0,binary,true,4
reut2-004.sgm-151.txt,0.0,count,false,12
reut2-004.sgm-151.txt,0.0,count,true,4
reut2-004.sgm-151.txt,0.0,gfidf,false,14
reut2-004.sgm-151.txt,0.0,gfidf,true,14
reut2-004.sgm-151.txt,0.0,idf,false,4
reut2-004.sgm-151.txt,0.0,idf,true,4
reut2-004.sgm-151.txt,0.0,logEntropy,false,12
reut2-004.sgm-151.txt,0.0,logEntropy,true,4
reut2-004.sgm-151.txt,0.0,normal,false,11
reut2-004.sgm-151.txt,0.0,normal,true,11
reut2-004.sgm-151.txt,0.0,tfidf,false,4
reut2-004.sgm-151.txt,0.0,tfidf,true,14
reut2-004.sgm-155.txt,0.0,binary,false,8
reut2-004.sgm-155.txt,0.0,binary,true,0
reut2-004.sgm-155.txt,0.0,count,false,0
reut2-004.sgm-155.txt,0.0,count,true,0
reut2-004.sgm-155.txt,0.0,gfidf,false,0
reut2-004.sgm-155.txt,0.0,gfidf,true,0
reut2-004.sgm-155.txt,0.0,idf,false,8
reut2-004.sgm-155.txt,0.0,idf,true,10
reut2-004.sgm-155.txt,0.0,logEntropy,false,0
reut2-004.sgm-155.txt,0.0,logEntropy,true,0
reut2-004.sgm-155.txt,0.0,normal,false,0
reut2-004.sgm-155.txt,0.0,normal,true,0
reut2-004.sgm-155.txt,0.0,tfidf,false,11
reut2-004.sgm-155.txt,0.0,tfidf,true,10
reut2-004.sgm-159.txt,0.0,binary,false,16
reut2-004.sgm-159.txt,0.0,binary,true,17
reut2-004.sgm-159.txt,0.0,count,false,19
reut2-004.sgm-159.txt,0.0,count,true,17
reut2-004.sgm-159.txt,0.0,gfidf,false,19
reut2-004.sgm-159.txt,0.0,gfidf,true,17
reut2-004.sgm-159.txt,0.0,idf,false,16
reut2-004.sgm-159.txt,0.0,idf,true,16
reut2-004.sgm-159.txt,0.0,logEntropy,false,19
reut2-004.sgm-159.txt,0.0,logEntropy,true,17
reut2-004.sgm-159.txt,0.0,normal,false,4
reut2-004.sgm-159.txt,0.0,normal,true,4
reut2-004.sgm-159.txt,0.0,tfidf,false,17
reut2-004.sgm-159.txt,0.0,tfidf,true,17
reut2-004.sgm-16.txt,0.0,binary,false,8
reut2-004.sgm-16.txt,0.0,binary,true,8
reut2-004.sgm-16.txt,0.0,count,false,8
reut2-004.sgm-16.txt,0.0,count,true,8
reut2-004.sgm-16.txt,0.0,gfidf,false,8
reut2-004.sgm-16.txt,0.0,gfidf,true,8
reut2-004.sgm-16.txt,0.0,idf,false,8
reut2-004.sgm-16.txt,0.0,idf,true,8
reut2-004.sgm-16.txt,0.0,logEntropy,false,8
reut2-004.sgm-16.txt,0.0,logEntropy,true,8
reut2-004.sgm-16.txt,0.0,normal,false,8
reut2-004.sgm-16.txt,0.0,normal,true,3
reut2-004.sgm-16.txt,0.0,tfidf,false,8
reut2-004.sgm-16.txt,0.0,tfidf,true,8
reut2-004.sgm-164.txt,0.0,binary,false,1
reut2-004.sgm-164.txt,0.0,binary,true,1
reut2-004.sgm-164.txt,0.0,count,false,37
reut2-004.sgm-164.txt,0.0,count,true,28
reut2-004.sgm-164.txt,0.0,gfidf,false,37
reut2-004.sgm-164.txt,0.0,gfidf,true,37
reut2-004.sgm-164.txt,0.0,idf,false,1
reut2-004.sgm-164.txt,0.0,idf,true,11
reut2-004.sgm-164.txt,0.0,logEntropy,false,1
reut2-004.sgm-164.txt,0.0,logEntropy,true,1
reut2-004.sgm-164.txt,0.0,normal,false,35
reut2-004.sgm-164.txt,0.0,normal,true,35
reut2-004.sgm-164.txt,0.0,tfidf,false,37
reut2-004.sgm-164.txt,0.0,tfidf,true,11
reut2-004.sgm-173.txt,0.0,binary,false,18
reut2-004.sgm-173.txt,0.0,binary,true,18
reut2-004.sgm-173.txt,0.0,count,false,15
reut2-004.sgm-173.txt,0.0,count,true,18
reut2-004.sgm-173.txt,0.0,gfidf,false,18
reut2-004.sgm-173.txt,0.0,gfidf,true,18
reut2-004.sgm-173.txt,0.0,idf,false,18
reut2-004.sgm-173.txt,0.0,idf,true,18
reut2-004.sgm-173.txt,0.0,logEntropy,false,18
reut2-004.sgm-173.txt,0.0,logEntropy,true,18
reut2-004.sgm-173.txt,0.0,normal,false,0
reut2-004.sgm-173.txt,0.0,normal,true,0
reut2-004.sgm-173.txt,0.0,tfidf,false,18
reut2-004.sgm-173.txt,0.0,tfidf,true,18
reut2-004.sgm-222.txt,0.0,binary,false,15
reut2-004.sgm-222.txt,0.0,binary,true,8
reut2-004.sgm-222.txt,0.0,count,false,4
reut2-004.sgm-222.txt,0.0,count,true,8
reut2-004.sgm-222.txt,0.0,gfidf,false,15
reut2-004.sgm-222.txt,0.0,gfidf,true,8
reut2-004.sgm-222.txt,0.0,idf,false,15
reut2-004.sgm-222.txt,0.0,idf,true,4
reut2-004.sgm-222.txt,0.0,logEntropy,false,4
reut2-004.sgm-222.txt,0.0,logEntropy,true,8
reut2-004.sgm-222.txt,0.0,normal,false,8
reut2-004.sgm-222.txt,0.0,normal,true,8
reut2-004.sgm-222.txt,0.0,tfidf,false,15
reut2-004.sgm-222.txt,0.0,tfidf,true,4
reut2-004.sgm-231.txt,0.0,binary,false,10
reut2-004.sgm-231.txt,0.0,binary,true,28
reut2-004.sgm-231.txt,0.0,count,false,28
reut2-004.sgm-231.txt,0.0,count,true,28
reut2-004.sgm-231.txt,0.0,gfidf,false,28
reut2-004.sgm-231.txt,0.0,gfidf,true,28
reut2-004.sgm-231.txt,0.0,idf,false,10
reut2-004.sgm-231.txt,0.0,idf,true,28
reut2-004.sgm-231.txt,0.0,logEntropy,false,28
reut2-004.sgm-231.txt,0.0,logEntropy,true,28
reut2-004.sgm-231.txt,0.0,normal,false,28
reut2-004.sgm-231.txt,0.0,normal,true,28
reut2-004.sgm-231.txt,0.0,tfidf,false,28
reut2-004.sgm-231.txt,0.0,tfidf,true,28
reut2-004.sgm-245.txt,1.7239456424939554,binary,false,10
reut2-004.sgm-245.txt,1.7239456424939554,binary,true,10
reut2-004.sgm-245.txt,1.7239456424939554,count,false,10
reut2-004.sgm-245.txt,1.7239456424939554,count,true,10
reut2-004.sgm-245.txt,1.7239456424939554,gfidf,false,10
reut2-004.sgm-245.txt,1.7239456424939554,gfidf,true,10
reut2-004.sgm-245.txt,1.7239456424939554,idf,false,10
reut2-004.sgm-245.txt,1.7239456424939554,idf,true,10
reut2-004.sgm-245.txt,1.7239456424939554,logEntropy,false,10
reut2-004.sgm-245.txt,1.7239456424939554,logEntropy,true,10
reut2-004.sgm-245.txt,1.7239456424939554,normal,false,4
reut2-004.sgm-245.txt,1.7239456424939554,normal,true,4
reut2-004.sgm-245.txt,1.7239456424939554,tfidf,false,10
reut2-004.sgm-245.txt,1.7239456424939554,tfidf,true,10
reut2-004.sgm-25.txt,0.0,binary,false,2
reut2-004.sgm-25.txt,0.0,binary,true,20
reut2-004.sgm-25.txt,0.0,count,false,2
reut2-004.sgm-25.txt,0.0,count,true,2
reut2-004.sgm-25.txt,0.0,gfidf,false,2
reut2-004.sgm-25.txt,0.0,gfidf,true,20
reut2-004.sgm-25.txt,0.0,idf,false,9
reut2-004.sgm-25.txt,0.0,idf,true,20
reut2-004.sgm-25.txt,0.0,logEntropy,false,2
reut2-004.sgm-25.txt,0.0,logEntropy,true,20
reut2-004.sgm-25.txt,0.0,normal,false,2
reut2-004.sgm-25.txt,0.0,normal,true,3
reut2-004.sgm-25.txt,0.0,tfidf,false,9
reut2-004.sgm-25.txt,0.0,tfidf,true,20
reut2-004.sgm-26.txt,3.2813414240305514,binary,false,0
reut2-004.sgm-26.txt,3.2813414240305514,binary,true,0
reut2-004.sgm-26.txt,3.2813414240305514,count,false,0
reut2-004.sgm-26.txt,3.2813414240305514,count,true,0
reut2-004.sgm-26.txt,3.2813414240305514,gfidf,false,0
reut2-004.sgm-26.txt,3.2813414240305514,gfidf,true,0
reut2-004.sgm-26.txt,3.2813414240305514,idf,false,2
reut2-004.sgm-26.txt,3.2813414240305514,idf,true,2
reut2-004.sgm-26.txt,3.2813414240305514,logEntropy,false,0
reut2-004.sgm-26.txt,3.2813414240305514,logEntropy,true,0
reut2-004.sgm-26.txt,3.2813414240305514,normal,false,0
reut2-004.sgm-26.txt,3.2813414240305514,normal,true,0
reut2-004.sgm-26.txt,3.2813414240305514,tfidf,false,2
reut2-004.sgm-26.txt,3.2813414240305514,tfidf,true,2
reut2-004.sgm-265.txt,0.0,binary,false,2
reut2-004.sgm-265.txt,0.0,binary,true,2
reut2-004.sgm-265.txt,0.0,count,false,2
reut2-004.sgm-265.txt,0.0,count,true,14
reut2-004.sgm-265.txt,0.0,gfidf,false,2
reut2-004.sgm-265.txt,0.0,gfidf,true,11
reut2-004.sgm-265.txt,0.0,idf,false,2
reut2-004.sgm-265.txt,0.0,idf,true,11
reut2-004.sgm-265.txt,0.0,logEntropy,false,2
reut2-004.sgm-265.txt,0.0,logEntropy,true,11
reut2-004.sgm-265.txt,0.0,normal,false,2
reut2-004.sgm-265.txt,0.0,normal,true,1
reut2-004.sgm-265.txt,0.0,tfidf,false,16
reut2-004.sgm-265.txt,0.0,tfidf,true,11
reut2-004.sgm-266.txt,0.0,binary,false,18
reut2-004.sgm-266.txt,0.0,binary,true,1
reut2-004.sgm-266.txt,0.0,count,false,18
reut2-004.sgm-266.txt,0.0,count,true,18
reut2-004.sgm-266.txt,0.0,gfidf,false,18
reut2-004.sgm-266.txt,0.0,gfidf,true,1
reut2-004.sgm-266.txt,0.0,idf,false,18
reut2-004.sgm-266.txt,0.0,idf,true,8
reut2-004.sgm-266.txt,0.0,logEntropy,false,18
reut2-004.sgm-266.txt,0.0,logEntropy,true,18
reut2-004.sgm-266.txt,0.0,normal,false,18
reut2-004.sgm-266.txt,0.0,normal,true,1
reut2-004.sgm-266.txt,0.0,tfidf,false,18
reut2-004.sgm-266.txt,0.0,tfidf,true,18
reut2-004.sgm-288.txt,2.3095872406911657,binary,false,1
reut2-004.sgm-288.txt,2.3095872406911657,binary,true,7
reut2-004.sgm-288.txt,2.3095872406911657,count,false,0
reut2-004.sgm-288.txt,2.3095872406911657,count,true,0
reut2-004.sgm-288.txt,2.3095872406911657,gfidf,false,1
reut2-004.sgm-288.txt,2.3095872406911657,gfidf,true,7
reut2-004.sgm-288.txt,2.3095872406911657,idf,false,1
reut2-004.sgm-288.txt,2.3095872406911657,idf,true,6
reut2-004.sgm-288.txt,2.3095872406911657,logEntropy,false,1
reut2-004.sgm-288.txt,2.3095872406911657,logEntropy,true,0
reut2-004.sgm-288.txt,2.3095872406911657,normal,false,0
reut2-004.sgm-288.txt,2.3095872406911657,normal,true,0
reut2-004.sgm-288.txt,2.3095872406911657,tfidf,false,1
reut2-004.sgm-288.txt,2.3095872406911657,tfidf,true,6
reut2-004.sgm-289.txt,0.0,binary,false,32
reut2-004.sgm-289.txt,0.0,binary,true,11
reut2-004.sgm-289.txt,0.0,count,false,32
reut2-004.sgm-289.txt,0.0,count,true,11
reut2-004.sgm-289.txt,0.0,gfidf,false,32
reut2-004.sgm-289.txt,0.0,gfidf,true,11
reut2-004.sgm-289.txt,0.0,idf,false,39
reut2-004.sgm-289.txt,0.0,idf,true,39
reut2-004.sgm-289.txt,0.0,logEntropy,false,32
reut2-004.sgm-289.txt,0.0,logEntropy,true,32
reut2-004.sgm-289.txt,0.0,normal,false,27
reut2-004.sgm-289.txt,0.0,normal,true,27
reut2-004.sgm-289.txt,0.0,tfidf,false,39
reut2-004.sgm-289.txt,0.0,tfidf,true,39
reut2-004.sgm-302.txt,2.01689712667475,binary,false,1
reut2-004.sgm-302.txt,2.01689712667475,binary,true,1
reut2-004.sgm-302.txt,2.01689712667475,count,false,4
reut2-004.sgm-302.txt,2.01689712667475,count,true,4
reut2-004.sgm-302.txt,2.01689712667475,gfidf,false,4
reut2-004.sgm-302.txt,2.01689712667475,gfidf,true,1
reut2-004.sgm-302.txt,2.01689712667475,idf,false,1
reut2-004.sgm-302.txt,2.01689712667475,idf,true,1
reut2-004.sgm-302.txt,2.01689712667475,logEntropy,false,4
reut2-004.sgm-302.txt,2.01689712667475,logEntropy,true,4
reut2-004.sgm-302.txt,2.01689712667475,normal,false,4
reut2-004.sgm-302.txt,2.01689712667475,normal,true,4
reut2-004.sgm-302.txt,2.01689712667475,tfidf,false,14
reut2-004.sgm-302.txt,2.01689712667475,tfidf,true,14
reut2-004.sgm-309.txt,1.7895970974259527,binary,false,1
reut2-004.sgm-309.txt,1.7895970974259527,binary,true,1
reut2-004.sgm-309.txt,1.7895970974259527,count,false,5
reut2-004.sgm-309.txt,1.7895970974259527,count,true,5
reut2-004.sgm-309.txt,1.7895970974259527,gfidf,false,1
reut2-004.sgm-309.txt,1.7895970974259527,gfidf,true,1
reut2-004.sgm-309.txt,1.7895970974259527,idf,false,1
reut2-004.sgm-309.txt,1.7895970974259527,idf,true,1
reut2-004.sgm-309.txt,1.7895970974259527,logEntropy,false,5
reut2-004.sgm-309.txt,1.7895970974259527,logEntropy,true,5
reut2-004.sgm-309.txt,1.7895970974259527,normal,false,2
reut2-004.sgm-309.txt,1.7895970974259527,normal,true,2
reut2-004.sgm-309.txt,1.7895970974259527,tfidf,false,1
reut2-004.sgm-309.txt,1.7895970974259527,tfidf,true,9
reut2-004.sgm-314.txt,0.0,binary,false,10
reut2-004.sgm-314.txt,0.0,binary,true,0
reut2-004.sgm-314.txt,0.0,count,false,0
reut2-004.sgm-314.txt,0.0,count,true,10
reut2-004.sgm-314.txt,0.0,gfidf,false,0
reut2-004.sgm-314.txt,0.0,gfidf,true,10
reut2-004.sgm-314.txt,0.0,idf,false,10
reut2-004.sgm-314.txt,0.0,idf,true,10
reut2-004.sgm-314.txt,0.0,logEntropy,false,0
reut2-004.sgm-314.txt,0.0,logEntropy,true,0
reut2-004.sgm-314.txt,0.0,normal,false,0
reut2-004.sgm-314.txt,0.0,normal,true,0
reut2-004.sgm-314.txt,0.0,tfidf,false,10
reut2-004.sgm-314.txt,0.0,tfidf,true,10
reut2-004.sgm-316.txt,0.0,binary,false,14
reut2-004.sgm-316.txt,0.0,binary,true,1
reut2-004.sgm-316.txt,0.0,count,false,1
reut2-004.sgm-316.txt,0.0,count,true,1
reut2-004.sgm-316.txt,0.0,gfidf,false,14
reut2-004.sgm-316.txt,0.0,gfidf,true,1
reut2-004.sgm-316.txt,0.0,idf,false,14
reut2-004.sgm-316.txt,0.0,idf,true,1
reut2-004.sgm-316.txt,0.0,logEntropy,false,14
reut2-004.sgm-316.txt,0.0,logEntropy,true,1
reut2-004.sgm-316.txt,0.0,normal,false,11
reut2-004.sgm-316.txt,0.0,normal,true,11
reut2-004.sgm-316.txt,0.0,tfidf,false,14
reut2-004.sgm-316.txt,0.0,tfidf,true,10
reut2-004.sgm-339.txt,1.9033903060212392,binary,false,12
reut2-004.sgm-339.txt,1.9033903060212392,binary,true,1
reut2-004.sgm-339.txt,1.9033903060212392,count,false,1
reut2-004.sgm-339.txt,1.9033903060212392,count,true,1
reut2-004.sgm-339.txt,1.9033903060212392,gfidf,false,1
reut2-004.sgm-339.txt,1.9033903060212392,gfidf,true,1
reut2-004.sgm-339.txt,1.9033903060212392,idf,false,12
reut2-004.sgm-339.txt,1.9033903060212392,idf,true,12
reut2-004.sgm-339.txt,1.9033903060212392,logEntropy,false,1
reut2-004.sgm-339.txt,1.9033903060212392,logEntropy,true,1
reut2-004.sgm-339.txt,1.9033903060212392,normal,false,9
reut2-004.sgm-339.txt,1.9033903060212392,normal,true,1
reut2-004.sgm-339.txt,1.9033903060212392,tfidf,false,12
reut2-004.sgm-339.txt,1.9033903060212392,tfidf,true,12
reut2-004.sgm-353.txt,0.0,binary,false,3
reut2-004.sgm-353.txt,0.0,binary,true,3
reut2-004.sgm-353.txt,0.0,count,false,23
reut2-004.sgm-353.txt,0.0,count,true,27
reut2-004.sgm-353.txt,0.0,gfidf,false,3
reut2-004.sgm-353.txt,0.0,gfidf,true,3
reut2-004.sgm-353.txt,0.0,idf,false,3
reut2-004.sgm-353.txt,0.0,idf,true,3
reut2-004.sgm-353.txt,0.0,logEntropy,false,23
reut2-004.sgm-353.txt,0.0,logEntropy,true,3
reut2-004.sgm-353.txt,0.0,normal,false,26
reut2-004.sgm-353.txt,0.0,normal,true,27
reut2-004.sgm-353.txt,0.0,tfidf,false,23
reut2-004.sgm-353.txt,0.0,tfidf,true,3
reut2-004.sgm-36.txt,2.101513277306439,binary,false,0
reut2-004.sgm-36.txt,2.101513277306439,binary,true,22
reut2-004.sgm-36.txt,2.101513277306439,count,false,22
reut2-004.sgm-36.txt,2.101513277306439,count,true,22
reut2-004.sgm-36.txt,2.101513277306439,gfidf,false,22
reut2-004.sgm-36.txt,2.101513277306439,gfidf,true,22
reut2-004.sgm-36.txt,2.101513277306439,idf,false,22
reut2-004.sgm-36.txt,2.101513277306439,idf,true,22
reut2-004.sgm-36.txt,2.101513277306439,logEntropy,false,22
reut2-004.sgm-36.txt,2.101513277306439,logEntropy,true,1
reut2-004.sgm-36.txt,2.101513277306439,normal,false,0
reut2-004.sgm-36.txt,2.101513277306439,normal,true,0
reut2-004.sgm-36.txt,2.101513277306439,tfidf,false,22
reut2-004.sgm-36.txt,2.101513277306439,tfidf,true,22
reut2-004.sgm-366.txt,0.0,binary,false,9
reut2-004.sgm-366.txt,0.0,binary,true,9
reut2-004.sgm-366.txt,0.0,count,false,0
reut2-004.sgm-366.txt,0.0,count,true,0
reut2-004.sgm-366.txt,0.0,gfidf,false,3
reut2-004.sgm-366.txt,0.0,gfidf,true,9
reut2-004.sgm-366.txt,0.0,idf,false,9
reut2-004.sgm-366.txt,0.0,idf,true,9
reut2-004.sgm-366.txt,0.0,logEntropy,false,0
reut2-004.sgm-366.txt,0.0,logEntropy,true,0
reut2-004.sgm-366.txt,0.0,normal,false,3
reut2-004.sgm-366.txt,0.0,normal,true,9
reut2-004.sgm-366.txt,0.0,tfidf,false,3
reut2-004.sgm-366.txt,0.0,tfidf,true,9
reut2-004.sgm-372.txt,0.0,binary,false,12
reut2-004.sgm-372.txt,0.0,binary,true,12
reut2-004.sgm-372.txt,0.0,count,false,12
reut2-004.sgm-372.txt,0.0,count,true,12
reut2-004.sgm-372.txt,0.0,gfidf,false,12
reut2-004.sgm-372.txt,0.0,gfidf,true,12
reut2-004.sgm-372.txt,0.0,idf,false,12
reut2-004.sgm-372.txt,0.0,idf,true,12
reut2-004.sgm-372.txt,0.0,logEntropy,false,12
reut2-004.sgm-372.txt,0.0,logEntropy,true,12
reut2-004.sgm-372.txt,0.0,normal,false,4
reut2-004.sgm-372.txt,0.0,normal,true,4
reut2-004.sgm-372.txt,0.0,tfidf,false,12
reut2-004.sgm-372.txt,0.0,tfidf,true,12
reut2-004.sgm-381.txt,0.0,binary,false,8
reut2-004.sgm-381.txt,0.0,binary,true,4
reut2-004.sgm-381.txt,0.0,count,false,8
reut2-004.sgm-381.txt,0.0,count,true,8
reut2-004.sgm-381.txt,0.0,gfidf,false,8
reut2-004.sgm-381.txt,0.0,gfidf,true,4
reut2-004.sgm-381.txt,0.0,idf,false,8
reut2-004.sgm-381.txt,0.0,idf,true,4
reut2-004.sgm-381.txt,0.0,logEntropy,false,8
reut2-004.sgm-381.txt,0.0,logEntropy,true,8
reut2-004.sgm-381.txt,0.0,normal,false,8
reut2-004.sgm-381.txt,0.0,normal,true,8
reut2-004.sgm-381.txt,0.0,tfidf,false,8
reut2-004.sgm-381.txt,0.0,tfidf,true,4
reut2-004.sgm-4.txt,0.0,binary,false,6
reut2-004.sgm-4.txt,0.0,binary,true,9
reut2-004.sgm-4.txt,0.0,count,false,9
reut2-004.sgm-4.txt,0.0,count,true,13
reut2-004.sgm-4.txt,0.0,gfidf,false,3
reut2-004.sgm-4.txt,0.0,gfidf,true,13
reut2-004.sgm-4.txt,0.0,idf,false,6
reut2-004.sgm-4.txt,0.0,idf,true,13
reut2-004.sgm-4.txt,0.0,logEntropy,false,9
reut2-004.sgm-4.txt,0.0,logEntropy,true,9
reut2-004.sgm-4.txt,0.0,normal,false,9
reut2-004.sgm-4.txt,0.0,normal,true,9
reut2-004.sgm-4.txt,0.0,tfidf,false,6
reut2-004.sgm-4.txt,0.0,tfidf,true,13
reut2-004.sgm-401.txt,0.0,binary,false,12
reut2-004.sgm-401.txt,0.0,binary,true,1
reut2-004.sgm-401.txt,0.0,count,false,12
reut2-004.sgm-401.txt,0.0,count,true,12
reut2-004.sgm-401.txt,0.0,gfidf,false,12
reut2-004.sgm-401.txt,0.0,gfidf,true,12
reut2-004.sgm-401.txt,0.0,idf,false,12
reut2-004.sgm-401.txt,0.0,idf,true,1
reut2-004.sgm-401.txt,0.0,logEntropy,false,12
reut2-004.sgm-401.txt,0.0,logEntropy,true,12
reut2-004.sgm-401.txt,0.0,normal,false,12
reut2-004.sgm-401.txt,0.0,normal,true,12
reut2-004.sgm-401.txt,0.0,tfidf,false,12
reut2-004.sgm-401.txt,0.0,tfidf,true,1
reut2-004.sgm-404.txt,0.0,binary,false,7
reut2-004.sgm-404.txt,0.0,binary,true,6
reut2-004.sgm-404.txt,0.0,count,false,12
reut2-004.sgm-404.txt,0.0,count,true,12
reut2-004.sgm-404.txt,0.0,gfidf,false,7
reut2-004.sgm-404.txt,0.0,gfidf,true,6
reut2-004.sgm-404.txt,0.0,idf,false,0
reut2-004.sgm-404.txt,0.0,idf,true,6
reut2-004.sgm-404.txt,0.0,logEntropy,false,7
reut2-004.sgm-404.txt,0.0,logEntropy,true,7
reut2-004.sgm-404.txt,0.0,normal,false,7
reut2-004.sgm-404.txt,0.0,normal,true,7
reut2-004.sgm-404.txt,0.0,tfidf,false,2
reut2-004.sgm-404.txt,0.0,tfidf,true,5
reut2-004.sgm-421.txt,2.1815432972869333,binary,false,1
reut2-004.sgm-421.txt,2.1815432972869333,binary,true,1
reut2-004.sgm-421.txt,2.1815432972869333,count,false,1
reut2-004.sgm-421.txt,2.1815432972869333,count,true,1
reut2-004.sgm-421.txt,2.1815432972869333,gfidf,false,1
reut2-004.sgm-421.txt,2.1815432972869333,gfidf,true,1
reut2-004.sgm-421.txt,2.1815432972869333,idf,false,1
reut2-004.sgm-421.txt,2.1815432972869333,idf,true,1
reut2-004.sgm-421.txt,2.1815432972869333,logEntropy,false,1
reut2-004.sgm-421.txt,2.1815432972869333,logEntropy,true,1
reut2-004.sgm-421.txt,2.1815432972869333,normal,false,1
reut2-004.sgm-421.txt,2.1815432972869333,normal,true,1
reut2-004.sgm-421.txt,2.1815432972869333,tfidf,false,1
reut2-004.sgm-421.txt,2.1815432972869333,tfidf,true,1
reut2-004.sgm-424.txt,0.0,binary,false,5
reut2-004.sgm-424.txt,0.0,binary,true,5
reut2-004.sgm-424.txt,0.0,count,false,5
reut2-004.sgm-424.txt,0.0,count,true,5
reut2-004.sgm-424.txt,0.0,gfidf,false,5
reut2-004.sgm-424.txt,0.0,gfidf,true,5
reut2-004.sgm-424.txt,0.0,idf,false,14
reut2-004.sgm-424.txt,0.0,idf,true,5
reut2-004.sgm-424.txt,0.0,logEntropy,false,5
reut2-004.sgm-424.txt,0.0,logEntropy,true,5
reut2-004.sgm-424.txt,0.0,normal,false,5
reut2-004.sgm-424.txt,0.0,normal,true,5
reut2-004.sgm-424.txt,0.0,tfidf,false,5
reut2-004.sgm-424.txt,0.0,tfidf,true,5
reut2-004.sgm-440.txt,2.1815432972869333,binary,false,1
reut2-004.sgm-440.txt,2.1815432972869333,binary,true,1
reut2-004.sgm-440.txt,2.1815432972869333,count,false,1
reut2-004.sgm-440.txt,2.1815432972869333,count,true,1
reut2-004.sgm-440.txt,2.1815432972869333,gfidf,false,1
reut2-004.sgm-440.txt,2.1815432972869333,gfidf,true,1
reut2-004.sgm-440.txt,2.1815432972869333,idf,false,1
reut2-004.sgm-440.txt,2.1815432972869333,idf,true,1
reut2-004.sgm-440.txt,2.1815432972869333,logEntropy,false,1
reut2-004.sgm-440.txt,2.1815432972869333,logEntropy,true,1
reut2-004.sgm-440.txt,2.1815432972869333,normal,false,1
reut2-004.sgm-440.txt,2.1815432972869333,normal,true,1
reut2-004.sgm-440.txt,2.1815432972869333,tfidf,false,1
reut2-004.sgm-440.txt,2.1815432972869333,tfidf,true,1
reut2-004.sgm-469.txt,0.0,binary,false,1
reut2-004.sgm-469.txt,0.0,binary,true,1
reut2-004.sgm-469.txt,0.0,count,false,1
reut2-004.sgm-469.txt,0.0,count,true,9
reut2-004.sgm-469.txt,0.0,gfidf,false,1
reut2-004.sgm-469.txt,0.0,gfidf,true,9
reut2-004.sgm-469.txt,0.0,idf,false,1
reut2-004.sgm-469.txt,0.0,idf,true,1
reut2-004.sgm-469.txt,0.0,logEntropy,false,1
reut2-004.sgm-469.txt,0.0,logEntropy,true,1
reut2-004.sgm-469.txt,0.0,normal,false,21
reut2-004.sgm-469.txt,0.0,normal,true,21
reut2-004.sgm-469.txt,0.0,tfidf,false,1
reut2-004.sgm-469.txt,0.0,tfidf,true,9
reut2-004.sgm-476.txt,0.0,binary,false,5
reut2-004.sgm-476.txt,0.0,binary,true,4
reut2-004.sgm-476.txt,0.0,count,false,4
reut2-004.sgm-476.txt,0.0,count,true,4
reut2-004.sgm-476.txt,0.0,gfidf,false,5
reut2-004.sgm-476.txt,0.0,gfidf,true,4
reut2-004.sgm-476.txt,0.0,idf,false,4
reut2-004.sgm-476.txt,0.0,idf,true,29
reut2-004.sgm-476.txt,0.0,logEntropy,false,4
reut2-004.sgm-476.txt,0.0,logEntropy,true,4
reut2-004.sgm-476.txt,0.0,normal,false,22
reut2-004.sgm-476.txt,0.0,normal,true,22
reut2-004.sgm-476.txt,0.0,tfidf,false,29
reut2-004.sgm-476.txt,0.0,tfidf,true,29
reut2-004.sgm-48.txt,0.0,binary,false,0
reut2-004.sgm-48.txt,0.0,binary,true,16
reut2-004.sgm-48.txt,0.0,count,false,16
reut2-004.sgm-48.txt,0.0,count,true,16
reut2-004.sgm-48.txt,0.0,gfidf,false,16
reut2-004.sgm-48.txt,0.0,gfidf,true,16
reut2-004.sgm-48.txt,0.0,idf,false,22
reut2-004.sgm-48.txt,0.0,idf,true,16
reut2-004.sgm-48.txt,0.0,logEntropy,false,16
reut2-004.sgm-48.txt,0.0,logEntropy,true,16
reut2-004.sgm-48.txt,0.0,normal,false,0
reut2-004.sgm-48.txt,0.0,normal,true,0
reut2-004.sgm-48.txt,0.0,tfidf,false,16
reut2-004.sgm-48.txt,0.0,tfidf,true,16
reut2-004.sgm-489.txt,0.0,binary,false,19
reut2-004.sgm-489.txt,0.0,binary,true,19
reut2-004.sgm-489.txt,0.0,count,false,19
reut2-004.sgm-489.txt,0.0,count,true,19
reut2-004.sgm-489.txt,0.0,gfidf,false,19
reut2-004.sgm-489.txt,0.0,gfidf,true,19
reut2-004.sgm-489.txt,0.0,idf,false,19
reut2-004.sgm-489.txt,0.0,idf,true,19
reut2-004.sgm-489.txt,0.0,logEntropy,false,19
reut2-004.sgm-489.txt,0.0,logEntropy,true,19
reut2-004.sgm-489.txt,0.0,normal,false,8
reut2-004.sgm-489.txt,0.0,normal,true,19
reut2-004.sgm-489.txt,0.0,tfidf,false,19
reut2-004.sgm-489.txt,0.0,tfidf,true,19
reut2-004.sgm-507.txt,0.0,binary,false,15
reut2-004.sgm-507.txt,0.0,binary,true,14
reut2-004.sgm-507.txt,0.0,count,false,8
reut2-004.sgm-507.txt,0.0,count,true,8
reut2-004.sgm-507.txt,0.0,gfidf,false,8
reut2-004.sgm-507.txt,0.0,gfidf,true,15
reut2-004.sgm-507.txt,0.0,idf,false,15
reut2-004.sgm-507.txt,0.0,idf,true,14
reut2-004.sgm-507.txt,0.0,logEntropy,false,8
reut2-004.sgm-507.txt,0.0,logEntropy,true,8
reut2-004.sgm-507.txt,0.0,normal,false,8
reut2-004.sgm-507.txt,0.0,normal,true,16
reut2-004.sgm-507.txt,0.0,tfidf,false,8
reut2-004.sgm-507.txt,0.0,tfidf,true,8
reut2-004.sgm-517.txt,2.0,binary,false,1
reut2-004.sgm-517.txt,2.0,binary,true,1
reut2-004.sgm-517.txt,2.0,count,false,6
reut2-004.sgm-517.txt,2.0,count,true,6
reut2-004.sgm-517.txt,2.0,gfidf,false,1
reut2-004.sgm-517.txt,2.0,gfidf,true,1
reut2-004.sgm-517.txt,2.0,idf,false,1
reut2-004.sgm-517.txt,2.0,idf,true,1
reut2-004.sgm-517.txt,2.0,logEntropy,false,1
reut2-004.sgm-517.txt,2.0,logEntropy,true,1
reut2-004.sgm-517.txt,2.0,normal,false,1
reut2-004.sgm-517.txt,2.0,normal,true,1
reut2-004.sgm-517.txt,2.0,tfidf,false,1
reut2-004.sgm-517.txt,2.0,tfidf,true,6
reut2-004.sgm-545.txt,0.0,binary,false,15
reut2-004.sgm-545.txt,0.0,binary,true,10
reut2-004.sgm-545.txt,0.0,count,false,13
reut2-004.sgm-545.txt,0.0,count,true,13
reut2-004.sgm-545.txt,0.0,gfidf,false,15
reut2-004.sgm-545.txt,0.0,gfidf,true,10
reut2-004.sgm-545.txt,0.0,idf,false,15
reut2-004.sgm-545.txt,0.0,idf,true,10
reut2-004.sgm-545.txt,0.0,logEntropy,false,15
reut2-004.sgm-545.txt,0.0,logEntropy,true,10
reut2-004.sgm-545.txt,0.0,normal,false,13
reut2-004.sgm-545.txt,0.0,normal,true,13
reut2-004.sgm-545.txt,0.0,tfidf,false,15
reut2-004.sgm-545.txt,0.0,tfidf,true,0
reut2-004.sgm-546.txt,0.0,binary,false,16
reut2-004.sgm-546.txt,0.0,binary,true,16
reut2-004.sgm-546.txt,0.0,count,false,16
reut2-004.sgm-546.txt,0.0,count,true,16
reut2-004.sgm-546.txt,0.0,gfidf,false,16
reut2-004.sgm-546.txt,0.0,gfidf,true,16
reut2-004.sgm-546.txt,0.0,idf,false,16
reut2-004.sgm-546.txt,0.0,idf,true,16
reut2-004.sgm-546.txt,0.0,logEntropy,false,16
reut2-004.sgm-546.txt,0.0,logEntropy,true,16
reut2-004.sgm-546.txt,0.0,normal,false,12
reut2-004.sgm-546.txt,0.0,normal,true,12
reut2-004.sgm-546.txt,0.0,tfidf,false,16
reut2-004.sgm-546.txt,0.0,tfidf,true,16
reut2-004.sgm-547.txt,0.0,binary,false,6
reut2-004.sgm-547.txt,0.0,binary,true,6
reut2-004.sgm-547.txt,0.0,count,false,6
reut2-004.sgm-547.txt,0.0,count,true,6
reut2-004.sgm-547.txt,0.0,gfidf,false,6
reut2-004.sgm-547.txt,0.0,gfidf,true,6
reut2-004.sgm-547.txt,0.0,idf,false,6
reut2-004.sgm-547.txt,0.0,idf,true,6
reut2-004.sgm-547.txt,0.0,logEntropy,false,6
reut2-004.sgm-547.txt,0.0,logEntropy,true,6
reut2-004.sgm-547.txt,0.0,normal,false,6
reut2-004.sgm-547.txt,0.0,normal,true,0
reut2-004.sgm-547.txt,0.0,tfidf,false,6
reut2-004.sgm-547.txt,0.0,tfidf,true,6
reut2-004.sgm-551.txt,0.0,binary,false,4
reut2-004.sgm-551.txt,0.0,binary,true,11
reut2-004.sgm-551.txt,0.0,count,false,5
reut2-004.sgm-551.txt,0.0,count,true,5
reut2-004.sgm-551.txt,0.0,gfidf,false,11
reut2-004.sgm-551.txt,0.0,gfidf,true,11
reut2-004.sgm-551.txt,0.0,idf,false,11
reut2-004.sgm-551.txt,0.0,idf,true,11
reut2-004.sgm-551.txt,0.0,logEntropy,false,5
reut2-004.sgm-551.txt,0.0,logEntropy,true,11
reut2-004.sgm-551.txt,0.0,normal,false,5
reut2-004.sgm-551.txt,0.0,normal,true,5
reut2-004.sgm-551.txt,0.0,tfidf,false,19
reut2-004.sgm-551.txt,0.0,tfidf,true,19
reut2-004.sgm-56.txt,0.0,binary,false,6
reut2-004.sgm-56.txt,0.0,binary,true,6
reut2-004.sgm-56.txt,0.0,count,false,11
reut2-004.sgm-56.txt,0.0,count,true,11
reut2-004.sgm-56.txt,0.0,gfidf,false,11
reut2-004.sgm-56.txt,0.0,gfidf,true,11
reut2-004.sgm-56.txt,0.0,idf,false,6
reut2-004.sgm-56.txt,0.0,idf,true,6
reut2-004.sgm-56.txt,0.0,logEntropy,false,11
reut2-004.sgm-56.txt,0.0,logEntropy,true,11
reut2-004.sgm-56.txt,0.0,normal,false,11
reut2-004.sgm-56.txt,0.0,normal,true,11
reut2-004.sgm-56.txt,0.0,tfidf,false,11
reut2-004.sgm-56.txt,0.0,tfidf,true,11
reut2-004.sgm-563.txt,0.0,binary,false,19
reut2-004.sgm-563.txt,0.0,binary,true,11
reut2-004.sgm-563.txt,0.0,count,false,19
reut2-004.sgm-563.txt,0.0,count,true,11
reut2-004.sgm-563.txt,0.0,gfidf,false,8
reut2-004.sgm-563.txt,0.0,gfidf,true,11
reut2-004.sgm-563.txt,0.0,idf,false,19
reut2-004.sgm-563.txt,0.0,idf,true,11
reut2-004.sgm-563.txt,0.0,logEntropy,false,8
reut2-004.sgm-563.txt,0.0,logEntropy,true,11
reut2-004.sgm-563.txt,0.0,normal,false,11
reut2-004.sgm-563.txt,0.0,normal,true,11
reut2-004.sgm-563.txt,0.0,tfidf,false,8
reut2-004.sgm-563.txt,0.0,tfidf,true,11
reut2-004.sgm-566.txt,0.0,binary,false,4
reut2-004.sgm-566.txt,0.0,binary,true,4
reut2-004.sgm-566.txt,0.0,count,false,4
reut2-004.sgm-566.txt,0.0,count,true,4
reut2-004.sgm-566.txt,0.0,gfidf,false,4
reut2-004.sgm-566.txt,0.0,gfidf,true,4
reut2-004.sgm-566.txt,0.0,idf,false,4
reut2-004.sgm-566.txt,0.0,idf,true,4
reut2-004.sgm-566.txt,0.0,logEntropy,false,4
reut2-004.sgm-566.txt,0.0,logEntropy,true,4
reut2-004.sgm-566.txt,0.0,normal,false,4
reut2-004.sgm-566.txt,0.0,normal,true,4
reut2-004.sgm-566.txt,0.0,tfidf,false,4
reut2-004.sgm-566.txt,0.0,tfidf,true,4
reut2-004.sgm-569.txt,0.0,binary,false,9
reut2-004.sgm-569.txt,0.0,binary,true,4
reut2-004.sgm-569.txt,0.0,count,false,2
reut2-004.sgm-569.txt,0.0,count,true,2
reut2-004.sgm-569.txt,0.0,gfidf,false,9
reut2-004.sgm-569.txt,0.0,gfidf,true,1
reut2-004.sgm-569.txt,0.0,idf,false,9
reut2-004.sgm-569.txt,0.0,idf,true,9
reut2-004.sgm-569.txt,0.0,logEntropy,false,9
reut2-004.sgm-569.txt,0.0,logEntropy,true,2
reut2-004.sgm-569.txt,0.0,normal,false,9
reut2-004.sgm-569.txt,0.0,normal,true,1
reut2-004.sgm-569.txt,0.0,tfidf,false,2
reut2-004.sgm-569.txt,0.0,tfidf,true,2
reut2-004.sgm-572.txt,2.1352772944492213,binary,false,0
reut2-004.sgm-572.txt,2.1352772944492213,binary,true,6
reut2-004.sgm-572.txt,2.1352772944492213,count,false,6
reut2-004.sgm-572.txt,2.1352772944492213,count,true,6
reut2-004.sgm-572.txt,2.1352772944492213,gfidf,false,6
reut2-004.sgm-572.txt,2.1352772944492213,gfidf,true,6
reut2-004.sgm-572.txt,2.1352772944492213,idf,false,0
reut2-004.sgm-572.txt,2.1352772944492213,idf,true,6
reut2-004.sgm-572.txt,2.1352772944492213,logEntropy,false,6
reut2-004.sgm-572.txt,2.1352772944492213,logEntropy,true,6
reut2-004.sgm-572.txt,2.1352772944492213,normal,false,0
reut2-004.sgm-572.txt,2.1352772944492213,normal,true,6
reut2-004.sgm-572.txt,2.1352772944492213,tfidf,false,6
reut2-004.sgm-572.txt,2.1352772944492213,tfidf,true,8
reut2-004.sgm-592.txt,3.5240608284646986,binary,false,1
reut2-004.sgm-592.txt,3.5240608284646986,binary,true,1
reut2-004.sgm-592.txt,3.5240608284646986,count,false,0
reut2-004.sgm-592.txt,3.5240608284646986,count,true,0
reut2-004.sgm-592.txt,3.5240608284646986,gfidf,false,1
reut2-004.sgm-592.txt,3.5240608284646986,gfidf,true,1
reut2-004.sgm-592.txt,3.5240608284646986,idf,false,1
reut2-004.sgm-592.txt,3.5240608284646986,idf,true,1
reut2-004.sgm-592.txt,3.5240608284646986,logEntropy,false,0
reut2-004.sgm-592.txt,3.5240608284646986,logEntropy,true,0
reut2-004.sgm-592.txt,3.5240608284646986,normal,false,0
reut2-004.sgm-592.txt,3.5240608284646986,normal,true,0
reut2-004.sgm-592.txt,3.5240608284646986,tfidf,false,1
reut2-004.sgm-592.txt,3.5240608284646986,tfidf,true,1
reut2-004.sgm-593.txt,2.243656792508004,binary,false,3
reut2-004.sgm-593.txt,2.243656792508004,binary,true,3
reut2-004.sgm-593.txt,2.243656792508004,count,false,7
reut2-004.sgm-593.txt,2.243656792508004,count,true,7
reut2-004.sgm-593.txt,2.243656792508004,gfidf,false,3
reut2-004.sgm-593.txt,2.243656792508004,gfidf,true,0
reut2-004.sgm-593.txt,2.243656792508004,idf,false,3
reut2-004.sgm-593.txt,2.243656792508004,idf,true,3
reut2-004.sgm-593.txt,2.243656792508004,logEntropy,false,7
reut2-004.sgm-593.txt,2.243656792508004,logEntropy,true,7
reut2-004.sgm-593.txt,2.243656792508004,normal,false,0
reut2-004.sgm-593.txt,2.243656792508004,normal,true,0
reut2-004.sgm-593.txt,2.243656792508004,tfidf,false,3
reut2-004.sgm-593.txt,2.243656792508004,tfidf,true,3
reut2-004.sgm-60.txt,0.0,binary,false,11
reut2-004.sgm-60.txt,0.0,binary,true,11
reut2-004.sgm-60.txt,0.0,count,false,11
reut2-004.sgm-60.txt,0.0,count,true,11
reut2-004.sgm-60.txt,0.0,gfidf,false,11
reut2-004.sgm-60.txt,0.0,gfidf,true,11
reut2-004.sgm-60.txt,0.0,idf,false,11
reut2-004.sgm-60.txt,0.0,idf,true,11
reut2-004.sgm-60.txt,0.0,logEntropy,false,11
reut2-004.sgm-60.txt,0.0,logEntropy,true,11
reut2-004.sgm-60.txt,0.0,normal,false,11
reut2-004.sgm-60.txt,0.0,normal,true,11
reut2-004.sgm-60.txt,0.0,tfidf,false,11
reut2-004.sgm-60.txt,0.0,tfidf,true,11
reut2-004.sgm-601.txt,0.0,binary,false,19
reut2-004.sgm-601.txt,0.0,binary,true,0
reut2-004.sgm-601.txt,0.0,count,false,2
reut2-004.sgm-601.txt,0.0,count,true,2
reut2-004.sgm-601.txt,0.0,gfidf,false,19
reut2-004.sgm-601.txt,0.0,gfidf,true,2
reut2-004.sgm-601.txt,0.0,idf,false,19
reut2-004.sgm-601.txt,0.0,idf,true,2
reut2-004.sgm-601.txt,0.0,logEntropy,false,2
reut2-004.sgm-601.txt,0.0,logEntropy,true,2
reut2-004.sgm-601.txt,0.0,normal,false,0
reut2-004.sgm-601.txt,0.0,normal,true,0
reut2-004.sgm-601.txt,0.0,tfidf,false,19
reut2-004.sgm-601.txt,0.0,tfidf,true,2
reut2-004.sgm-602.txt,0.0,binary,false,17
reut2-004.sgm-602.txt,0.0,binary,true,15
reut2-004.sgm-602.txt,0.0,count,false,2
reut2-004.sgm-602.txt,0.0,count,true,2
reut2-004.sgm-602.txt,0.0,gfidf,false,17
reut2-004.sgm-602.txt,0.0,gfidf,true,15
reut2-004.sgm-602.txt,0.0,idf,false,15
reut2-004.sgm-602.txt,0.0,idf,true,15
reut2-004.sgm-602.txt,0.0,logEntropy,false,17
reut2-004.sgm-602.txt,0.0,logEntropy,true,2
reut2-004.sgm-602.txt,0.0,normal,false,0
reut2-004.sgm-602.txt,0.0,normal,true,0
reut2-004.sgm-602.txt,0.0,tfidf,false,15
reut2-004.sgm-602.txt,0.0,tfidf,true,15
reut2-004.sgm-607.txt,1.9033903060212392,binary,false,1
reut2-004.sgm-607.txt,1.9033903060212392,binary,true,1
reut2-004.sgm-607.txt,1.9033903060212392,count,false,14
reut2-004.sgm-607.txt,1.9033903060212392,count,true,6
reut2-004.sgm-607.txt,1.9033903060212392,gfidf,false,1
reut2-004.sgm-607.txt,1.9033903060212392,gfidf,true,1
reut2-004.sgm-607.txt,1.9033903060212392,idf,false,12
reut2-004.sgm-607.txt,1.9033903060212392,idf,true,1
reut2-004.sgm-607.txt,1.9033903060212392,logEntropy,false,1
reut2-004.sgm-607.txt,1.9033903060212392,logEntropy,true,1
reut2-004.sgm-607.txt,1.9033903060212392,normal,false,1
reut2-004.sgm-607.txt,1.9033903060212392,normal,true,1
reut2-004.sgm-607.txt,1.9033903060212392,tfidf,false,6
reut2-004.sgm-607.txt,1.9033903060212392,tfidf,true,6
reut2-004.sgm-610.txt,0.0,binary,false,9
reut2-004.sgm-610.txt,0.0,binary,true,26
reut2-004.sgm-610.txt,0.0,count,false,11
reut2-004.sgm-610.txt,0.0,count,true,11
reut2-004.sgm-610.txt,0.0,gfidf,false,9
reut2-004.sgm-610.txt,0.0,gfidf,true,9
reut2-004.sgm-610.txt,0.0,idf,false,26
reut2-004.sgm-610.txt,0.0,idf,true,26
reut2-004.sgm-610.txt,0.0,logEntropy,false,9
reut2-004.sgm-610.txt,0.0,logEntropy,true,9
reut2-004.sgm-610.txt,0.0,normal,false,18
reut2-004.sgm-610.txt,0.0,normal,true,18
reut2-004.sgm-610.txt,0.0,tfidf,false,0
reut2-004.sgm-610.txt,0.0,tfidf,true,26
reut2-004.sgm-620.txt,0.0,binary,false,5
reut2-004.sgm-620.txt,0.0,binary,true,5
reut2-004.sgm-620.txt,0.0,count,false,5
reut2-004.sgm-620.txt,0.0,count,true,2
reut2-004.sgm-620.txt,0.0,gfidf,false,5
reut2-004.sgm-620.txt,0.0,gfidf,true,5
reut2-004.sgm-620.txt,0.0,idf,false,10
reut2-004.sgm-620.txt,0.0,idf,true,10
reut2-004.sgm-620.txt,0.0,logEntropy,false,5
reut2-004.sgm-620.txt,0.0,logEntropy,true,5
reut2-004.sgm-620.txt,0.0,normal,false,5
reut2-004.sgm-620.txt,0.0,normal,true,5
reut2-004.sgm-620.txt,0.0,tfidf,false,10
reut2-004.sgm-620.txt,0.0,tfidf,true,10
reut2-004.sgm-624.txt,0.0,binary,false,23
reut2-004.sgm-624.txt,0.0,binary,true,2
reut2-004.sgm-624.txt,0.0,count,false,23
reut2-004.sgm-624.txt,0.0,count,true,2
reut2-004.sgm-624.txt,0.0,gfidf,false,23
reut2-004.sgm-624.txt,0.0,gfidf,true,2
reut2-004.sgm-624.txt,0.0,idf,false,4
reut2-004.sgm-624.txt,0.0,idf,true,4
reut2-004.sgm-624.txt,0.0,logEntropy,false,23
reut2-004.sgm-624.txt,0.0,logEntropy,true,2
reut2-004.sgm-624.txt,0.0,normal,false,2
reut2-004.sgm-624.txt,0.0,normal,true,2
reut2-004.sgm-624.txt,0.0,tfidf,false,4
reut2-004.sgm-624.txt,0.0,tfidf,true,19
reut2-004.sgm-625.txt,0.0,binary,false,10
reut2-004.sgm-625.txt,0.0,binary,true,6
reut2-004.sgm-625.txt,0.0,count,false,12
reut2-004.sgm-625.txt,0.0,count,true,6
reut2-004.sgm-625.txt,0.0,gfidf,false,12
reut2-004.sgm-625.txt,0.0,gfidf,true,12
reut2-004.sgm-625.txt,0.0,idf,false,10
reut2-004.sgm-625.txt,0.0,idf,true,10
reut2-004.sgm-625.txt,0.0,logEntropy,false,12
reut2-004.sgm-625.txt,0.0,logEntropy,true,6
reut2-004.sgm-625.txt,0.0,normal,false,12
reut2-004.sgm-625.txt,0.0,normal,true,6
reut2-004.sgm-625.txt,0.0,tfidf,false,12
reut2-004.sgm-625.txt,0.0,tfidf,true,12
reut2-004.sgm-629.txt,0.0,binary,false,0
reut2-004.sgm-629.txt,0.0,binary,true,0
reut2-004.sgm-629.txt,0.0,count,false,17
reut2-004.sgm-629.txt,0.0,count,true,17
reut2-004.sgm-629.txt,0.0,gfidf,false,0
reut2-004.sgm-629.txt,0.0,gfidf,true,0
reut2-004.sgm-629.txt,0.0,idf,false,2
reut2-004.sgm-629.txt,0.0,idf,true,0
reut2-004.sgm-629.txt,0.0,logEntropy,false,17
reut2-004.sgm-629.txt,0.0,logEntropy,true,0
reut2-004.sgm-629.txt,0.0,normal,false,0
reut2-004.sgm-629.txt,0.0,normal,true,0
reut2-004.sgm-629.txt,0.0,tfidf,false,2
reut2-004.sgm-629.txt,0.0,tfidf,true,11
reut2-004.sgm-642.txt,0.0,binary,false,27
reut2-004.sgm-642.txt,0.0,binary,true,27
reut2-004.sgm-642.txt,0.0,count,false,20
reut2-004.sgm-642.txt,0.0,count,true,20
reut2-004.sgm-642.txt,0.0,gfidf,false,27
reut2-004.sgm-642.txt,0.0,gfidf,true,27
reut2-004.sgm-642.txt,0.0,idf,false,16
reut2-004.sgm-642.txt,0.0,idf,true,16
reut2-004.sgm-642.txt,0.0,logEntropy,false,20
reut2-004.sgm-642.txt,0.0,logEntropy,true,20
reut2-004.sgm-642.txt,0.0,normal,false,27
reut2-004.sgm-642.txt,0.0,normal,true,27
reut2-004.sgm-642.txt,0.0,tfidf,false,18
reut2-004.sgm-642.txt,0.0,tfidf,true,18
reut2-004.sgm-646.txt,0.0,binary,false,7
reut2-004.sgm-646.txt,0.0,binary,true,7
reut2-004.sgm-646.txt,0.0,count,false,7
reut2-004.sgm-646.txt,0.0,count,true,7
reut2-004.sgm-646.txt,0.0,gfidf,false,7
reut2-004.sgm-646.txt,0.0,gfidf,true,7
reut2-004.sgm-646.txt,0.0,idf,false,7
reut2-004.sgm-646.txt,0.0,idf,true,7
reut2-004.sgm-646.txt,0.0,logEntropy,false,7
reut2-004.sgm-646.txt,0.0,logEntropy,true,7
reut2-004.sgm-646.txt,0.0,normal,false,11
reut2-004.sgm-646.txt,0.0,normal,true,7
reut2-004.sgm-646.txt,0.0,tfidf,false,7
reut2-004.sgm-646.txt,0.0,tfidf,true,7
reut2-004.sgm-66.txt,0.0,binary,false,29
reut2-004.sgm-66.txt,0.0,binary,true,20
reut2-004.sgm-66.txt,0.0,count,false,10
reut2-004.sgm-66.txt,0.0,count,true,27
reut2-004.sgm-66.txt,0.0,gfidf,false,29
reut2-004.sgm-66.txt,0.0,gfidf,true,20
reut2-004.sgm-66.txt,0.0,idf,false,20
reut2-004.sgm-66.txt,0.0,idf,true,20
reut2-004.sgm-66.txt,0.0,logEntropy,false,29
reut2-004.sgm-66.txt,0.0,logEntropy,true,27
reut2-004.sgm-66.txt,0.0,normal,false,0
reut2-004.sgm-66.txt,0.0,normal,true,0
reut2-004.sgm-66.txt,0.0,tfidf,false,4
reut2-004.sgm-66.txt,0.0,tfidf,true,4
reut2-004.sgm-664.txt,0.0,binary,false,32
reut2-004.sgm-664.txt,0.0,binary,true,32
reut2-004.sgm-664.txt,0.0,count,false,32
reut2-004.sgm-664.txt,0.0,count,true,32
reut2-004.sgm-664.txt,0.0,gfidf,false,32
reut2-004.sgm-664.txt,0.0,gfidf,true,32
reut2-004.sgm-664.txt,0.0,idf,false,32
reut2-004.sgm-664.txt,0.0,idf,true,32
reut2-004.sgm-664.txt,0.0,logEntropy,false,32
reut2-004.sgm-664.txt,0.0,logEntropy,true,32
reut2-004.sgm-664.txt,0.0,normal,false,32
reut2-004.sgm-664.txt,0.0,normal,true,32
reut2-004.sgm-664.txt,0.0,tfidf,false,27
reut2-004.sgm-664.txt,0.0,tfidf,true,32
reut2-004.sgm-673.txt,0.0,binary,false,5
reut2-004.sgm-673.txt,0.0,binary,true,8
reut2-004.sgm-673.txt,0.0,count,false,5
reut2-004.sgm-673.txt,0.0,count,true,5
reut2-004.sgm-673.txt,0.0,gfidf,false,5
reut2-004.sgm-673.txt,0.0,gfidf,true,5
reut2-004.sgm-673.txt,0.0,idf,false,8
reut2-004.sgm-673.txt,0.0,idf,true,8
reut2-004.sgm-673.txt,0.0,logEntropy,false,5
reut2-004.sgm-673.txt,0.0,logEntropy,true,5
reut2-004.sgm-673.txt,0.0,normal,false,6
reut2-004.sgm-673.txt,0.0,normal,true,6
reut2-004.sgm-673.txt,0.0,tfidf,false,8
reut2-004.sgm-673.txt,0.0,tfidf,true,8
reut2-004.sgm-690.txt,0.0,binary,false,2
reut2-004.sgm-690.txt,0.0,binary,true,2
reut2-004.sgm-690.txt,0.0,count,false,3
reut2-004.sgm-690.txt,0.0,count,true,3
reut2-004.sgm-690.txt,0.0,gfidf,false,14
reut2-004.sgm-690.txt,0.0,gfidf,true,14
reut2-004.sgm-690.txt,0.0,idf,false,2
reut2-004.sgm-690.txt,0.0,idf,true,2
reut2-004.sgm-690.txt,0.0,logEntropy,false,3
reut2-004.sgm-690.txt,0.0,logEntropy,true,3
reut2-004.sgm-690.txt,0.0,normal,false,14
reut2-004.sgm-690.txt,0.0,normal,true,14
reut2-004.sgm-690.txt,0.0,tfidf,false,1
reut2-004.sgm-690.txt,0.0,tfidf,true,13
reut2-004.sgm-691.txt,0.0,binary,false,10
reut2-004.sgm-691.txt,0.0,binary,true,10
reut2-004.sgm-691.txt,0.0,count,false,8
reut2-004.sgm-691.txt,0.0,count,true,8
reut2-004.sgm-691.txt,0.0,gfidf,false,27
reut2-004.sgm-691.txt,0.0,gfidf,true,27
reut2-004.sgm-691.txt,0.0,idf,false,14
reut2-004.sgm-691.txt,0.0,idf,true,10
reut2-004.sgm-691.txt,0.0,logEntropy,false,14
reut2-004.sgm-691.txt,0.0,logEntropy,true,10
reut2-004.sgm-691.txt,0.0,normal,false,27
reut2-004.sgm-691.txt,0.0,normal,true,27
reut2-004.sgm-691.txt,0.0,tfidf,false,14
reut2-004.sgm-691.txt,0.0,tfidf,true,10
reut2-004.sgm-698.txt,0.0,binary,false,2
reut2-004.sgm-698.txt,0.0,binary,true,2
reut2-004.sgm-698.txt,0.0,count,false,18
reut2-004.sgm-698.txt,0.0,count,true,18
reut2-004.sgm-698.txt,0.0,gfidf,false,2
reut2-004.sgm-698.txt,0.0,gfidf,true,18
reut2-004.sgm-698.txt,0.0,idf,false,2
reut2-004.sgm-698.txt,0.0,idf,true,2
reut2-004.sgm-698.txt,0.0,logEntropy,false,18
reut2-004.sgm-698.txt,0.0,logEntropy,true,18
reut2-004.sgm-698.txt,0.0,normal,false,2
reut2-004.sgm-698.txt,0.0,normal,true,2
reut2-004.sgm-698.txt,0.0,tfidf,false,18
reut2-004.sgm-698.txt,0.0,tfidf,true,18
reut2-004.sgm-70.txt,2.561773379528545,binary,false,3
reut2-004.sgm-70.txt,2.561773379528545,binary,true,3
reut2-004.sgm-70.txt,2.561773379528545,count,false,0
reut2-004.sgm-70.txt,2.561773379528545,count,true,0
reut2-004.sgm-70.txt,2.561773379528545,gfidf,false,3
reut2-004.sgm-70.txt,2.561773379528545,gfidf,true,3
reut2-004.sgm-70.txt,2.561773379528545,idf,false,3
reut2-004.sgm-70.txt,2.561773379528545,idf,true,3
reut2-004.sgm-70.txt,2.561773379528545,logEntropy,false,0
reut2-004.sgm-70.txt,2.561773379528545,logEntropy,true,0
reut2-004.sgm-70.txt,2.561773379528545,normal,false,3
reut2-004.sgm-70.txt,2.561773379528545,normal,true,0
reut2-004.sgm-70.txt,2.561773379528545,tfidf,false,3
reut2-004.sgm-70.txt,2.561773379528545,tfidf,true,3
reut2-004.sgm-723.txt,0.0,binary,false,5
reut2-004.sgm-723.txt,0.0,binary,true,5
reut2-004.sgm-723.txt,0.0,count,false,12
reut2-004.sgm-723.txt,0.0,count,true,12
reut2-004.sgm-723.txt,0.0,gfidf,false,5
reut2-004.sgm-723.txt,0.0,gfidf,true,5
reut2-004.sgm-723.txt,0.0,idf,false,13
reut2-004.sgm-723.txt,0.0,idf,true,5
reut2-004.sgm-723.txt,0.0,logEntropy,false,12
reut2-004.sgm-723.txt,0.0,logEntropy,true,12
reut2-004.sgm-723.txt,0.0,normal,false,5
reut2-004.sgm-723.txt,0.0,normal,true,9
reut2-004.sgm-723.txt,0.0,tfidf,false,13
reut2-004.sgm-723.txt,0.0,tfidf,true,5
reut2-004.sgm-726.txt,0.0,binary,false,23
reut2-004.sgm-726.txt,0.0,binary,true,2
reut2-004.sgm-726.txt,0.0,count,false,23
reut2-004.sgm-726.txt,0.0,count,true,2
reut2-004.sgm-726.txt,0.0,gfidf,false,23
reut2-004.sgm-726.txt,0.0,gfidf,true,2
reut2-004.sgm-726.txt,0.0,idf,false,4
reut2-004.sgm-726.txt,0.0,idf,true,4
reut2-004.sgm-726.txt,0.0,logEntropy,false,23
reut2-004.sgm-726.txt,0.0,logEntropy,true,2
reut2-004.sgm-726.txt,0.0,normal,false,2
reut2-004.sgm-726.txt,0.0,normal,true,2
reut2-004.sgm-726.txt,0.0,tfidf,false,4
reut2-004.sgm-726.txt,0.0,tfidf,true,19
reut2-004.sgm-743.txt,0.0,binary,false,19
reut2-004.sgm-743.txt,0.0,binary,true,19
reut2-004.sgm-743.txt,0.0,count,false,25
reut2-004.sgm-743.txt,0.0,count,true,25
reut2-004.sgm-743.txt,0.0,gfidf,false,19
reut2-004.sgm-743.txt,0.0,gfidf,true,19
reut2-004.sgm-743.txt,0.0,idf,false,19
reut2-004.sgm-743.txt,0.0,idf,true,19
reut2-004.sgm-743.txt,0.0,logEntropy,false,19
reut2-004.sgm-743.txt,0.0,logEntropy,true,19
reut2-004.sgm-743.txt,0.0,normal,false,6
reut2-004.sgm-743.txt,0.0,normal,true,6
reut2-004.sgm-743.txt,0.0,tfidf,false,19
reut2-004.sgm-743.txt,0.0,tfidf,true,24
reut2-004.sgm-763.txt,0.0,binary,false,17
reut2-004.sgm-763.txt,0.0,binary,true,17
reut2-004.sgm-763.txt,0.0,count,false,17
reut2-004.sgm-763.txt,0.0,count,true,17
reut2-004.sgm-763.txt,0.0,gfidf,false,17
reut2-004.sgm-763.txt,0.0,gfidf,true,17
reut2-004.sgm-763.txt,0.0,idf,false,17
reut2-004.sgm-763.txt,0.0,idf,true,17
reut2-004.sgm-763.txt,0.0,logEntropy,false,17
reut2-004.sgm-763.txt,0.0,logEntropy,true,17
reut2-004.sgm-763.txt,0.0,normal,false,17
reut2-004.sgm-763.txt,0.0,normal,true,17
reut2-004.sgm-763.txt,0.0,tfidf,false,24
reut2-004.sgm-763.txt,0.0,tfidf,true,17
reut2-004.sgm-770.txt,0.0,binary,false,2
reut2-004.sgm-770.txt,0.0,binary,true,9
reut2-004.sgm-770.txt,0.0,count,false,8
reut2-004.sgm-770.txt,0.0,count,true,9
reut2-004.sgm-770.txt,0.0,gfidf,false,2
reut2-004.sgm-770.txt,0.0,gfidf,true,2
reut2-004.sgm-770.txt,0.0,idf,false,2
reut2-004.sgm-770.txt,0.0,idf,true,9
reut2-004.sgm-770.txt,0.0,logEntropy,false,8
reut2-004.sgm-770.txt,0.0,logEntropy,true,9
reut2-004.sgm-770.txt,0.0,normal,false,8
reut2-004.sgm-770.txt,0.0,normal,true,2
reut2-004.sgm-770.txt,0.0,tfidf,false,2
reut2-004.sgm-770.txt,0.0,tfidf,true,7
reut2-004.sgm-771.txt,0.0,binary,false,11
reut2-004.sgm-771.txt,0.0,binary,true,11
reut2-004.sgm-771.txt,0.0,count,false,11
reut2-004.sgm-771.txt,0.0,count,true,11
reut2-004.sgm-771.txt,0.0,gfidf,false,11
reut2-004.sgm-771.txt,0.0,gfidf,true,11
reut2-004.sgm-771.txt,0.0,idf,false,11
reut2-004.sgm-771.txt,0.0,idf,true,11
reut2-004.sgm-771.txt,0.0,logEntropy,false,11
reut2-004.sgm-771.txt,0.0,logEntropy,true,11
reut2-004.sgm-771.txt,0.0,normal,false,11
reut2-004.sgm-771.txt,0.0,normal,true,11
reut2-004.sgm-771.txt,0.0,tfidf,false,11
reut2-004.sgm-771.txt,0.0,tfidf,true,11
reut2-004.sgm-792.txt,0.0,binary,false,1
reut2-004.sgm-792.txt,0.0,binary,true,1
reut2-004.sgm-792.txt,0.0,count,false,1
reut2-004.sgm-792.txt,0.0,count,true,1
reut2-004.sgm-792.txt,0.0,gfidf,false,1
reut2-004.sgm-792.txt,0.0,gfidf,true,1
reut2-004.sgm-792.txt,0.0,idf,false,1
reut2-004.sgm-792.txt,0.0,idf,true,9
reut2-004.sgm-792.txt,0.0,logEntropy,false,1
reut2-004.sgm-792.txt,0.0,logEntropy,true,1
reut2-004.sgm-792.txt,0.0,normal,false,1
reut2-004.sgm-792.txt,0.0,normal,true,1
reut2-004.sgm-792.txt,0.0,tfidf,false,9
reut2-004.sgm-792.txt,0.0,tfidf,true,9
reut2-004.sgm-799.txt,0.0,binary,false,4
reut2-004.sgm-799.txt,0.0,binary,true,4
reut2-004.sgm-799.txt,0.0,count,false,10
reut2-004.sgm-799.txt,0.0,count,true,8
reut2-004.sgm-799.txt,0.0,gfidf,false,10
reut2-004.sgm-799.txt,0.0,gfidf,true,4
reut2-004.sgm-799.txt,0.0,idf,false,4
reut2-004.sgm-799.txt,0.0,idf,true,4
reut2-004.sgm-799.txt,0.0,logEntropy,false,10
reut2-004.sgm-799.txt,0.0,logEntropy,true,8
reut2-004.sgm-799.txt,0.0,normal,false,10
reut2-004.sgm-799.txt,0.0,normal,true,5
reut2-004.sgm-799.txt,0.0,tfidf,false,10
reut2-004.sgm-799.txt,0.0,tfidf,true,8
reut2-004.sgm-80.txt,0.0,binary,false,17
reut2-004.sgm-80.txt,0.0,binary,true,5
reut2-004.sgm-80.txt,0.0,count,false,5
reut2-004.sgm-80.txt,0.0,count,true,5
reut2-004.sgm-80.txt,0.0,gfidf,false,5
reut2-004.sgm-80.txt,0.0,gfidf,true,5
reut2-004.sgm-80.txt,0.0,idf,false,5
reut2-004.sgm-80.txt,0.0,idf,true,5
reut2-004.sgm-80.txt,0.0,logEntropy,false,5
reut2-004.sgm-80.txt,0.0,logEntropy,true,5
reut2-004.sgm-80.txt,0.0,normal,false,22
reut2-004.sgm-80.txt,0.0,normal,true,22
reut2-004.sgm-80.txt,0.0,tfidf,false,17
reut2-004.sgm-80.txt,0.0,tfidf,true,5
reut2-004.sgm-808.txt,0.0,binary,false,4
reut2-004.sgm-808.txt,0.0,binary,true,4
reut2-004.sgm-808.txt,0.0,count,false,4
reut2-004.sgm-808.txt,0.0,count,true,4
reut2-004.sgm-808.txt,0.0,gfidf,false,15
reut2-004.sgm-808.txt,0.0,gfidf,true,15
reut2-004.sgm-808.txt,0.0,idf,false,4
reut2-004.sgm-808.txt,0.0,idf,true,4
reut2-004.sgm-808.txt,0.0,logEntropy,false,4
reut2-004.sgm-808.txt,0.0,logEntropy,true,4
reut2-004.sgm-808.txt,0.0,normal,false,0
reut2-004.sgm-808.txt,0.0,normal,true,0
reut2-004.sgm-808.txt,0.0,tfidf,false,15
reut2-004.sgm-808.txt,0.0,tfidf,true,15
reut2-004.sgm-823.txt,0.0,binary,false,14
reut2-004.sgm-823.txt,0.0,binary,true,14
reut2-004.sgm-823.txt,0.0,count,false,14
reut2-004.sgm-823.txt,0.0,count,true,14
reut2-004.sgm-823.txt,0.0,gfidf,false,14
reut2-004.sgm-823.txt,0.0,gfidf,true,14
reut2-004.sgm-823.txt,0.0,idf,false,14
reut2-004.sgm-823.txt,0.0,idf,true,1
reut2-004.sgm-823.txt,0.0,logEntropy,false,14
reut2-004.sgm-823.txt,0.0,logEntropy,true,14
reut2-004.sgm-823.txt,0.0,normal,false,14
reut2-004.sgm-823.txt,0.0,normal,true,14
reut2-004.sgm-823.txt,0.0,tfidf,false,1
reut2-004.sgm-823.txt,0.0,tfidf,true,1
reut2-004.sgm-859.txt,0.0,binary,false,6
reut2-004.sgm-859.txt,0.0,binary,true,6
reut2-004.sgm-859.txt,0.0,count,false,5
reut2-004.sgm-859.txt,0.0,count,true,3
reut2-004.sgm-859.txt,0.0,gfidf,false,6
reut2-004.sgm-859.txt,0.0,gfidf,true,6
reut2-004.sgm-859.txt,0.0,idf,false,6
reut2-004.sgm-859.txt,0.0,idf,true,6
reut2-004.sgm-859.txt,0.0,logEntropy,false,6
reut2-004.sgm-859.txt,0.0,logEntropy,true,6
reut2-004.sgm-859.txt,0.0,normal,false,6
reut2-004.sgm-859.txt,0.0,normal,true,6
reut2-004.sgm-859.txt,0.0,tfidf,false,7
reut2-004.sgm-859.txt,0.0,tfidf,true,7
reut2-004.sgm-863.txt,0.0,binary,false,19
reut2-004.sgm-863.txt,0.0,binary,true,19
reut2-004.sgm-863.txt,0.0,count,false,31
reut2-004.sgm-863.txt,0.0,count,true,31
reut2-004.sgm-863.txt,0.0,gfidf,false,19
reut2-004.sgm-863.txt,0.0,gfidf,true,14
reut2-004.sgm-863.txt,0.0,idf,false,19
reut2-004.sgm-863.txt,0.0,idf,true,14
reut2-004.sgm-863.txt,0.0,logEntropy,false,31
reut2-004.sgm-863.txt,0.0,logEntropy,true,31
reut2-004.sgm-863.txt,0.0,normal,false,31
reut2-004.sgm-863.txt,0.0,normal,true,31
reut2-004.sgm-863.txt,0.0,tfidf,false,14
reut2-004.sgm-863.txt,0.0,tfidf,true,14
reut2-004.sgm-870.txt,0.0,binary,false,31
reut2-004.sgm-870.txt,0.0,binary,true,31
reut2-004.sgm-870.txt,0.0,count,false,31
reut2-004.sgm-870.txt,0.0,count,true,31
reut2-004.sgm-870.txt,0.0,gfidf,false,31
reut2-004.sgm-870.txt,0.0,gfidf,true,31
reut2-004.sgm-870.txt,0.0,idf,false,31
reut2-004.sgm-870.txt,0.0,idf,true,31
reut2-004.sgm-870.txt,0.0,logEntropy,false,31
reut2-004.sgm-870.txt,0.0,logEntropy,true,31
reut2-004.sgm-870.txt,0.0,normal,false,0
reut2-004.sgm-870.txt,0.0,normal,true,0
reut2-004.sgm-870.txt,0.0,tfidf,false,31
reut2-004.sgm-870.txt,0.0,tfidf,true,31
reut2-004.sgm-877.txt,0.0,binary,false,8
reut2-004.sgm-877.txt,0.0,binary,true,15
reut2-004.sgm-877.txt,0.0,count,false,24
reut2-004.sgm-877.txt,0.0,count,true,24
reut2-004.sgm-877.txt,0.0,gfidf,false,13
reut2-004.sgm-877.txt,0.0,gfidf,true,15
reut2-004.sgm-877.txt,0.0,idf,false,13
reut2-004.sgm-877.txt,0.0,idf,true,15
reut2-004.sgm-877.txt,0.0,logEntropy,false,8
reut2-004.sgm-877.txt,0.0,logEntropy,true,15
reut2-004.sgm-877.txt,0.0,normal,false,8
reut2-004.sgm-877.txt,0.0,normal,true,15
reut2-004.sgm-877.txt,0.0,tfidf,false,24
reut2-004.sgm-877.txt,0.0,tfidf,true,24
reut2-004.sgm-890.txt,0.0,binary,false,0
reut2-004.sgm-890.txt,0.0,binary,true,0
reut2-004.sgm-890.txt,0.0,count,false,9
reut2-004.sgm-890.txt,0.0,count,true,9
reut2-004.sgm-890.txt,0.0,gfidf,false,0
reut2-004.sgm-890.txt,0.0,gfidf,true,0
reut2-004.sgm-890.txt,0.0,idf,false,12
reut2-004.sgm-890.txt,0.0,idf,true,0
reut2-004.sgm-890.txt,0.0,logEntropy,false,9
reut2-004.sgm-890.txt,0.0,logEntropy,true,9
reut2-004.sgm-890.txt,0.0,normal,false,0
reut2-004.sgm-890.txt,0.0,normal,true,1
reut2-004.sgm-890.txt,0.0,tfidf,false,3
reut2-004.sgm-890.txt,0.0,tfidf,true,0
reut2-004.sgm-892.txt,0.0,binary,false,17
reut2-004.sgm-892.txt,0.0,binary,true,17
reut2-004.sgm-892.txt,0.0,count,false,18
reut2-004.sgm-892.txt,0.0,count,true,18
reut2-004.sgm-892.txt,0.0,gfidf,false,17
reut2-004.sgm-892.txt,0.0,gfidf,true,17
reut2-004.sgm-892.txt,0.0,idf,false,17
reut2-004.sgm-892.txt,0.0,idf,true,17
reut2-004.sgm-892.txt,0.0,logEntropy,false,18
reut2-004.sgm-892.txt,0.0,logEntropy,true,17
reut2-004.sgm-892.txt,0.0,normal,false,18
reut2-004.sgm-892.txt,0.0,normal,true,17
reut2-004.sgm-892.txt,0.0,tfidf,false,9
reut2-004.sgm-892.txt,0.0,tfidf,true,9
reut2-004.sgm-901.txt,0.0,binary,false,2
reut2-004.sgm-901.txt,0.0,binary,true,2
reut2-004.sgm-901.txt,0.0,count,false,2
reut2-004.sgm-901.txt,0.0,count,true,2
reut2-004.sgm-901.txt,0.0,gfidf,false,12
reut2-004.sgm-901.txt,0.0,gfidf,true,2
reut2-004.sgm-901.txt,0.0,idf,false,2
reut2-004.sgm-901.txt,0.0,idf,true,12
reut2-004.sgm-901.txt,0.0,logEntropy,false,2
reut2-004.sgm-901.txt,0.0,logEntropy,true,2
reut2-004.sgm-901.txt,0.0,normal,false,1
reut2-004.sgm-901.txt,0.0,normal,true,1
reut2-004.sgm-901.txt,0.0,tfidf,false,12
reut2-004.sgm-901.txt,0.0,tfidf,true,11
reut2-004.sgm-905.txt,0.0,binary,false,10
reut2-004.sgm-905.txt,0.0,binary,true,10
reut2-004.sgm-905.txt,0.0,count,false,9
reut2-004.sgm-905.txt,0.0,count,true,9
reut2-004.sgm-905.txt,0.0,gfidf,false,10
reut2-004.sgm-905.txt,0.0,gfidf,true,10
reut2-004.sgm-905.txt,0.0,idf,false,10
reut2-004.sgm-905.txt,0.0,idf,true,10
reut2-004.sgm-905.txt,0.0,logEntropy,false,9
reut2-004.sgm-905.txt,0.0,logEntropy,true,9
reut2-004.sgm-905.txt,0.0,normal,false,9
reut2-004.sgm-905.txt,0.0,normal,true,9
reut2-004.sgm-905.txt,0.0,tfidf,false,4
reut2-004.sgm-905.txt,0.0,tfidf,true,4
reut2-004.sgm-915.txt,2.2081790273476245,binary,false,7
reut2-004.sgm-915.txt,2.2081790273476245,binary,true,7
reut2-004.sgm-915.txt,2.2081790273476245,count,false,7
reut2-004.sgm-915.txt,2.2081790273476245,count,true,7
reut2-004.sgm-915.txt,2.2081790273476245,gfidf,false,7
reut2-004.sgm-915.txt,2.2081790273476245,gfidf,true,7
reut2-004.sgm-915.txt,2.2081790273476245,idf,false,7
reut2-004.sgm-915.txt,2.2081790273476245,idf,true,7
reut2-004.sgm-915.txt,2.2081790273476245,logEntropy,false,7
reut2-004.sgm-915.txt,2.2081790273476245,logEntropy,true,7
reut2-004.sgm-915.txt,2.2081790273476245,normal,false,0
reut2-004.sgm-915.txt,2.2081790273476245,normal,true,0
reut2-004.sgm-915.txt,2.2081790273476245,tfidf,false,7
reut2-004.sgm-915.txt,2.2081790273476245,tfidf,true,7
reut2-004.sgm-92.txt,0.0,binary,false,6
reut2-004.sgm-92.txt,0.0,binary,true,35
reut2-004.sgm-92.txt,0.0,count,false,6
reut2-004.sgm-92.txt,0.0,count,true,35
reut2-004.sgm-92.txt,0.0,gfidf,false,6
reut2-004.sgm-92.txt,0.0,gfidf,true,35
reut2-004.sgm-92.txt,0.0,idf,false,6
reut2-004.sgm-92.txt,0.0,idf,true,35
reut2-004.sgm-92.txt,0.0,logEntropy,false,6
reut2-004.sgm-92.txt,0.0,logEntropy,true,35
reut2-004.sgm-92.txt,0.0,normal,false,6
reut2-004.sgm-92.txt,0.0,normal,true,24
reut2-004.sgm-92.txt,0.0,tfidf,false,35
reut2-004.sgm-92.txt,0.0,tfidf,true,35
reut2-004.sgm-942.txt,0.0,binary,false,17
reut2-004.sgm-942.txt,0.0,binary,true,17
reut2-004.sgm-942.txt,0.0,count,false,12
reut2-004.sgm-942.txt,0.0,count,true,17
reut2-004.sgm-942.txt,0.0,gfidf,false,17
reut2-004.sgm-942.txt,0.0,gfidf,true,17
reut2-004.sgm-942.txt,0.0,idf,false,17
reut2-004.sgm-942.txt,0.0,idf,true,17
reut2-004.sgm-942.txt,0.0,logEntropy,false,17
reut2-004.sgm-942.txt,0.0,logEntropy,true,17
reut2-004.sgm-942.txt,0.0,normal,false,5
reut2-004.sgm-942.txt,0.0,normal,true,0
reut2-004.sgm-942.txt,0.0,tfidf,false,17
reut2-004.sgm-942.txt,0.0,tfidf,true,7
reut2-004.sgm-943.txt,0.0,binary,false,0
reut2-004.sgm-943.txt,0.0,binary,true,0
reut2-004.sgm-943.txt,0.0,count,false,36
reut2-004.sgm-943.txt,0.0,count,true,36
reut2-004.sgm-943.txt,0.0,gfidf,false,0
reut2-004.sgm-943.txt,0.0,gfidf,true,0
reut2-004.sgm-943.txt,0.0,idf,false,0
reut2-004.sgm-943.txt,0.0,idf,true,0
reut2-004.sgm-943.txt,0.0,logEntropy,false,0
reut2-004.sgm-943.txt,0.0,logEntropy,true,0
reut2-004.sgm-943.txt,0.0,normal,false,0
reut2-004.sgm-943.txt,0.0,normal,true,0
reut2-004.sgm-943.txt,0.0,tfidf,false,51
reut2-004.sgm-943.txt,0.0,tfidf,true,37
reut2-004.sgm-945.txt,0.0,binary,false,6
reut2-004.sgm-945.txt,0.0,binary,true,6
reut2-004.sgm-945.txt,0.0,count,false,8
reut2-004.sgm-945.txt,0.0,count,true,8
reut2-004.sgm-945.txt,0.0,gfidf,false,8
reut2-004.sgm-945.txt,0.0,gfidf,true,6
reut2-004.sgm-945.txt,0.0,idf,false,8
reut2-004.sgm-945.txt,0.0,idf,true,6
reut2-004.sgm-945.txt,0.0,logEntropy,false,8
reut2-004.sgm-945.txt,0.0,logEntropy,true,8
reut2-004.sgm-945.txt,0.0,normal,false,8
reut2-004.sgm-945.txt,0.0,normal,true,6
reut2-004.sgm-945.txt,0.0,tfidf,false,8
reut2-004.sgm-945.txt,0.0,tfidf,true,8
reut2-004.sgm-950.txt,0.0,binary,false,10
reut2-004.sgm-950.txt,0.0,binary,true,10
reut2-004.sgm-950.txt,0.0,count,false,10
reut2-004.sgm-950.txt,0.0,count,true,10
reut2-004.sgm-950.txt,0.0,gfidf,false,10
reut2-004.sgm-950.txt,0.0,gfidf,true,10
reut2-004.sgm-950.txt,0.0,idf,false,10
reut2-004.sgm-950.txt,0.0,idf,true,10
reut2-004.sgm-950.txt,0.0,logEntropy,false,10
reut2-004.sgm-950.txt,0.0,logEntropy,true,10
reut2-004.sgm-950.txt,0.0,normal,false,10
reut2-004.sgm-950.txt,0.0,normal,true,10
reut2-004.sgm-950.txt,0.0,tfidf,false,10
reut2-004.sgm-950.txt,0.0,tfidf,true,10
reut2-004.sgm-952.txt,0.0,binary,false,15
reut2-004.sgm-952.txt,0.0,binary,true,15
reut2-004.sgm-952.txt,0.0,count,false,15
reut2-004.sgm-952.txt,0.0,count,true,6
reut2-004.sgm-952.txt,0.0,gfidf,false,15
reut2-004.sgm-952.txt,0.0,gfidf,true,15
reut2-004.sgm-952.txt,0.0,idf,false,15
reut2-004.sgm-952.txt,0.0,idf,true,15
reut2-004.sgm-952.txt,0.0,logEntropy,false,15
reut2-004.sgm-952.txt,0.0,logEntropy,true,6
reut2-004.sgm-952.txt,0.0,normal,false,6
reut2-004.sgm-952.txt,0.0,normal,true,6
reut2-004.sgm-952.txt,0.0,tfidf,false,7
reut2-004.sgm-952.txt,0.0,tfidf,true,7
reut2-004.sgm-965.txt,0.0,binary,false,6
reut2-004.sgm-965.txt,0.0,binary,true,15
reut2-004.sgm-965.txt,0.0,count,false,15
reut2-004.sgm-965.txt,0.0,count,true,15
reut2-004.sgm-965.txt,0.0,gfidf,false,15
reut2-004.sgm-965.txt,0.0,gfidf,true,15
reut2-004.sgm-965.txt,0.0,idf,false,15
reut2-004.sgm-965.txt,0.0,idf,true,15
reut2-004.sgm-965.txt,0.0,logEntropy,false,15
reut2-004.sgm-965.txt,0.0,logEntropy,true,15
reut2-004.sgm-965.txt,0.0,normal,false,6
reut2-004.sgm-965.txt,0.0,normal,true,1
reut2-004.sgm-965.txt,0.0,tfidf,false,15
reut2-004.sgm-965.txt,0.0,tfidf,true,15
reut2-004.sgm-968.txt,0.0,binary,false,0
reut2-004.sgm-968.txt,0.0,binary,true,22
reut2-004.sgm-968.txt,0.0,count,false,48
reut2-004.sgm-968.txt,0.0,count,true,48
reut2-004.sgm-968.txt,0.0,gfidf,false,0
reut2-004.sgm-968.txt,0.0,gfidf,true,0
reut2-004.sgm-968.txt,0.0,idf,false,22
reut2-004.sgm-968.txt,0.0,idf,true,22
reut2-004.sgm-968.txt,0.0,logEntropy,false,48
reut2-004.sgm-968.txt,0.0,logEntropy,true,48
reut2-004.sgm-968.txt,0.0,normal,false,0
reut2-004.sgm-968.txt,0.0,normal,true,0
reut2-004.sgm-968.txt,0.0,tfidf,false,21
reut2-004.sgm-968.txt,0.0,tfidf,true,36
reut2-004.sgm-987.txt,0.0,binary,false,11
reut2-004.sgm-987.txt,0.0,binary,true,11
reut2-004.sgm-987.txt,0.0,count,false,6
reut2-004.sgm-987.txt,0.0,count,true,6
reut2-004.sgm-987.txt,0.0,gfidf,false,21
reut2-004.sgm-987.txt,0.0,gfidf,true,21
reut2-004.sgm-987.txt,0.0,idf,false,11
reut2-004.sgm-987.txt,0.0,idf,true,11
reut2-004.sgm-987.txt,0.0,logEntropy,false,6
reut2-004.sgm-987.txt,0.0,logEntropy,true,6
reut2-004.sgm-987.txt,0.0,normal,false,21
reut2-004.sgm-987.txt,0.0,normal,true,21
reut2-004.sgm-987.txt,0.0,tfidf,false,11
reut2-004.sgm-987.txt,0.0,tfidf,true,11
reut2-004.sgm-988.txt,0.0,binary,false,8
reut2-004.sgm-988.txt,0.0,binary,true,8
reut2-004.sgm-988.txt,0.0,count,false,7
reut2-004.sgm-988.txt,0.0,count,true,7
reut2-004.sgm-988.txt,0.0,gfidf,false,8
reut2-004.sgm-988.txt,0.0,gfidf,true,8
reut2-004.sgm-988.txt,0.0,idf,false,8
reut2-004.sgm-988.txt,0.0,idf,true,8
reut2-004.sgm-988.txt,0.0,logEntropy,false,8
reut2-004.sgm-988.txt,0.0,logEntropy,true,8
reut2-004.sgm-988.txt,0.0,normal,false,8
reut2-004.sgm-988.txt,0.0,normal,true,8
reut2-004.sgm-988.txt,0.0,tfidf,false,6
reut2-004.sgm-988.txt,0.0,tfidf,true,9
reut2-005.sgm-103.txt,0.0,binary,false,7
reut2-005.sgm-103.txt,0.0,binary,true,7
reut2-005.sgm-103.txt,0.0,count,false,16
reut2-005.sgm-103.txt,0.0,count,true,0
reut2-005.sgm-103.txt,0.0,gfidf,false,16
reut2-005.sgm-103.txt,0.0,gfidf,true,16
reut2-005.sgm-103.txt,0.0,idf,false,7
reut2-005.sgm-103.txt,0.0,idf,true,7
reut2-005.sgm-103.txt,0.0,logEntropy,false,7
reut2-005.sgm-103.txt,0.0,logEntropy,true,0
reut2-005.sgm-103.txt,0.0,normal,false,16
reut2-005.sgm-103.txt,0.0,normal,true,16
reut2-005.sgm-103.txt,0.0,tfidf,false,7
reut2-005.sgm-103.txt,0.0,tfidf,true,7
reut2-005.sgm-108.txt,3.2813414240305514,binary,false,0
reut2-005.sgm-108.txt,3.2813414240305514,binary,true,0
reut2-005.sgm-108.txt,3.2813414240305514,count,false,0
reut2-005.sgm-108.txt,3.2813414240305514,count,true,0
reut2-005.sgm-108.txt,3.2813414240305514,gfidf,false,0
reut2-005.sgm-108.txt,3.2813414240305514,gfidf,true,0
reut2-005.sgm-108.txt,3.2813414240305514,idf,false,0
reut2-005.sgm-108.txt,3.2813414240305514,idf,true,21
reut2-005.sgm-108.txt,3.2813414240305514,logEntropy,false,0
reut2-005.sgm-108.txt,3.2813414240305514,logEntropy,true,0
reut2-005.sgm-108.txt,3.2813414240305514,normal,false,0
reut2-005.sgm-108.txt,3.2813414240305514,normal,true,21
reut2-005.sgm-108.txt,3.2813414240305514,tfidf,false,21
reut2-005.sgm-108.txt,3.2813414240305514,tfidf,true,21
reut2-005.sgm-126.txt,0.0,binary,false,12
reut2-005.sgm-126.txt,0.0,binary,true,12
reut2-005.sgm-126.txt,0.0,count,false,12
reut2-005.sgm-126.txt,0.0,count,true,12
reut2-005.sgm-126.txt,0.0,gfidf,false,17
reut2-005.sgm-126.txt,0.0,gfidf,true,12
reut2-005.sgm-126.txt,0.0,idf,false,12
reut2-005.sgm-126.txt,0.0,idf,true,12
reut2-005.sgm-126.txt,0.0,logEntropy,false,12
reut2-005.sgm-126.txt,0.0,logEntropy,true,12
reut2-005.sgm-126.txt,0.0,normal,false,17
reut2-005.sgm-126.txt,0.0,normal,true,17
reut2-005.sgm-126.txt,0.0,tfidf,false,12
reut2-005.sgm-126.txt,0.0,tfidf,true,12
reut2-005.sgm-130.txt,0.0,binary,false,1
reut2-005.sgm-130.txt,0.0,binary,true,21
reut2-005.sgm-130.txt,0.0,count,false,4
reut2-005.sgm-130.txt,0.0,count,true,21
reut2-005.sgm-130.txt,0.0,gfidf,false,21
reut2-005.sgm-130.txt,0.0,gfidf,true,21
reut2-005.sgm-130.txt,0.0,idf,false,21
reut2-005.sgm-130.txt,0.0,idf,true,21
reut2-005.sgm-130.txt,0.0,logEntropy,false,21
reut2-005.sgm-130.txt,0.0,logEntropy,true,21
reut2-005.sgm-130.txt,0.0,normal,false,0
reut2-005.sgm-130.txt,0.0,normal,true,0
reut2-005.sgm-130.txt,0.0,tfidf,false,21
reut2-005.sgm-130.txt,0.0,tfidf,true,21
reut2-005.sgm-138.txt,0.0,binary,false,10
reut2-005.sgm-138.txt,0.0,binary,true,10
reut2-005.sgm-138.txt,0.0,count,false,10
reut2-005.sgm-138.txt,0.0,count,true,10
reut2-005.sgm-138.txt,0.0,gfidf,false,10
reut2-005.sgm-138.txt,0.0,gfidf,true,10
reut2-005.sgm-138.txt,0.0,idf,false,10
reut2-005.sgm-138.txt,0.0,idf,true,10
reut2-005.sgm-138.txt,0.0,logEntropy,false,10
reut2-005.sgm-138.txt,0.0,logEntropy,true,10
reut2-005.sgm-138.txt,0.0,normal,false,14
reut2-005.sgm-138.txt,0.0,normal,true,14
reut2-005.sgm-138.txt,0.0,tfidf,false,10
reut2-005.sgm-138.txt,0.0,tfidf,true,10
reut2-005.sgm-149.txt,3.5972249053954344,binary,false,0
reut2-005.sgm-149.txt,3.5972249053954344,binary,true,1
reut2-005.sgm-149.txt,3.5972249053954344,count,false,0
reut2-005.sgm-149.txt,3.5972249053954344,count,true,0
reut2-005.sgm-149.txt,3.5972249053954344,gfidf,false,0
reut2-005.sgm-149.txt,3.5972249053954344,gfidf,true,1
reut2-005.sgm-149.txt,3.5972249053954344,idf,false,1
reut2-005.sgm-149.txt,3.5972249053954344,idf,true,1
reut2-005.sgm-149.txt,3.5972249053954344,logEntropy,false,0
reut2-005.sgm-149.txt,3.5972249053954344,logEntropy,true,1
reut2-005.sgm-149.txt,3.5972249053954344,normal,false,0
reut2-005.sgm-149.txt,3.5972249053954344,normal,true,0
reut2-005.sgm-149.txt,3.5972249053954344,tfidf,false,1
reut2-005.sgm-149.txt,3.5972249053954344,tfidf,true,1
reut2-005.sgm-155.txt,1.640670712015276,binary,false,2
reut2-005.sgm-155.txt,1.640670712015276,binary,true,2
reut2-005.sgm-155.txt,1.640670712015276,count,false,2
reut2-005.sgm-155.txt,1.640670712015276,count,true,2
reut2-005.sgm-155.txt,1.640670712015276,gfidf,false,2
reut2-005.sgm-155.txt,1.640670712015276,gfidf,true,2
reut2-005.sgm-155.txt,1.640670712015276,idf,false,2
reut2-005.sgm-155.txt,1.640670712015276,idf,true,2
reut2-005.sgm-155.txt,1.640670712015276,logEntropy,false,2
reut2-005.sgm-155.txt,1.640670712015276,logEntropy,true,2
reut2-005.sgm-155.txt,1.640670712015276,normal,false,1
reut2-005.sgm-155.txt,1.640670712015276,normal,true,3
reut2-005.sgm-155.txt,1.640670712015276,tfidf,false,2
reut2-005.sgm-155.txt,1.640670712015276,tfidf,true,2
reut2-005.sgm-162.txt,2.058770528900245,binary,false,0
reut2-005.sgm-162.txt,2.058770528900245,binary,true,1
reut2-005.sgm-162.txt,2.058770528900245,count,false,1
reut2-005.sgm-162.txt,2.058770528900245,count,true,1
reut2-005.sgm-162.txt,2.058770528900245,gfidf,false,1
reut2-005.sgm-162.txt,2.058770528900245,gfidf,true,1
reut2-005.sgm-162.txt,2.058770528900245,idf,false,37
reut2-005.sgm-162.txt,2.058770528900245,idf,true,35
reut2-005.sgm-162.txt,2.058770528900245,logEntropy,false,1
reut2-005.sgm-162.txt,2.058770528900245,logEntropy,true,1
reut2-005.sgm-162.txt,2.058770528900245,normal,false,24
reut2-005.sgm-162.txt,2.058770528900245,normal,true,24
reut2-005.sgm-162.txt,2.058770528900245,tfidf,false,1
reut2-005.sgm-162.txt,2.058770528900245,tfidf,true,1
reut2-005.sgm-166.txt,0.0,binary,false,0
reut2-005.sgm-166.txt,0.0,binary,true,12
reut2-005.sgm-166.txt,0.0,count,false,17
reut2-005.sgm-166.txt,0.0,count,true,12
reut2-005.sgm-166.txt,0.0,gfidf,false,0
reut2-005.sgm-166.txt,0.0,gfidf,true,12
reut2-005.sgm-166.txt,0.0,idf,false,4
reut2-005.sgm-166.txt,0.0,idf,true,12
reut2-005.sgm-166.txt,0.0,logEntropy,false,0
reut2-005.sgm-166.txt,0.0,logEntropy,true,12
reut2-005.sgm-166.txt,0.0,normal,false,9
reut2-005.sgm-166.txt,0.0,normal,true,9
reut2-005.sgm-166.txt,0.0,tfidf,false,4
reut2-005.sgm-166.txt,0.0,tfidf,true,20
reut2-005.sgm-168.txt,0.0,binary,false,3
reut2-005.sgm-168.txt,0.0,binary,true,3
reut2-005.sgm-168.txt,0.0,count,false,4
reut2-005.sgm-168.txt,0.0,count,true,3
reut2-005.sgm-168.txt,0.0,gfidf,false,3
reut2-005.sgm-168.txt,0.0,gfidf,true,3
reut2-005.sgm-168.txt,0.0,idf,false,3
reut2-005.sgm-168.txt,0.0,idf,true,3
reut2-005.sgm-168.txt,0.0,logEntropy,false,4
reut2-005.sgm-168.txt,0.0,logEntropy,true,3
reut2-005.sgm-168.txt,0.0,normal,false,2
reut2-005.sgm-168.txt,0.0,normal,true,2
reut2-005.sgm-168.txt,0.0,tfidf,false,3
reut2-005.sgm-168.txt,0.0,tfidf,true,3
reut2-005.sgm-170.txt,0.0,binary,false,16
reut2-005.sgm-170.txt,0.0,binary,true,16
reut2-005.sgm-170.txt,0.0,count,false,16
reut2-005.sgm-170.txt,0.0,count,true,16
reut2-005.sgm-170.txt,0.0,gfidf,false,16
reut2-005.sgm-170.txt,0.0,gfidf,true,16
reut2-005.sgm-170.txt,0.0,idf,false,16
reut2-005.sgm-170.txt,0.0,idf,true,28
reut2-005.sgm-170.txt,0.0,logEntropy,false,16
reut2-005.sgm-170.txt,0.0,logEntropy,true,16
reut2-005.sgm-170.txt,0.0,normal,false,16
reut2-005.sgm-170.txt,0.0,normal,true,4
reut2-005.sgm-170.txt,0.0,tfidf,false,28
reut2-005.sgm-170.txt,0.0,tfidf,true,28
reut2-005.sgm-171.txt,4.0,binary,false,0
reut2-005.sgm-171.txt,4.0,binary,true,0
reut2-005.sgm-171.txt,4.0,count,false,0
reut2-005.sgm-171.txt,4.0,count,true,0
reut2-005.sgm-171.txt,4.0,gfidf,false,0
reut2-005.sgm-171.txt,4.0,gfidf,true,0
reut2-005.sgm-171.txt,4.0,idf,false,0
reut2-005.sgm-171.txt,4.0,idf,true,0
reut2-005.sgm-171.txt,4.0,logEntropy,false,0
reut2-005.sgm-171.txt,4.0,logEntropy,true,0
reut2-005.sgm-171.txt,4.0,normal,false,0
reut2-005.sgm-171.txt,4.0,normal,true,0
reut2-005.sgm-171.txt,4.0,tfidf,false,0
reut2-005.sgm-171.txt,4.0,tfidf,true,0
reut2-005.sgm-175.txt,0.0,binary,false,9
reut2-005.sgm-175.txt,0.0,binary,true,9
reut2-005.sgm-175.txt,0.0,count,false,9
reut2-005.sgm-175.txt,0.0,count,true,9
reut2-005.sgm-175.txt,0.0,gfidf,false,9
reut2-005.sgm-175.txt,0.0,gfidf,true,9
reut2-005.sgm-175.txt,0.0,idf,false,9
reut2-005.sgm-175.txt,0.0,idf,true,9
reut2-005.sgm-175.txt,0.0,logEntropy,false,9
reut2-005.sgm-175.txt,0.0,logEntropy,true,9
reut2-005.sgm-175.txt,0.0,normal,false,18
reut2-005.sgm-175.txt,0.0,normal,true,18
reut2-005.sgm-175.txt,0.0,tfidf,false,9
reut2-005.sgm-175.txt,0.0,tfidf,true,9
reut2-005.sgm-177.txt,0.0,binary,false,10
reut2-005.sgm-177.txt,0.0,binary,true,0
reut2-005.sgm-177.txt,0.0,count,false,0
reut2-005.sgm-177.txt,0.0,count,true,0
reut2-005.sgm-177.txt,0.0,gfidf,false,0
reut2-005.sgm-177.txt,0.0,gfidf,true,0
reut2-005.sgm-177.txt,0.0,idf,false,10
reut2-005.sgm-177.txt,0.0,idf,true,1
reut2-005.sgm-177.txt,0.0,logEntropy,false,10
reut2-005.sgm-177.txt,0.0,logEntropy,true,0
reut2-005.sgm-177.txt,0.0,normal,false,0
reut2-005.sgm-177.txt,0.0,normal,true,0
reut2-005.sgm-177.txt,0.0,tfidf,false,7
reut2-005.sgm-177.txt,0.0,tfidf,true,7
reut2-005.sgm-185.txt,0.0,binary,false,9
reut2-005.sgm-185.txt,0.0,binary,true,9
reut2-005.sgm-185.txt,0.0,count,false,9
reut2-005.sgm-185.txt,0.0,count,true,8
reut2-005.sgm-185.txt,0.0,gfidf,false,9
reut2-005.sgm-185.txt,0.0,gfidf,true,9
reut2-005.sgm-185.txt,0.0,idf,false,9
reut2-005.sgm-185.txt,0.0,idf,true,9
reut2-005.sgm-185.txt,0.0,logEntropy,false,9
reut2-005.sgm-185.txt,0.0,logEntropy,true,9
reut2-005.sgm-185.txt,0.0,normal,false,0
reut2-005.sgm-185.txt,0.0,normal,true,18
reut2-005.sgm-185.txt,0.0,tfidf,false,9
reut2-005.sgm-185.txt,0.0,tfidf,true,9
reut2-005.sgm-189.txt,0.0,binary,false,1
reut2-005.sgm-189.txt,0.0,binary,true,0
reut2-005.sgm-189.txt,0.0,count,false,1
reut2-005.sgm-189.txt,0.0,count,true,5
reut2-005.sgm-189.txt,0.0,gfidf,false,1
reut2-005.sgm-189.txt,0.0,gfidf,true,2
reut2-005.sgm-189.txt,0.0,idf,false,2
reut2-005.sgm-189.txt,0.0,idf,true,2
reut2-005.sgm-189.txt,0.0,logEntropy,false,1
reut2-005.sgm-189.txt,0.0,logEntropy,true,4
reut2-005.sgm-189.txt,0.0,normal,false,1
reut2-005.sgm-189.txt,0.0,normal,true,4
reut2-005.sgm-189.txt,0.0,tfidf,false,2
reut2-005.sgm-189.txt,0.0,tfidf,true,2
reut2-005.sgm-199.txt,0.0,binary,false,16
reut2-005.sgm-199.txt,0.0,binary,true,8
reut2-005.sgm-199.txt,0.0,count,false,16
reut2-005.sgm-199.txt,0.0,count,true,11
reut2-005.sgm-199.txt,0.0,gfidf,false,16
reut2-005.sgm-199.txt,0.0,gfidf,true,11
reut2-005.sgm-199.txt,0.0,idf,false,16
reut2-005.sgm-199.txt,0.0,idf,true,8
reut2-005.sgm-199.txt,0.0,logEntropy,false,16
reut2-005.sgm-199.txt,0.0,logEntropy,true,11
reut2-005.sgm-199.txt,0.0,normal,false,11
reut2-005.sgm-199.txt,0.0,normal,true,11
reut2-005.sgm-199.txt,0.0,tfidf,false,16
reut2-005.sgm-199.txt,0.0,tfidf,true,8
reut2-005.sgm-2.txt,0.0,binary,false,7
reut2-005.sgm-2.txt,0.0,binary,true,7
reut2-005.sgm-2.txt,0.0,count,false,7
reut2-005.sgm-2.txt,0.0,count,true,7
reut2-005.sgm-2.txt,0.0,gfidf,false,7
reut2-005.sgm-2.txt,0.0,gfidf,true,5
reut2-005.sgm-2.txt,0.0,idf,false,7
reut2-005.sgm-2.txt,0.0,idf,true,6
reut2-005.sgm-2.txt,0.0,logEntropy,false,7
reut2-005.sgm-2.txt,0.0,logEntropy,true,7
reut2-005.sgm-2.txt,0.0,normal,false,7
reut2-005.sgm-2.txt,0.0,normal,true,7
reut2-005.sgm-2.txt,0.0,tfidf,false,6
reut2-005.sgm-2.txt,0.0,tfidf,true,6
reut2-005.sgm-200.txt,0.0,binary,false,30
reut2-005.sgm-200.txt,0.0,binary,true,13
reut2-005.sgm-200.txt,0.0,count,false,13
reut2-005.sgm-200.txt,0.0,count,true,13
reut2-005.sgm-200.txt,0.0,gfidf,false,30
reut2-005.sgm-200.txt,0.0,gfidf,true,13
reut2-005.sgm-200.txt,0.0,idf,false,30
reut2-005.sgm-200.txt,0.0,idf,true,13
reut2-005.sgm-200.txt,0.0,logEntropy,false,13
reut2-005.sgm-200.txt,0.0,logEntropy,true,13
reut2-005.sgm-200.txt,0.0,normal,false,30
reut2-005.sgm-200.txt,0.0,normal,true,30
reut2-005.sgm-200.txt,0.0,tfidf,false,17
reut2-005.sgm-200.txt,0.0,tfidf,true,13
reut2-005.sgm-205.txt,0.0,binary,false,22
reut2-005.sgm-205.txt,0.0,binary,true,1
reut2-005.sgm-205.txt,0.0,count,false,22
reut2-005.sgm-205.txt,0.0,count,true,1
reut2-005.sgm-205.txt,0.0,gfidf,false,22
reut2-005.sgm-205.txt,0.0,gfidf,true,1
reut2-005.sgm-205.txt,0.0,idf,false,22
reut2-005.sgm-205.txt,0.0,idf,true,1
reut2-005.sgm-205.txt,0.0,logEntropy,false,22
reut2-005.sgm-205.txt,0.0,logEntropy,true,1
reut2-005.sgm-205.txt,0.0,normal,false,22
reut2-005.sgm-205.txt,0.0,normal,true,22
reut2-005.sgm-205.txt,0.0,tfidf,false,5
reut2-005.sgm-205.txt,0.0,tfidf,true,5
reut2-005.sgm-207.txt,0.0,binary,false,9
reut2-005.sgm-207.txt,0.0,binary,true,5
reut2-005.sgm-207.txt,0.0,count,false,15
reut2-005.sgm-207.txt,0.0,count,true,9
reut2-005.sgm-207.txt,0.0,gfidf,false,9
reut2-005.sgm-207.txt,0.0,gfidf,true,9
reut2-005.sgm-207.txt,0.0,idf,false,9
reut2-005.sgm-207.txt,0.0,idf,true,5
reut2-005.sgm-207.txt,0.0,logEntropy,false,9
reut2-005.sgm-207.txt,0.0,logEntropy,true,9
reut2-005.sgm-207.txt,0.0,normal,false,9
reut2-005.sgm-207.txt,0.0,normal,true,9
reut2-005.sgm-207.txt,0.0,tfidf,false,15
reut2-005.sgm-207.txt,0.0,tfidf,true,5
reut2-005.sgm-213.txt,0.0,binary,false,10
reut2-005.sgm-213.txt,0.0,binary,true,2
reut2-005.sgm-213.txt,0.0,count,false,11
reut2-005.sgm-213.txt,0.0,count,true,11
reut2-005.sgm-213.txt,0.0,gfidf,false,10
reut2-005.sgm-213.txt,0.0,gfidf,true,2
reut2-005.sgm-213.txt,0.0,idf,false,10
reut2-005.sgm-213.txt,0.0,idf,true,2
reut2-005.sgm-213.txt,0.0,logEntropy,false,10
reut2-005.sgm-213.txt,0.0,logEntropy,true,11
reut2-005.sgm-213.txt,0.0,normal,false,9
reut2-005.sgm-213.txt,0.0,normal,true,9
reut2-005.sgm-213.txt,0.0,tfidf,false,10
reut2-005.sgm-213.txt,0.0,tfidf,true,2
reut2-005.sgm-224.txt,2.2081790273476245,binary,false,0
reut2-005.sgm-224.txt,2.2081790273476245,binary,true,0
reut2-005.sgm-224.txt,2.2081790273476245,count,false,10
reut2-005.sgm-224.txt,2.2081790273476245,count,true,23
reut2-005.sgm-224.txt,2.2081790273476245,gfidf,false,10
reut2-005.sgm-224.txt,2.2081790273476245,gfidf,true,0
reut2-005.sgm-224.txt,2.2081790273476245,idf,false,0
reut2-005.sgm-224.txt,2.2081790273476245,idf,true,0
reut2-005.sgm-224.txt,2.2081790273476245,logEntropy,false,10
reut2-005.sgm-224.txt,2.2081790273476245,logEntropy,true,23
reut2-005.sgm-224.txt,2.2081790273476245,normal,false,0
reut2-005.sgm-224.txt,2.2081790273476245,normal,true,3
reut2-005.sgm-224.txt,2.2081790273476245,tfidf,false,10
reut2-005.sgm-224.txt,2.2081790273476245,tfidf,true,23
reut2-005.sgm-229.txt,0.0,binary,false,4
reut2-005.sgm-229.txt,0.0,binary,true,4
reut2-005.sgm-229.txt,0.0,count,false,4
reut2-005.sgm-229.txt,0.0,count,true,4
reut2-005.sgm-229.txt,0.0,gfidf,false,4
reut2-005.sgm-229.txt,0.0,gfidf,true,20
reut2-005.sgm-229.txt,0.0,idf,false,4
reut2-005.sgm-229.txt,0.0,idf,true,6
reut2-005.sgm-229.txt,0.0,logEntropy,false,4
reut2-005.sgm-229.txt,0.0,logEntropy,true,4
reut2-005.sgm-229.txt,0.0,normal,false,4
reut2-005.sgm-229.txt,0.0,normal,true,4
reut2-005.sgm-229.txt,0.0,tfidf,false,20
reut2-005.sgm-229.txt,0.0,tfidf,true,20
reut2-005.sgm-233.txt,0.0,binary,false,4
reut2-005.sgm-233.txt,0.0,binary,true,4
reut2-005.sgm-233.txt,0.0,count,false,10
reut2-005.sgm-233.txt,0.0,count,true,6
reut2-005.sgm-233.txt,0.0,gfidf,false,15
reut2-005.sgm-233.txt,0.0,gfidf,true,6
reut2-005.sgm-233.txt,0.0,idf,false,4
reut2-005.sgm-233.txt,0.0,idf,true,12
reut2-005.sgm-233.txt,0.0,logEntropy,false,10
reut2-005.sgm-233.txt,0.0,logEntropy,true,6
reut2-005.sgm-233.txt,0.0,normal,false,10
reut2-005.sgm-233.txt,0.0,normal,true,16
reut2-005.sgm-233.txt,0.0,tfidf,false,15
reut2-005.sgm-233.txt,0.0,tfidf,true,12
reut2-005.sgm-234.txt,0.0,binary,false,9
reut2-005.sgm-234.txt,0.0,binary,true,9
reut2-005.sgm-234.txt,0.0,count,false,9
reut2-005.sgm-234.txt,0.0,count,true,9
reut2-005.sgm-234.txt,0.0,gfidf,false,9
reut2-005.sgm-234.txt,0.0,gfidf,true,9
reut2-005.sgm-234.txt,0.0,idf,false,9
reut2-005.sgm-234.txt,0.0,idf,true,9
reut2-005.sgm-234.txt,0.0,logEntropy,false,9
reut2-005.sgm-234.txt,0.0,logEntropy,true,9
reut2-005.sgm-234.txt,0.0,normal,false,9
reut2-005.sgm-234.txt,0.0,normal,true,9
reut2-005.sgm-234.txt,0.0,tfidf,false,9
reut2-005.sgm-234.txt,0.0,tfidf,true,11
reut2-005.sgm-240.txt,0.0,binary,false,5
reut2-005.sgm-240.txt,0.0,binary,true,5
reut2-005.sgm-240.txt,0.0,count,false,5
reut2-005.sgm-240.txt,0.0,count,true,5
reut2-005.sgm-240.txt,0.0,gfidf,false,5
reut2-005.sgm-240.txt,0.0,gfidf,true,5
reut2-005.sgm-240.txt,0.0,idf,false,5
reut2-005.sgm-240.txt,0.0,idf,true,5
reut2-005.sgm-240.txt,0.0,logEntropy,false,5
reut2-005.sgm-240.txt,0.0,logEntropy,true,5
reut2-005.sgm-240.txt,0.0,normal,false,5
reut2-005.sgm-240.txt,0.0,normal,true,5
reut2-005.sgm-240.txt,0.0,tfidf,false,5
reut2-005.sgm-240.txt,0.0,tfidf,true,5
reut2-005.sgm-243.txt,0.0,binary,false,11
reut2-005.sgm-243.txt,0.0,binary,true,11
reut2-005.sgm-243.txt,0.0,count,false,11
reut2-005.sgm-243.txt,0.0,count,true,11
reut2-005.sgm-243.txt,0.0,gfidf,false,11
reut2-005.sgm-243.txt,0.0,gfidf,true,11
reut2-005.sgm-243.txt,0.0,idf,false,11
reut2-005.sgm-243.txt,0.0,idf,true,11
reut2-005.sgm-243.txt,0.0,logEntropy,false,11
reut2-005.sgm-243.txt,0.0,logEntropy,true,11
reut2-005.sgm-243.txt,0.0,normal,false,11
reut2-005.sgm-243.txt,0.0,normal,true,11
reut2-005.sgm-243.txt,0.0,tfidf,false,11
reut2-005.sgm-243.txt,0.0,tfidf,true,11
reut2-005.sgm-257.txt,0.0,binary,false,0
reut2-005.sgm-257.txt,0.0,binary,true,22
reut2-005.sgm-257.txt,0.0,count,false,17
reut2-005.sgm-257.txt,0.0,count,true,17
reut2-005.sgm-257.txt,0.0,gfidf,false,31
reut2-005.sgm-257.txt,0.0,gfidf,true,0
reut2-005.sgm-257.txt,0.0,idf,false,4
reut2-005.sgm-257.txt,0.0,idf,true,27
reut2-005.sgm-257.txt,0.0,logEntropy,false,17
reut2-005.sgm-257.txt,0.0,logEntropy,true,17
reut2-005.sgm-257.txt,0.0,normal,false,0
reut2-005.sgm-257.txt,0.0,normal,true,0
reut2-005.sgm-257.txt,0.0,tfidf,false,31
reut2-005.sgm-257.txt,0.0,tfidf,true,27
reut2-005.sgm-264.txt,2.5192322822146176,binary,false,0
reut2-005.sgm-264.txt,2.5192322822146176,binary,true,1
reut2-005.sgm-264.txt,2.5192322822146176,count,false,10
reut2-005.sgm-264.txt,2.5192322822146176,count,true,1
reut2-005.sgm-264.txt,2.5192322822146176,gfidf,false,1
reut2-005.sgm-264.txt,2.5192322822146176,gfidf,true,1
reut2-005.sgm-264.txt,2.5192322822146176,idf,false,1
reut2-005.sgm-264.txt,2.5192322822146176,idf,true,1
reut2-005.sgm-264.txt,2.5192322822146176,logEntropy,false,1
reut2-005.sgm-264.txt,2.5192322822146176,logEntropy,true,1
reut2-005.sgm-264.txt,2.5192322822146176,normal,false,0
reut2-005.sgm-264.txt,2.5192322822146176,normal,true,1
reut2-005.sgm-264.txt,2.5192322822146176,tfidf,false,1
reut2-005.sgm-264.txt,2.5192322822146176,tfidf,true,1
reut2-005.sgm-270.txt,1.9033903060212392,binary,false,5
reut2-005.sgm-270.txt,1.9033903060212392,binary,true,1
reut2-005.sgm-270.txt,1.9033903060212392,count,false,1
reut2-005.sgm-270.txt,1.9033903060212392,count,true,1
reut2-005.sgm-270.txt,1.9033903060212392,gfidf,false,5
reut2-005.sgm-270.txt,1.9033903060212392,gfidf,true,1
reut2-005.sgm-270.txt,1.9033903060212392,idf,false,1
reut2-005.sgm-270.txt,1.9033903060212392,idf,true,1
reut2-005.sgm-270.txt,1.9033903060212392,logEntropy,false,1
reut2-005.sgm-270.txt,1.9033903060212392,logEntropy,true,1
reut2-005.sgm-270.txt,1.9033903060212392,normal,false,5
reut2-005.sgm-270.txt,1.9033903060212392,normal,true,5
reut2-005.sgm-270.txt,1.9033903060212392,tfidf,false,5
reut2-005.sgm-270.txt,1.9033903060212392,tfidf,true,5
reut2-005.sgm-272.txt,0.0,binary,false,0
reut2-005.sgm-272.txt,0.0,binary,true,12
reut2-005.sgm-272.txt,0.0,count,false,17
reut2-005.sgm-272.txt,0.0,count,true,12
reut2-005.sgm-272.txt,0.0,gfidf,false,0
reut2-005.sgm-272.txt,0.0,gfidf,true,12
reut2-005.sgm-272.txt,0.0,idf,false,4
reut2-005.sgm-272.txt,0.0,idf,true,12
reut2-005.sgm-272.txt,0.0,logEntropy,false,0
reut2-005.sgm-272.txt,0.0,logEntropy,true,12
reut2-005.sgm-272.txt,0.0,normal,false,9
reut2-005.sgm-272.txt,0.0,normal,true,9
reut2-005.sgm-272.txt,0.0,tfidf,false,4
reut2-005.sgm-272.txt,0.0,tfidf,true,24
reut2-005.sgm-284.txt,0.0,binary,false,4
reut2-005.sgm-284.txt,0.0,binary,true,4
reut2-005.sgm-284.txt,0.0,count,false,4
reut2-005.sgm-284.txt,0.0,count,true,4
reut2-005.sgm-284.txt,0.0,gfidf,false,4
reut2-005.sgm-284.txt,0.0,gfidf,true,4
reut2-005.sgm-284.txt,0.0,idf,false,4
reut2-005.sgm-284.txt,0.0,idf,true,4
reut2-005.sgm-284.txt,0.0,logEntropy,false,4
reut2-005.sgm-284.txt,0.0,logEntropy,true,4
reut2-005.sgm-284.txt,0.0,normal,false,4
reut2-005.sgm-284.txt,0.0,normal,true,4
reut2-005.sgm-284.txt,0.0,tfidf,false,4
reut2-005.sgm-284.txt,0.0,tfidf,true,4
reut2-005.sgm-289.txt,0.0,binary,false,9
reut2-005.sgm-289.txt,0.0,binary,true,9
reut2-005.sgm-289.txt,0.0,count,false,9
reut2-005.sgm-289.txt,0.0,count,true,22
reut2-005.sgm-289.txt,0.0,gfidf,false,9
reut2-005.sgm-289.txt,0.0,gfidf,true,9
reut2-005.sgm-289.txt,0.0,idf,false,9
reut2-005.sgm-289.txt,0.0,idf,true,9
reut2-005.sgm-289.txt,0.0,logEntropy,false,9
reut2-005.sgm-289.txt,0.0,logEntropy,true,9
reut2-005.sgm-289.txt,0.0,normal,false,9
reut2-005.sgm-289.txt,0.0,normal,true,22
reut2-005.sgm-289.txt,0.0,tfidf,false,9
reut2-005.sgm-289.txt,0.0,tfidf,true,9
reut2-005.sgm-293.txt,0.0,binary,false,9
reut2-005.sgm-293.txt,0.0,binary,true,9
reut2-005.sgm-293.txt,0.0,count,false,9
reut2-005.sgm-293.txt,0.0,count,true,8
reut2-005.sgm-293.txt,0.0,gfidf,false,9
reut2-005.sgm-293.txt,0.0,gfidf,true,9
reut2-005.sgm-293.txt,0.0,idf,false,9
reut2-005.sgm-293.txt,0.0,idf,true,9
reut2-005.sgm-293.txt,0.0,logEntropy,false,9
reut2-005.sgm-293.txt,0.0,logEntropy,true,9
reut2-005.sgm-293.txt,0.0,normal,false,0
reut2-005.sgm-293.txt,0.0,normal,true,18
reut2-005.sgm-293.txt,0.0,tfidf,false,9
reut2-005.sgm-293.txt,0.0,tfidf,true,9
reut2-005.sgm-297.txt,0.0,binary,false,6
reut2-005.sgm-297.txt,0.0,binary,true,1
reut2-005.sgm-297.txt,0.0,count,false,1
reut2-005.sgm-297.txt,0.0,count,true,1
reut2-005.sgm-297.txt,0.0,gfidf,false,6
reut2-005.sgm-297.txt,0.0,gfidf,true,1
reut2-005.sgm-297.txt,0.0,idf,false,9
reut2-005.sgm-297.txt,0.0,idf,true,2
reut2-005.sgm-297.txt,0.0,logEntropy,false,1
reut2-005.sgm-297.txt,0.0,logEntropy,true,1
reut2-005.sgm-297.txt,0.0,normal,false,1
reut2-005.sgm-297.txt,0.0,normal,true,1
reut2-005.sgm-297.txt,0.0,tfidf,false,2
reut2-005.sgm-297.txt,0.0,tfidf,true,2
reut2-005.sgm-3.txt,0.0,binary,false,0
reut2-005.sgm-3.txt,0.0,binary,true,22
reut2-005.sgm-3.txt,0.0,count,false,48
reut2-005.sgm-3.txt,0.0,count,true,48
reut2-005.sgm-3.txt,0.0,gfidf,false,0
reut2-005.sgm-3.txt,0.0,gfidf,true,0
reut2-005.sgm-3.txt,0.0,idf,false,22
reut2-005.sgm-3.txt,0.0,idf,true,22
reut2-005.sgm-3.txt,0.0,logEntropy,false,48
reut2-005.sgm-3.txt,0.0,logEntropy,true,48
reut2-005.sgm-3.txt,0.0,normal,false,0
reut2-005.sgm-3.txt,0.0,normal,true,0
reut2-005.sgm-3.txt,0.0,tfidf,false,21
reut2-005.sgm-3.txt,0.0,tfidf,true,36
reut2-005.sgm-301.txt,2.119268045334097,binary,false,1
reut2-005.sgm-301.txt,2.119268045334097,binary,true,1
reut2-005.sgm-301.txt,2.119268045334097,count,false,1
reut2-005.sgm-301.txt,2.119268045334097,count,true,1
reut2-005.sgm-301.txt,2.119268045334097,gfidf,false,1
reut2-005.sgm-301.txt,2.119268045334097,gfidf,true,1
reut2-005.sgm-301.txt,2.119268045334097,idf,false,1
reut2-005.sgm-301.txt,2.119268045334097,idf,true,9
reut2-005.sgm-301.txt,2.119268045334097,logEntropy,false,1
reut2-005.sgm-301.txt,2.119268045334097,logEntropy,true,1
reut2-005.sgm-301.txt,2.119268045334097,normal,false,1
reut2-005.sgm-301.txt,2.119268045334097,normal,true,1
reut2-005.sgm-301.txt,2.119268045334097,tfidf,false,1
reut2-005.sgm-301.txt,2.119268045334097,tfidf,true,1
reut2-005.sgm-310.txt,0.0,binary,false,6
reut2-005.sgm-310.txt,0.0,binary,true,6
reut2-005.sgm-310.txt,0.0,count,false,25
reut2-005.sgm-310.txt,0.0,count,true,25
reut2-005.sgm-310.txt,0.0,gfidf,false,6
reut2-005.sgm-310.txt,0.0,gfidf,true,6
reut2-005.sgm-310.txt,0.0,idf,false,6
reut2-005.sgm-310.txt,0.0,idf,true,6
reut2-005.sgm-310.txt,0.0,logEntropy,false,6
reut2-005.sgm-310.txt,0.0,logEntropy,true,6
reut2-005.sgm-310.txt,0.0,normal,false,1
reut2-005.sgm-310.txt,0.0,normal,true,1
reut2-005.sgm-310.txt,0.0,tfidf,false,21
reut2-005.sgm-310.txt,0.0,tfidf,true,21
reut2-005.sgm-317.txt,0.0,binary,false,27
reut2-005.sgm-317.txt,0.0,binary,true,27
reut2-005.sgm-317.txt,0.0,count,false,26
reut2-005.sgm-317.txt,0.0,count,true,26
reut2-005.sgm-317.txt,0.0,gfidf,false,9
reut2-005.sgm-317.txt,0.0,gfidf,true,27
reut2-005.sgm-317.txt,0.0,idf,false,18
reut2-005.sgm-317.txt,0.0,idf,true,27
reut2-005.sgm-317.txt,0.0,logEntropy,false,9
reut2-005.sgm-317.txt,0.0,logEntropy,true,26
reut2-005.sgm-317.txt,0.0,normal,false,23
reut2-005.sgm-317.txt,0.0,normal,true,23
reut2-005.sgm-317.txt,0.0,tfidf,false,9
reut2-005.sgm-317.txt,0.0,tfidf,true,27
reut2-005.sgm-344.txt,0.0,binary,false,16
reut2-005.sgm-344.txt,0.0,binary,true,16
reut2-005.sgm-344.txt,0.0,count,false,8
reut2-005.sgm-344.txt,0.0,count,true,8
reut2-005.sgm-344.txt,0.0,gfidf,false,16
reut2-005.sgm-344.txt,0.0,gfidf,true,8
reut2-005.sgm-344.txt,0.0,idf,false,16
reut2-005.sgm-344.txt,0.0,idf,true,8
reut2-005.sgm-344.txt,0.0,logEntropy,false,16
reut2-005.sgm-344.txt,0.0,logEntropy,true,8
reut2-005.sgm-344.txt,0.0,normal,false,16
reut2-005.sgm-344.txt,0.0,normal,true,16
reut2-005.sgm-344.txt,0.0,tfidf,false,16
reut2-005.sgm-344.txt,0.0,tfidf,true,30
reut2-005.sgm-375.txt,0.0,binary,false,11
reut2-005.sgm-375.txt,0.0,binary,true,11
reut2-005.sgm-375.txt,0.0,count,false,34
reut2-005.sgm-375.txt,0.0,count,true,34
reut2-005.sgm-375.txt,0.0,gfidf,false,11
reut2-005.sgm-375.txt,0.0,gfidf,true,11
reut2-005.sgm-375.txt,0.0,idf,false,11
reut2-005.sgm-375.txt,0.0,idf,true,11
reut2-005.sgm-375.txt,0.0,logEntropy,false,11
reut2-005.sgm-375.txt,0.0,logEntropy,true,11
reut2-005.sgm-375.txt,0.0,normal,false,11
reut2-005.sgm-375.txt,0.0,normal,true,11
reut2-005.sgm-375.txt,0.0,tfidf,false,7
reut2-005.sgm-375.txt,0.0,tfidf,true,7
reut2-005.sgm-38.txt,0.0,binary,false,3
reut2-005.sgm-38.txt,0.0,binary,true,3
reut2-005.sgm-38.txt,0.0,count,false,4
reut2-005.sgm-38.txt,0.0,count,true,4
reut2-005.sgm-38.txt,0.0,gfidf,false,3
reut2-005.sgm-38.txt,0.0,gfidf,true,4
reut2-005.sgm-38.txt,0.0,idf,false,3
reut2-005.sgm-38.txt,0.0,idf,true,3
reut2-005.sgm-38.txt,0.0,logEntropy,false,4
reut2-005.sgm-38.txt,0.0,logEntropy,true,4
reut2-005.sgm-38.txt,0.0,normal,false,9
reut2-005.sgm-38.txt,0.0,normal,true,4
reut2-005.sgm-38.txt,0.0,tfidf,false,3
reut2-005.sgm-38.txt,0.0,tfidf,true,3
reut2-005.sgm-381.txt,0.0,binary,false,10
reut2-005.sgm-381.txt,0.0,binary,true,7
reut2-005.sgm-381.txt,0.0,count,false,7
reut2-005.sgm-381.txt,0.0,count,true,7
reut2-005.sgm-381.txt,0.0,gfidf,false,10
reut2-005.sgm-381.txt,0.0,gfidf,true,7
reut2-005.sgm-381.txt,0.0,idf,false,10
reut2-005.sgm-381.txt,0.0,idf,true,7
reut2-005.sgm-381.txt,0.0,logEntropy,false,7
reut2-005.sgm-381.txt,0.0,logEntropy,true,7
reut2-005.sgm-381.txt,0.0,normal,false,0
reut2-005.sgm-381.txt,0.0,normal,true,10
reut2-005.sgm-381.txt,0.0,tfidf,false,10
reut2-005.sgm-381.txt,0.0,tfidf,true,7
reut2-005.sgm-385.txt,0.0,binary,false,4
reut2-005.sgm-385.txt,0.0,binary,true,4
reut2-005.sgm-385.txt,0.0,count,false,4
reut2-005.sgm-385.txt,0.0,count,true,4
reut2-005.sgm-385.txt,0.0,gfidf,false,4
reut2-005.sgm-385.txt,0.0,gfidf,true,20
reut2-005.sgm-385.txt,0.0,idf,false,4
reut2-005.sgm-385.txt,0.0,idf,true,6
reut2-005.sgm-385.txt,0.0,logEntropy,false,4
reut2-005.sgm-385.txt,0.0,logEntropy,true,4
reut2-005.sgm-385.txt,0.0,normal,false,4
reut2-005.sgm-385.txt,0.0,normal,true,4
reut2-005.sgm-385.txt,0.0,tfidf,false,20
reut2-005.sgm-385.txt,0.0,tfidf,true,20
reut2-005.sgm-390.txt,4.0,binary,false,0
reut2-005.sgm-390.txt,4.0,binary,true,0
reut2-005.sgm-390.txt,4.0,count,false,0
reut2-005.sgm-390.txt,4.0,count,true,0
reut2-005.sgm-390.txt,4.0,gfidf,false,0
reut2-005.sgm-390.txt,4.0,gfidf,true,0
reut2-005.sgm-390.txt,4.0,idf,false,0
reut2-005.sgm-390.txt,4.0,idf,true,0
reut2-005.sgm-390.txt,4.0,logEntropy,false,0
reut2-005.sgm-390.txt,4.0,logEntropy,true,0
reut2-005.sgm-390.txt,4.0,normal,false,0
reut2-005.sgm-390.txt,4.0,normal,true,0
reut2-005.sgm-390.txt,4.0,tfidf,false,0
reut2-005.sgm-390.txt,4.0,tfidf,true,0
reut2-005.sgm-393.txt,0.0,binary,false,4
reut2-005.sgm-393.txt,0.0,binary,true,4
reut2-005.sgm-393.txt,0.0,count,false,4
reut2-005.sgm-393.txt,0.0,count,true,4
reut2-005.sgm-393.txt,0.0,gfidf,false,4
reut2-005.sgm-393.txt,0.0,gfidf,true,4
reut2-005.sgm-393.txt,0.0,idf,false,4
reut2-005.sgm-393.txt,0.0,idf,true,4
reut2-005.sgm-393.txt,0.0,logEntropy,false,4
reut2-005.sgm-393.txt,0.0,logEntropy,true,4
reut2-005.sgm-393.txt,0.0,normal,false,0
reut2-005.sgm-393.txt,0.0,normal,true,0
reut2-005.sgm-393.txt,0.0,tfidf,false,4
reut2-005.sgm-393.txt,0.0,tfidf,true,4
reut2-005.sgm-404.txt,0.0,binary,false,5
reut2-005.sgm-404.txt,0.0,binary,true,1
reut2-005.sgm-404.txt,0.0,count,false,5
reut2-005.sgm-404.txt,0.0,count,true,1
reut2-005.sgm-404.txt,0.0,gfidf,false,5
reut2-005.sgm-404.txt,0.0,gfidf,true,1
reut2-005.sgm-404.txt,0.0,idf,false,5
reut2-005.sgm-404.txt,0.0,idf,true,5
reut2-005.sgm-404.txt,0.0,logEntropy,false,5
reut2-005.sgm-404.txt,0.0,logEntropy,true,5
reut2-005.sgm-404.txt,0.0,normal,false,5
reut2-005.sgm-404.txt,0.0,normal,true,1
reut2-005.sgm-404.txt,0.0,tfidf,false,11
reut2-005.sgm-404.txt,0.0,tfidf,true,5
reut2-005.sgm-411.txt,0.0,binary,false,15
reut2-005.sgm-411.txt,0.0,binary,true,16
reut2-005.sgm-411.txt,0.0,count,false,16
reut2-005.sgm-411.txt,0.0,count,true,16
reut2-005.sgm-411.txt,0.0,gfidf,false,15
reut2-005.sgm-411.txt,0.0,gfidf,true,16
reut2-005.sgm-411.txt,0.0,idf,false,16
reut2-005.sgm-411.txt,0.0,idf,true,16
reut2-005.sgm-411.txt,0.0,logEntropy,false,16
reut2-005.sgm-411.txt,0.0,logEntropy,true,16
reut2-005.sgm-411.txt,0.0,normal,false,15
reut2-005.sgm-411.txt,0.0,normal,true,15
reut2-005.sgm-411.txt,0.0,tfidf,false,16
reut2-005.sgm-411.txt,0.0,tfidf,true,3
reut2-005.sgm-457.txt,0.0,binary,false,8
reut2-005.sgm-457.txt,0.0,binary,true,8
reut2-005.sgm-457.txt,0.0,count,false,8
reut2-005.sgm-457.txt,0.0,count,true,8
reut2-005.sgm-457.txt,0.0,gfidf,false,8
reut2-005.sgm-457.txt,0.0,gfidf,true,8
reut2-005.sgm-457.txt,0.0,idf,false,8
reut2-005.sgm-457.txt,0.0,idf,true,8
reut2-005.sgm-457.txt,0.0,logEntropy,false,8
reut2-005.sgm-457.txt,0.0,logEntropy,true,8
reut2-005.sgm-457.txt,0.0,normal,false,8
reut2-005.sgm-457.txt,0.0,normal,true,8
reut2-005.sgm-457.txt,0.0,tfidf,false,8
reut2-005.sgm-457.txt,0.0,tfidf,true,8
reut2-005.sgm-466.txt,0.0,binary,false,7
reut2-005.sgm-466.txt,0.0,binary,true,7
reut2-005.sgm-466.txt,0.0,count,false,7
reut2-005.sgm-466.txt,0.0,count,true,10
reut2-005.sgm-466.txt,0.0,gfidf,false,10
reut2-005.sgm-466.txt,0.0,gfidf,true,10
reut2-005.sgm-466.txt,0.0,idf,false,7
reut2-005.sgm-466.txt,0.0,idf,true,7
reut2-005.sgm-466.txt,0.0,logEntropy,false,7
reut2-005.sgm-466.txt,0.0,logEntropy,true,10
reut2-005.sgm-466.txt,0.0,normal,false,10
reut2-005.sgm-466.txt,0.0,normal,true,10
reut2-005.sgm-466.txt,0.0,tfidf,false,2
reut2-005.sgm-466.txt,0.0,tfidf,true,10
reut2-005.sgm-470.txt,2.7123532530899,binary,false,21
reut2-005.sgm-470.txt,2.7123532530899,binary,true,1
reut2-005.sgm-470.txt,2.7123532530899,count,false,1
reut2-005.sgm-470.txt,2.7123532530899,count,true,1
reut2-005.sgm-470.txt,2.7123532530899,gfidf,false,21
reut2-005.sgm-470.txt,2.7123532530899,gfidf,true,1
reut2-005.sgm-470.txt,2.7123532530899,idf,false,21
reut2-005.sgm-470.txt,2.7123532530899,idf,true,1
reut2-005.sgm-470.txt,2.7123532530899,logEntropy,false,1
reut2-005.sgm-470.txt,2.7123532530899,logEntropy,true,1
reut2-005.sgm-470.txt,2.7123532530899,normal,false,0
reut2-005.sgm-470.txt,2.7123532530899,normal,true,0
reut2-005.sgm-470.txt,2.7123532530899,tfidf,false,21
reut2-005.sgm-470.txt,2.7123532530899,tfidf,true,1
reut2-005.sgm-472.txt,0.0,binary,false,13
reut2-005.sgm-472.txt,0.0,binary,true,13
reut2-005.sgm-472.txt,0.0,count,false,13
reut2-005.sgm-472.txt,0.0,count,true,13
reut2-005.sgm-472.txt,0.0,gfidf,false,13
reut2-005.sgm-472.txt,0.0,gfidf,true,13
reut2-005.sgm-472.txt,0.0,idf,false,13
reut2-005.sgm-472.txt,0.0,idf,true,13
reut2-005.sgm-472.txt,0.0,logEntropy,false,13
reut2-005.sgm-472.txt,0.0,logEntropy,true,13
reut2-005.sgm-472.txt,0.0,normal,false,13
reut2-005.sgm-472.txt,0.0,normal,true,13
reut2-005.sgm-472.txt,0.0,tfidf,false,13
reut2-005.sgm-472.txt,0.0,tfidf,true,13
reut2-005.sgm-484.txt,0.0,binary,false,0
reut2-005.sgm-484.txt,0.0,binary,true,2
reut2-005.sgm-484.txt,0.0,count,false,12
reut2-005.sgm-484.txt,0.0,count,true,12
reut2-005.sgm-484.txt,0.0,gfidf,false,12
reut2-005.sgm-484.txt,0.0,gfidf,true,12
reut2-005.sgm-484.txt,0.0,idf,false,0
reut2-005.sgm-484.txt,0.0,idf,true,2
reut2-005.sgm-484.txt,0.0,logEntropy,false,12
reut2-005.sgm-484.txt,0.0,logEntropy,true,12
reut2-005.sgm-484.txt,0.0,normal,false,11
reut2-005.sgm-484.txt,0.0,normal,true,11
reut2-005.sgm-484.txt,0.0,tfidf,false,12
reut2-005.sgm-484.txt,0.0,tfidf,true,12
reut2-005.sgm-485.txt,0.0,binary,false,20
reut2-005.sgm-485.txt,0.0,binary,true,1
reut2-005.sgm-485.txt,0.0,count,false,5
reut2-005.sgm-485.txt,0.0,count,true,5
reut2-005.sgm-485.txt,0.0,gfidf,false,5
reut2-005.sgm-485.txt,0.0,gfidf,true,1
reut2-005.sgm-485.txt,0.0,idf,false,20
reut2-005.sgm-485.txt,0.0,idf,true,1
reut2-005.sgm-485.txt,0.0,logEntropy,false,5
reut2-005.sgm-485.txt,0.0,logEntropy,true,1
reut2-005.sgm-485.txt,0.0,normal,false,1
reut2-005.sgm-485.txt,0.0,normal,true,1
reut2-005.sgm-485.txt,0.0,tfidf,false,5
reut2-005.sgm-485.txt,0.0,tfidf,true,28
reut2-005.sgm-506.txt,0.0,binary,false,8
reut2-005.sgm-506.txt,0.0,binary,true,8
reut2-005.sgm-506.txt,0.0,count,false,8
reut2-005.sgm-506.txt,0.0,count,true,8
reut2-005.sgm-506.txt,0.0,gfidf,false,8
reut2-005.sgm-506.txt,0.0,gfidf,true,8
reut2-005.sgm-506.txt,0.0,idf,false,8
reut2-005.sgm-506.txt,0.0,idf,true,9
reut2-005.sgm-506.txt,0.0,logEntropy,false,8
reut2-005.sgm-506.txt,0.0,logEntropy,true,8
reut2-005.sgm-506.txt,0.0,normal,false,1
reut2-005.sgm-506.txt,0.0,normal,true,1
reut2-005.sgm-506.txt,0.0,tfidf,false,8
reut2-005.sgm-506.txt,0.0,tfidf,true,9
reut2-005.sgm-514.txt,0.0,binary,false,3
reut2-005.sgm-514.txt,0.0,binary,true,28
reut2-005.sgm-514.txt,0.0,count,false,33
reut2-005.sgm-514.txt,0.0,count,true,33
reut2-005.sgm-514.txt,0.0,gfidf,false,33
reut2-005.sgm-514.txt,0.0,gfidf,true,28
reut2-005.sgm-514.txt,0.0,idf,false,28
reut2-005.sgm-514.txt,0.0,idf,true,28
reut2-005.sgm-514.txt,0.0,logEntropy,false,33
reut2-005.sgm-514.txt,0.0,logEntropy,true,33
reut2-005.sgm-514.txt,0.0,normal,false,16
reut2-005.sgm-514.txt,0.0,normal,true,0
reut2-005.sgm-514.txt,0.0,tfidf,false,33
reut2-005.sgm-514.txt,0.0,tfidf,true,18
reut2-005.sgm-541.txt,0.0,binary,false,5
reut2-005.sgm-541.txt,0.0,binary,true,0
reut2-005.sgm-541.txt,0.0,count,false,10
reut2-005.sgm-541.txt,0.0,count,true,10
reut2-005.sgm-541.txt,0.0,gfidf,false,10
reut2-005.sgm-541.txt,0.0,gfidf,true,10
reut2-005.sgm-541.txt,0.0,idf,false,5
reut2-005.sgm-541.txt,0.0,idf,true,2
reut2-005.sgm-541.txt,0.0,logEntropy,false,5
reut2-005.sgm-541.txt,0.0,logEntropy,true,10
reut2-005.sgm-541.txt,0.0,normal,false,0
reut2-005.sgm-541.txt,0.0,normal,true,0
reut2-005.sgm-541.txt,0.0,tfidf,false,10
reut2-005.sgm-541.txt,0.0,tfidf,true,10
reut2-005.sgm-553.txt,0.0,binary,false,12
reut2-005.sgm-553.txt,0.0,binary,true,12
reut2-005.sgm-553.txt,0.0,count,false,12
reut2-005.sgm-553.txt,0.0,count,true,12
reut2-005.sgm-553.txt,0.0,gfidf,false,12
reut2-005.sgm-553.txt,0.0,gfidf,true,12
reut2-005.sgm-553.txt,0.0,idf,false,11
reut2-005.sgm-553.txt,0.0,idf,true,12
reut2-005.sgm-553.txt,0.0,logEntropy,false,12
reut2-005.sgm-553.txt,0.0,logEntropy,true,12
reut2-005.sgm-553.txt,0.0,normal,false,12
reut2-005.sgm-553.txt,0.0,normal,true,12
reut2-005.sgm-553.txt,0.0,tfidf,false,8
reut2-005.sgm-553.txt,0.0,tfidf,true,10
reut2-005.sgm-56.txt,0.0,binary,false,8
reut2-005.sgm-56.txt,0.0,binary,true,11
reut2-005.sgm-56.txt,0.0,count,false,12
reut2-005.sgm-56.txt,0.0,count,true,14
reut2-005.sgm-56.txt,0.0,gfidf,false,16
reut2-005.sgm-56.txt,0.0,gfidf,true,11
reut2-005.sgm-56.txt,0.0,idf,false,8
reut2-005.sgm-56.txt,0.0,idf,true,11
reut2-005.sgm-56.txt,0.0,logEntropy,false,12
reut2-005.sgm-56.txt,0.0,logEntropy,true,11
reut2-005.sgm-56.txt,0.0,normal,false,11
reut2-005.sgm-56.txt,0.0,normal,true,11
reut2-005.sgm-56.txt,0.0,tfidf,false,16
reut2-005.sgm-56.txt,0.0,tfidf,true,11
reut2-005.sgm-560.txt,0.0,binary,false,33
reut2-005.sgm-560.txt,0.0,binary,true,33
reut2-005.sgm-560.txt,0.0,count,false,33
reut2-005.sgm-560.txt,0.0,count,true,33
reut2-005.sgm-560.txt,0.0,gfidf,false,33
reut2-005.sgm-560.txt,0.0,gfidf,true,33
reut2-005.sgm-560.txt,0.0,idf,false,33
reut2-005.sgm-560.txt,0.0,idf,true,33
reut2-005.sgm-560.txt,0.0,logEntropy,false,33
reut2-005.sgm-560.txt,0.0,logEntropy,true,33
reut2-005.sgm-560.txt,0.0,normal,false,14
reut2-005.sgm-560.txt,0.0,normal,true,2
reut2-005.sgm-560.txt,0.0,tfidf,false,33
reut2-005.sgm-560.txt,0.0,tfidf,true,33
reut2-005.sgm-569.txt,0.0,binary,false,1
reut2-005.sgm-569.txt,0.0,binary,true,5
reut2-005.sgm-569.txt,0.0,count,false,0
reut2-005.sgm-569.txt,0.0,count,true,0
reut2-005.sgm-569.txt,0.0,gfidf,false,1
reut2-005.sgm-569.txt,0.0,gfidf,true,5
reut2-005.sgm-569.txt,0.0,idf,false,1
reut2-005.sgm-569.txt,0.0,idf,true,5
reut2-005.sgm-569.txt,0.0,logEntropy,false,1
reut2-005.sgm-569.txt,0.0,logEntropy,true,0
reut2-005.sgm-569.txt,0.0,normal,false,1
reut2-005.sgm-569.txt,0.0,normal,true,1
reut2-005.sgm-569.txt,0.0,tfidf,false,5
reut2-005.sgm-569.txt,0.0,tfidf,true,5
reut2-005.sgm-586.txt,0.0,binary,false,17
reut2-005.sgm-586.txt,0.0,binary,true,2
reut2-005.sgm-586.txt,0.0,count,false,17
reut2-005.sgm-586.txt,0.0,count,true,17
reut2-005.sgm-586.txt,0.0,gfidf,false,17
reut2-005.sgm-586.txt,0.0,gfidf,true,20
reut2-005.sgm-586.txt,0.0,idf,false,2
reut2-005.sgm-586.txt,0.0,idf,true,2
reut2-005.sgm-586.txt,0.0,logEntropy,false,17
reut2-005.sgm-586.txt,0.0,logEntropy,true,2
reut2-005.sgm-586.txt,0.0,normal,false,17
reut2-005.sgm-586.txt,0.0,normal,true,1
reut2-005.sgm-586.txt,0.0,tfidf,false,20
reut2-005.sgm-586.txt,0.0,tfidf,true,20
reut2-005.sgm-588.txt,0.0,binary,false,18
reut2-005.sgm-588.txt,0.0,binary,true,18
reut2-005.sgm-588.txt,0.0,count,false,18
reut2-005.sgm-588.txt,0.0,count,true,18
reut2-005.sgm-588.txt,0.0,gfidf,false,18
reut2-005.sgm-588.txt,0.0,gfidf,true,18
reut2-005.sgm-588.txt,0.0,idf,false,18
reut2-005.sgm-588.txt,0.0,idf,true,0
reut2-005.sgm-588.txt,0.0,logEntropy,false,18
reut2-005.sgm-588.txt,0.0,logEntropy,true,18
reut2-005.sgm-588.txt,0.0,normal,false,18
reut2-005.sgm-588.txt,0.0,normal,true,18
reut2-005.sgm-588.txt,0.0,tfidf,false,18
reut2-005.sgm-588.txt,0.0,tfidf,true,0
reut2-005.sgm-598.txt,0.0,binary,false,3
reut2-005.sgm-598.txt,0.0,binary,true,5
reut2-005.sgm-598.txt,0.0,count,false,3
reut2-005.sgm-598.txt,0.0,count,true,12
reut2-005.sgm-598.txt,0.0,gfidf,false,3
reut2-005.sgm-598.txt,0.0,gfidf,true,0
reut2-005.sgm-598.txt,0.0,idf,false,3
reut2-005.sgm-598.txt,0.0,idf,true,3
reut2-005.sgm-598.txt,0.0,logEntropy,false,3
reut2-005.sgm-598.txt,0.0,logEntropy,true,12
reut2-005.sgm-598.txt,0.0,normal,false,0
reut2-005.sgm-598.txt,0.0,normal,true,0
reut2-005.sgm-598.txt,0.0,tfidf,false,9
reut2-005.sgm-598.txt,0.0,tfidf,true,14
reut2-005.sgm-60.txt,0.0,binary,false,0
reut2-005.sgm-60.txt,0.0,binary,true,0
reut2-005.sgm-60.txt,0.0,count,false,12
reut2-005.sgm-60.txt,0.0,count,true,8
reut2-005.sgm-60.txt,0.0,gfidf,false,0
reut2-005.sgm-60.txt,0.0,gfidf,true,5
reut2-005.sgm-60.txt,0.0,idf,false,0
reut2-005.sgm-60.txt,0.0,idf,true,0
reut2-005.sgm-60.txt,0.0,logEntropy,false,12
reut2-005.sgm-60.txt,0.0,logEntropy,true,5
reut2-005.sgm-60.txt,0.0,normal,false,8
reut2-005.sgm-60.txt,0.0,normal,true,5
reut2-005.sgm-60.txt,0.0,tfidf,false,0
reut2-005.sgm-60.txt,0.0,tfidf,true,10
reut2-005.sgm-621.txt,4.5439876423907695,binary,false,0
reut2-005.sgm-621.txt,4.5439876423907695,binary,true,0
reut2-005.sgm-621.txt,4.5439876423907695,count,false,0
reut2-005.sgm-621.txt,4.5439876423907695,count,true,0
reut2-005.sgm-621.txt,4.5439876423907695,gfidf,false,0
reut2-005.sgm-621.txt,4.5439876423907695,gfidf,true,0
reut2-005.sgm-621.txt,4.5439876423907695,idf,false,0
reut2-005.sgm-621.txt,4.5439876423907695,idf,true,0
reut2-005.sgm-621.txt,4.5439876423907695,logEntropy,false,0
reut2-005.sgm-621.txt,4.5439876423907695,logEntropy,true,0
reut2-005.sgm-621.txt,4.5439876423907695,normal,false,0
reut2-005.sgm-621.txt,4.5439876423907695,normal,true,0
reut2-005.sgm-621.txt,4.5439876423907695,tfidf,false,0
reut2-005.sgm-621.txt,4.5439876423907695,tfidf,true,0
reut2-005.sgm-630.txt,0.0,binary,false,31
reut2-005.sgm-630.txt,0.0,binary,true,33
reut2-005.sgm-630.txt,0.0,count,false,31
reut2-005.sgm-630.txt,0.0,count,true,0
reut2-005.sgm-630.txt,0.0,gfidf,false,31
reut2-005.sgm-630.txt,0.0,gfidf,true,33
reut2-005.sgm-630.txt,0.0,idf,false,3
reut2-005.sgm-630.txt,0.0,idf,true,24
reut2-005.sgm-630.txt,0.0,logEntropy,false,31
reut2-005.sgm-630.txt,0.0,logEntropy,true,0
reut2-005.sgm-630.txt,0.0,normal,false,31
reut2-005.sgm-630.txt,0.0,normal,true,0
reut2-005.sgm-630.txt,0.0,tfidf,false,31
reut2-005.sgm-630.txt,0.0,tfidf,true,24
reut2-005.sgm-642.txt,0.0,binary,false,6
reut2-005.sgm-642.txt,0.0,binary,true,6
reut2-005.sgm-642.txt,0.0,count,false,6
reut2-005.sgm-642.txt,0.0,count,true,6
reut2-005.sgm-642.txt,0.0,gfidf,false,6
reut2-005.sgm-642.txt,0.0,gfidf,true,6
reut2-005.sgm-642.txt,0.0,idf,false,6
reut2-005.sgm-642.txt,0.0,idf,true,6
reut2-005.sgm-642.txt,0.0,logEntropy,false,6
reut2-005.sgm-642.txt,0.0,logEntropy,true,6
reut2-005.sgm-642.txt,0.0,normal,false,6
reut2-005.sgm-642.txt,0.0,normal,true,6
reut2-005.sgm-642.txt,0.0,tfidf,false,6
reut2-005.sgm-642.txt,0.0,tfidf,true,6
reut2-005.sgm-689.txt,0.0,binary,false,22
reut2-005.sgm-689.txt,0.0,binary,true,22
reut2-005.sgm-689.txt,0.0,count,false,22
reut2-005.sgm-689.txt,0.0,count,true,22
reut2-005.sgm-689.txt,0.0,gfidf,false,22
reut2-005.sgm-689.txt,0.0,gfidf,true,22
reut2-005.sgm-689.txt,0.0,idf,false,22
reut2-005.sgm-689.txt,0.0,idf,true,22
reut2-005.sgm-689.txt,0.0,logEntropy,false,22
reut2-005.sgm-689.txt,0.0,logEntropy,true,22
reut2-005.sgm-689.txt,0.0,normal,false,12
reut2-005.sgm-689.txt,0.0,normal,true,11
reut2-005.sgm-689.txt,0.0,tfidf,false,22
reut2-005.sgm-689.txt,0.0,tfidf,true,22
reut2-005.sgm-69.txt,0.0,binary,false,23
reut2-005.sgm-69.txt,0.0,binary,true,23
reut2-005.sgm-69.txt,0.0,count,false,23
reut2-005.sgm-69.txt,0.0,count,true,23
reut2-005.sgm-69.txt,0.0,gfidf,false,23
reut2-005.sgm-69.txt,0.0,gfidf,true,23
reut2-005.sgm-69.txt,0.0,idf,false,23
reut2-005.sgm-69.txt,0.0,idf,true,25
reut2-005.sgm-69.txt,0.0,logEntropy,false,23
reut2-005.sgm-69.txt,0.0,logEntropy,true,23
reut2-005.sgm-69.txt,0.0,normal,false,23
reut2-005.sgm-69.txt,0.0,normal,true,23
reut2-005.sgm-69.txt,0.0,tfidf,false,50
reut2-005.sgm-69.txt,0.0,tfidf,true,25
reut2-005.sgm-701.txt,3.2813414240305514,binary,false,0
reut2-005.sgm-701.txt,3.2813414240305514,binary,true,0
reut2-005.sgm-701.txt,3.2813414240305514,count,false,0
reut2-005.sgm-701.txt,3.2813414240305514,count,true,0
reut2-005.sgm-701.txt,3.2813414240305514,gfidf,false,0
reut2-005.sgm-701.txt,3.2813414240305514,gfidf,true,4
reut2-005.sgm-701.txt,3.2813414240305514,idf,false,0
reut2-005.sgm-701.txt,3.2813414240305514,idf,true,0
reut2-005.sgm-701.txt,3.2813414240305514,logEntropy,false,0
reut2-005.sgm-701.txt,3.2813414240305514,logEntropy,true,0
reut2-005.sgm-701.txt,3.2813414240305514,normal,false,0
reut2-005.sgm-701.txt,3.2813414240305514,normal,true,0
reut2-005.sgm-701.txt,3.2813414240305514,tfidf,false,4
reut2-005.sgm-701.txt,3.2813414240305514,tfidf,true,4
reut2-005.sgm-709.txt,0.0,binary,false,8
reut2-005.sgm-709.txt,0.0,binary,true,8
reut2-005.sgm-709.txt,0.0,count,false,8
reut2-005.sgm-709.txt,0.0,count,true,11
reut2-005.sgm-709.txt,0.0,gfidf,false,8
reut2-005.sgm-709.txt,0.0,gfidf,true,8
reut2-005.sgm-709.txt,0.0,idf,false,8
reut2-005.sgm-709.txt,0.0,idf,true,8
reut2-005.sgm-709.txt,0.0,logEntropy,false,8
reut2-005.sgm-709.txt,0.0,logEntropy,true,8
reut2-005.sgm-709.txt,0.0,normal,false,8
reut2-005.sgm-709.txt,0.0,normal,true,11
reut2-005.sgm-709.txt,0.0,tfidf,false,8
reut2-005.sgm-709.txt,0.0,tfidf,true,8
reut2-005.sgm-710.txt,0.0,binary,false,8
reut2-005.sgm-710.txt,0.0,binary,true,8
reut2-005.sgm-710.txt,0.0,count,false,4
reut2-005.sgm-710.txt,0.0,count,true,11
reut2-005.sgm-710.txt,0.0,gfidf,false,11
reut2-005.sgm-710.txt,0.0,gfidf,true,11
reut2-005.sgm-710.txt,0.0,idf,false,4
reut2-005.sgm-710.txt,0.0,idf,true,8
reut2-005.sgm-710.txt,0.0,logEntropy,false,4
reut2-005.sgm-710.txt,0.0,logEntropy,true,3
reut2-005.sgm-710.txt,0.0,normal,false,3
reut2-005.sgm-710.txt,0.0,normal,true,3
reut2-005.sgm-710.txt,0.0,tfidf,false,11
reut2-005.sgm-710.txt,0.0,tfidf,true,11
reut2-005.sgm-751.txt,0.0,binary,false,1
reut2-005.sgm-751.txt,0.0,binary,true,1
reut2-005.sgm-751.txt,0.0,count,false,0
reut2-005.sgm-751.txt,0.0,count,true,0
reut2-005.sgm-751.txt,0.0,gfidf,false,1
reut2-005.sgm-751.txt,0.0,gfidf,true,1
reut2-005.sgm-751.txt,0.0,idf,false,8
reut2-005.sgm-751.txt,0.0,idf,true,8
reut2-005.sgm-751.txt,0.0,logEntropy,false,0
reut2-005.sgm-751.txt,0.0,logEntropy,true,0
reut2-005.sgm-751.txt,0.0,normal,false,1
reut2-005.sgm-751.txt,0.0,normal,true,1
reut2-005.sgm-751.txt,0.0,tfidf,false,8
reut2-005.sgm-751.txt,0.0,tfidf,true,8
reut2-005.sgm-758.txt,0.0,binary,false,5
reut2-005.sgm-758.txt,0.0,binary,true,5
reut2-005.sgm-758.txt,0.0,count,false,21
reut2-005.sgm-758.txt,0.0,count,true,21
reut2-005.sgm-758.txt,0.0,gfidf,false,5
reut2-005.sgm-758.txt,0.0,gfidf,true,5
reut2-005.sgm-758.txt,0.0,idf,false,21
reut2-005.sgm-758.txt,0.0,idf,true,21
reut2-005.sgm-758.txt,0.0,logEntropy,false,21
reut2-005.sgm-758.txt,0.0,logEntropy,true,21
reut2-005.sgm-758.txt,0.0,normal,false,5
reut2-005.sgm-758.txt,0.0,normal,true,5
reut2-005.sgm-758.txt,0.0,tfidf,false,21
reut2-005.sgm-758.txt,0.0,tfidf,true,21
reut2-005.sgm-760.txt,0.0,binary,false,14
reut2-005.sgm-760.txt,0.0,binary,true,14
reut2-005.sgm-760.txt,0.0,count,false,8
reut2-005.sgm-760.txt,0.0,count,true,14
reut2-005.sgm-760.txt,0.0,gfidf,false,3
reut2-005.sgm-760.txt,0.0,gfidf,true,14
reut2-005.sgm-760.txt,0.0,idf,false,9
reut2-005.sgm-760.txt,0.0,idf,true,14
reut2-005.sgm-760.txt,0.0,logEntropy,false,14
reut2-005.sgm-760.txt,0.0,logEntropy,true,14
reut2-005.sgm-760.txt,0.0,normal,false,3
reut2-005.sgm-760.txt,0.0,normal,true,14
reut2-005.sgm-760.txt,0.0,tfidf,false,9
reut2-005.sgm-760.txt,0.0,tfidf,true,0
reut2-005.sgm-764.txt,0.0,binary,false,12
reut2-005.sgm-764.txt,0.0,binary,true,12
reut2-005.sgm-764.txt,0.0,count,false,4
reut2-005.sgm-764.txt,0.0,count,true,4
reut2-005.sgm-764.txt,0.0,gfidf,false,4
reut2-005.sgm-764.txt,0.0,gfidf,true,12
reut2-005.sgm-764.txt,0.0,idf,false,5
reut2-005.sgm-764.txt,0.0,idf,true,12
reut2-005.sgm-764.txt,0.0,logEntropy,false,4
reut2-005.sgm-764.txt,0.0,logEntropy,true,4
reut2-005.sgm-764.txt,0.0,normal,false,11
reut2-005.sgm-764.txt,0.0,normal,true,11
reut2-005.sgm-764.txt,0.0,tfidf,false,5
reut2-005.sgm-764.txt,0.0,tfidf,true,5
reut2-005.sgm-768.txt,0.0,binary,false,10
reut2-005.sgm-768.txt,0.0,binary,true,10
reut2-005.sgm-768.txt,0.0,count,false,8
reut2-005.sgm-768.txt,0.0,count,true,8
reut2-005.sgm-768.txt,0.0,gfidf,false,6
reut2-005.sgm-768.txt,0.0,gfidf,true,6
reut2-005.sgm-768.txt,0.0,idf,false,13
reut2-005.sgm-768.txt,0.0,idf,true,10
reut2-005.sgm-768.txt,0.0,logEntropy,false,8
reut2-005.sgm-768.txt,0.0,logEntropy,true,8
reut2-005.sgm-768.txt,0.0,normal,false,6
reut2-005.sgm-768.txt,0.0,normal,true,6
reut2-005.sgm-768.txt,0.0,tfidf,false,13
reut2-005.sgm-768.txt,0.0,tfidf,true,6
reut2-005.sgm-770.txt,0.0,binary,false,3
reut2-005.sgm-770.txt,0.0,binary,true,3
reut2-005.sgm-770.txt,0.0,count,false,3
reut2-005.sgm-770.txt,0.0,count,true,3
reut2-005.sgm-770.txt,0.0,gfidf,false,3
reut2-005.sgm-770.txt,0.0,gfidf,true,3
reut2-005.sgm-770.txt,0.0,idf,false,3
reut2-005.sgm-770.txt,0.0,idf,true,3
reut2-005.sgm-770.txt,0.0,logEntropy,false,3
reut2-005.sgm-770.txt,0.0,logEntropy,true,3
reut2-005.sgm-770.txt,0.0,normal,false,3
reut2-005.sgm-770.txt,0.0,normal,true,3
reut2-005.sgm-770.txt,0.0,tfidf,false,4
reut2-005.sgm-770.txt,0.0,tfidf,true,4
reut2-005.sgm-777.txt,0.0,binary,false,26
reut2-005.sgm-777.txt,0.0,binary,true,17
reut2-005.sgm-777.txt,0.0,count,false,26
reut2-005.sgm-777.txt,0.0,count,true,23
reut2-005.sgm-777.txt,0.0,gfidf,false,26
reut2-005.sgm-777.txt,0.0,gfidf,true,17
reut2-005.sgm-777.txt,0.0,idf,false,26
reut2-005.sgm-777.txt,0.0,idf,true,17
reut2-005.sgm-777.txt,0.0,logEntropy,false,26
reut2-005.sgm-777.txt,0.0,logEntropy,true,26
reut2-005.sgm-777.txt,0.0,normal,false,26
reut2-005.sgm-777.txt,0.0,normal,true,0
reut2-005.sgm-777.txt,0.0,tfidf,false,26
reut2-005.sgm-777.txt,0.0,tfidf,true,17
reut2-005.sgm-778.txt,4.0,binary,false,0
reut2-005.sgm-778.txt,4.0,binary,true,0
reut2-005.sgm-778.txt,4.0,count,false,0
reut2-005.sgm-778.txt,4.0,count,true,0
reut2-005.sgm-778.txt,4.0,gfidf,false,0
reut2-005.sgm-778.txt,4.0,gfidf,true,0
reut2-005.sgm-778.txt,4.0,idf,false,0
reut2-005.sgm-778.txt,4.0,idf,true,0
reut2-005.sgm-778.txt,4.0,logEntropy,false,0
reut2-005.sgm-778.txt,4.0,logEntropy,true,0
reut2-005.sgm-778.txt,4.0,normal,false,0
reut2-005.sgm-778.txt,4.0,normal,true,0
reut2-005.sgm-778.txt,4.0,tfidf,false,0
reut2-005.sgm-778.txt,4.0,tfidf,true,0
reut2-005.sgm-785.txt,0.0,binary,false,22
reut2-005.sgm-785.txt,0.0,binary,true,23
reut2-005.sgm-785.txt,0.0,count,false,22
reut2-005.sgm-785.txt,0.0,count,true,0
reut2-005.sgm-785.txt,0.0,gfidf,false,22
reut2-005.sgm-785.txt,0.0,gfidf,true,23
reut2-005.sgm-785.txt,0.0,idf,false,22
reut2-005.sgm-785.txt,0.0,idf,true,23
reut2-005.sgm-785.txt,0.0,logEntropy,false,22
reut2-005.sgm-785.txt,0.0,logEntropy,true,23
reut2-005.sgm-785.txt,0.0,normal,false,1
reut2-005.sgm-785.txt,0.0,normal,true,1
reut2-005.sgm-785.txt,0.0,tfidf,false,21
reut2-005.sgm-785.txt,0.0,tfidf,true,23
reut2-005.sgm-786.txt,0.0,binary,false,23
reut2-005.sgm-786.txt,0.0,binary,true,28
reut2-005.sgm-786.txt,0.0,count,false,17
reut2-005.sgm-786.txt,0.0,count,true,17
reut2-005.sgm-786.txt,0.0,gfidf,false,24
reut2-005.sgm-786.txt,0.0,gfidf,true,28
reut2-005.sgm-786.txt,0.0,idf,false,14
reut2-005.sgm-786.txt,0.0,idf,true,23
reut2-005.sgm-786.txt,0.0,logEntropy,false,23
reut2-005.sgm-786.txt,0.0,logEntropy,true,17
reut2-005.sgm-786.txt,0.0,normal,false,12
reut2-005.sgm-786.txt,0.0,normal,true,12
reut2-005.sgm-786.txt,0.0,tfidf,false,24
reut2-005.sgm-786.txt,0.0,tfidf,true,23
reut2-005.sgm-792.txt,0.0,binary,false,9
reut2-005.sgm-792.txt,0.0,binary,true,5
reut2-005.sgm-792.txt,0.0,count,false,9
reut2-005.sgm-792.txt,0.0,count,true,9
reut2-005.sgm-792.txt,0.0,gfidf,false,9
reut2-005.sgm-792.txt,0.0,gfidf,true,9
reut2-005.sgm-792.txt,0.0,idf,false,9
reut2-005.sgm-792.txt,0.0,idf,true,9
reut2-005.sgm-792.txt,0.0,logEntropy,false,9
reut2-005.sgm-792.txt,0.0,logEntropy,true,9
reut2-005.sgm-792.txt,0.0,normal,false,0
reut2-005.sgm-792.txt,0.0,normal,true,0
reut2-005.sgm-792.txt,0.0,tfidf,false,9
reut2-005.sgm-792.txt,0.0,tfidf,true,9
reut2-005.sgm-799.txt,0.0,binary,false,8
reut2-005.sgm-799.txt,0.0,binary,true,8
reut2-005.sgm-799.txt,0.0,count,false,11
reut2-005.sgm-799.txt,0.0,count,true,8
reut2-005.sgm-799.txt,0.0,gfidf,false,8
reut2-005.sgm-799.txt,0.0,gfidf,true,8
reut2-005.sgm-799.txt,0.0,idf,false,20
reut2-005.sgm-799.txt,0.0,idf,true,20
reut2-005.sgm-799.txt,0.0,logEntropy,false,11
reut2-005.sgm-799.txt,0.0,logEntropy,true,8
reut2-005.sgm-799.txt,0.0,normal,false,0
reut2-005.sgm-799.txt,0.0,normal,true,0
reut2-005.sgm-799.txt,0.0,tfidf,false,20
reut2-005.sgm-799.txt,0.0,tfidf,true,20
reut2-005.sgm-804.txt,0.0,binary,false,0
reut2-005.sgm-804.txt,0.0,binary,true,0
reut2-005.sgm-804.txt,0.0,count,false,11
reut2-005.sgm-804.txt,0.0,count,true,14
reut2-005.sgm-804.txt,0.0,gfidf,false,0
reut2-005.sgm-804.txt,0.0,gfidf,true,0
reut2-005.sgm-804.txt,0.0,idf,false,0
reut2-005.sgm-804.txt,0.0,idf,true,0
reut2-005.sgm-804.txt,0.0,logEntropy,false,0
reut2-005.sgm-804.txt,0.0,logEntropy,true,14
reut2-005.sgm-804.txt,0.0,normal,false,8
reut2-005.sgm-804.txt,0.0,normal,true,14
reut2-005.sgm-804.txt,0.0,tfidf,false,0
reut2-005.sgm-804.txt,0.0,tfidf,true,0
reut2-005.sgm-807.txt,0.0,binary,false,11
reut2-005.sgm-807.txt,0.0,binary,true,11
reut2-005.sgm-807.txt,0.0,count,false,11
reut2-005.sgm-807.txt,0.0,count,true,11
reut2-005.sgm-807.txt,0.0,gfidf,false,11
reut2-005.sgm-807.txt,0.0,gfidf,true,11
reut2-005.sgm-807.txt,0.0,idf,false,11
reut2-005.sgm-807.txt,0.0,idf,true,17
reut2-005.sgm-807.txt,0.0,logEntropy,false,11
reut2-005.sgm-807.txt,0.0,logEntropy,true,11
reut2-005.sgm-807.txt,0.0,normal,false,11
reut2-005.sgm-807.txt,0.0,normal,true,11
reut2-005.sgm-807.txt,0.0,tfidf,false,43
reut2-005.sgm-807.txt,0.0,tfidf,true,43
reut2-005.sgm-816.txt,0.0,binary,false,14
reut2-005.sgm-816.txt,0.0,binary,true,14
reut2-005.sgm-816.txt,0.0,count,false,5
reut2-005.sgm-816.txt,0.0,count,true,5
reut2-005.sgm-816.txt,0.0,gfidf,false,0
reut2-005.sgm-816.txt,0.0,gfidf,true,13
reut2-005.sgm-816.txt,0.0,idf,false,14
reut2-005.sgm-816.txt,0.0,idf,true,14
reut2-005.sgm-816.txt,0.0,logEntropy,false,5
reut2-005.sgm-816.txt,0.0,logEntropy,true,5
reut2-005.sgm-816.txt,0.0,normal,false,0
reut2-005.sgm-816.txt,0.0,normal,true,13
reut2-005.sgm-816.txt,0.0,tfidf,false,14
reut2-005.sgm-816.txt,0.0,tfidf,true,14
reut2-005.sgm-826.txt,0.0,binary,false,5
reut2-005.sgm-826.txt,0.0,binary,true,5
reut2-005.sgm-826.txt,0.0,count,false,11
reut2-005.sgm-826.txt,0.0,count,true,5
reut2-005.sgm-826.txt,0.0,gfidf,false,5
reut2-005.sgm-826.txt,0.0,gfidf,true,5
reut2-005.sgm-826.txt,0.0,idf,false,5
reut2-005.sgm-826.txt,0.0,idf,true,5
reut2-005.sgm-826.txt,0.0,logEntropy,false,11
reut2-005.sgm-826.txt,0.0,logEntropy,true,5
reut2-005.sgm-826.txt,0.0,normal,false,5
reut2-005.sgm-826.txt,0.0,normal,true,5
reut2-005.sgm-826.txt,0.0,tfidf,false,6
reut2-005.sgm-826.txt,0.0,tfidf,true,5
reut2-005.sgm-845.txt,0.0,binary,false,0
reut2-005.sgm-845.txt,0.0,binary,true,17
reut2-005.sgm-845.txt,0.0,count,false,19
reut2-005.sgm-845.txt,0.0,count,true,17
reut2-005.sgm-845.txt,0.0,gfidf,false,17
reut2-005.sgm-845.txt,0.0,gfidf,true,17
reut2-005.sgm-845.txt,0.0,idf,false,17
reut2-005.sgm-845.txt,0.0,idf,true,17
reut2-005.sgm-845.txt,0.0,logEntropy,false,0
reut2-005.sgm-845.txt,0.0,logEntropy,true,0
reut2-005.sgm-845.txt,0.0,normal,false,13
reut2-005.sgm-845.txt,0.0,normal,true,13
reut2-005.sgm-845.txt,0.0,tfidf,false,17
reut2-005.sgm-845.txt,0.0,tfidf,true,17
reut2-005.sgm-847.txt,0.0,binary,false,11
reut2-005.sgm-847.txt,0.0,binary,true,0
reut2-005.sgm-847.txt,0.0,count,false,4
reut2-005.sgm-847.txt,0.0,count,true,4
reut2-005.sgm-847.txt,0.0,gfidf,false,4
reut2-005.sgm-847.txt,0.0,gfidf,true,4
reut2-005.sgm-847.txt,0.0,idf,false,11
reut2-005.sgm-847.txt,0.0,idf,true,0
reut2-005.sgm-847.txt,0.0,logEntropy,false,4
reut2-005.sgm-847.txt,0.0,logEntropy,true,4
reut2-005.sgm-847.txt,0.0,normal,false,4
reut2-005.sgm-847.txt,0.0,normal,true,4
reut2-005.sgm-847.txt,0.0,tfidf,false,11
reut2-005.sgm-847.txt,0.0,tfidf,true,0
reut2-005.sgm-849.txt,0.0,binary,false,15
reut2-005.sgm-849.txt,0.0,binary,true,4
reut2-005.sgm-849.txt,0.0,count,false,15
reut2-005.sgm-849.txt,0.0,count,true,12
reut2-005.sgm-849.txt,0.0,gfidf,false,15
reut2-005.sgm-849.txt,0.0,gfidf,true,12
reut2-005.sgm-849.txt,0.0,idf,false,15
reut2-005.sgm-849.txt,0.0,idf,true,4
reut2-005.sgm-849.txt,0.0,logEntropy,false,15
reut2-005.sgm-849.txt,0.0,logEntropy,true,12
reut2-005.sgm-849.txt,0.0,normal,false,15
reut2-005.sgm-849.txt,0.0,normal,true,12
reut2-005.sgm-849.txt,0.0,tfidf,false,15
reut2-005.sgm-849.txt,0.0,tfidf,true,4
reut2-005.sgm-850.txt,0.0,binary,false,18
reut2-005.sgm-850.txt,0.0,binary,true,0
reut2-005.sgm-850.txt,0.0,count,false,1
reut2-005.sgm-850.txt,0.0,count,true,1
reut2-005.sgm-850.txt,0.0,gfidf,false,1
reut2-005.sgm-850.txt,0.0,gfidf,true,1
reut2-005.sgm-850.txt,0.0,idf,false,18
reut2-005.sgm-850.txt,0.0,idf,true,0
reut2-005.sgm-850.txt,0.0,logEntropy,false,18
reut2-005.sgm-850.txt,0.0,logEntropy,true,1
reut2-005.sgm-850.txt,0.0,normal,false,12
reut2-005.sgm-850.txt,0.0,normal,true,12
reut2-005.sgm-850.txt,0.0,tfidf,false,1
reut2-005.sgm-850.txt,0.0,tfidf,true,1
reut2-005.sgm-857.txt,0.0,binary,false,26
reut2-005.sgm-857.txt,0.0,binary,true,17
reut2-005.sgm-857.txt,0.0,count,false,26
reut2-005.sgm-857.txt,0.0,count,true,23
reut2-005.sgm-857.txt,0.0,gfidf,false,26
reut2-005.sgm-857.txt,0.0,gfidf,true,17
reut2-005.sgm-857.txt,0.0,idf,false,26
reut2-005.sgm-857.txt,0.0,idf,true,17
reut2-005.sgm-857.txt,0.0,logEntropy,false,26
reut2-005.sgm-857.txt,0.0,logEntropy,true,26
reut2-005.sgm-857.txt,0.0,normal,false,26
reut2-005.sgm-857.txt,0.0,normal,true,0
reut2-005.sgm-857.txt,0.0,tfidf,false,26
reut2-005.sgm-857.txt,0.0,tfidf,true,17
reut2-005.sgm-859.txt,1.9593219335154728,binary,false,1
reut2-005.sgm-859.txt,1.9593219335154728,binary,true,1
reut2-005.sgm-859.txt,1.9593219335154728,count,false,3
reut2-005.sgm-859.txt,1.9593219335154728,count,true,5
reut2-005.sgm-859.txt,1.9593219335154728,gfidf,false,1
reut2-005.sgm-859.txt,1.9593219335154728,gfidf,true,1
reut2-005.sgm-859.txt,1.9593219335154728,idf,false,1
reut2-005.sgm-859.txt,1.9593219335154728,idf,true,15
reut2-005.sgm-859.txt,1.9593219335154728,logEntropy,false,3
reut2-005.sgm-859.txt,1.9593219335154728,logEntropy,true,1
reut2-005.sgm-859.txt,1.9593219335154728,normal,false,13
reut2-005.sgm-859.txt,1.9593219335154728,normal,true,0
reut2-005.sgm-859.txt,1.9593219335154728,tfidf,false,15
reut2-005.sgm-859.txt,1.9593219335154728,tfidf,true,15
reut2-005.sgm-86.txt,0.0,binary,false,3
reut2-005.sgm-86.txt,0.0,binary,true,3
reut2-005.sgm-86.txt,0.0,count,false,3
reut2-005.sgm-86.txt,0.0,count,true,3
reut2-005.sgm-86.txt,0.0,gfidf,false,3
reut2-005.sgm-86.txt,0.0,gfidf,true,3
reut2-005.sgm-86.txt,0.0,idf,false,3
reut2-005.sgm-86.txt,0.0,idf,true,3
reut2-005.sgm-86.txt,0.0,logEntropy,false,3
reut2-005.sgm-86.txt,0.0,logEntropy,true,3
reut2-005.sgm-86.txt,0.0,normal,false,3
reut2-005.sgm-86.txt,0.0,normal,true,3
reut2-005.sgm-86.txt,0.0,tfidf,false,3
reut2-005.sgm-86.txt,0.0,tfidf,true,3
reut2-005.sgm-863.txt,0.0,binary,false,3
reut2-005.sgm-863.txt,0.0,binary,true,3
reut2-005.sgm-863.txt,0.0,count,false,3
reut2-005.sgm-863.txt,0.0,count,true,3
reut2-005.sgm-863.txt,0.0,gfidf,false,3
reut2-005.sgm-863.txt,0.0,gfidf,true,3
reut2-005.sgm-863.txt,0.0,idf,false,3
reut2-005.sgm-863.txt,0.0,idf,true,3
reut2-005.sgm-863.txt,0.0,logEntropy,false,3
reut2-005.sgm-863.txt,0.0,logEntropy,true,3
reut2-005.sgm-863.txt,0.0,normal,false,3
reut2-005.sgm-863.txt,0.0,normal,true,3
reut2-005.sgm-863.txt,0.0,tfidf,false,4
reut2-005.sgm-863.txt,0.0,tfidf,true,4
reut2-005.sgm-868.txt,0.0,binary,false,9
reut2-005.sgm-868.txt,0.0,binary,true,9
reut2-005.sgm-868.txt,0.0,count,false,9
reut2-005.sgm-868.txt,0.0,count,true,9
reut2-005.sgm-868.txt,0.0,gfidf,false,9
reut2-005.sgm-868.txt,0.0,gfidf,true,9
reut2-005.sgm-868.txt,0.0,idf,false,7
reut2-005.sgm-868.txt,0.0,idf,true,9
reut2-005.sgm-868.txt,0.0,logEntropy,false,9
reut2-005.sgm-868.txt,0.0,logEntropy,true,9
reut2-005.sgm-868.txt,0.0,normal,false,9
reut2-005.sgm-868.txt,0.0,normal,true,9
reut2-005.sgm-868.txt,0.0,tfidf,false,9
reut2-005.sgm-868.txt,0.0,tfidf,true,9
reut2-005.sgm-878.txt,0.0,binary,false,8
reut2-005.sgm-878.txt,0.0,binary,true,8
reut2-005.sgm-878.txt,0.0,count,false,8
reut2-005.sgm-878.txt,0.0,count,true,8
reut2-005.sgm-878.txt,0.0,gfidf,false,8
reut2-005.sgm-878.txt,0.0,gfidf,true,8
reut2-005.sgm-878.txt,0.0,idf,false,8
reut2-005.sgm-878.txt,0.0,idf,true,8
reut2-005.sgm-878.txt,0.0,logEntropy,false,8
reut2-005.sgm-878.txt,0.0,logEntropy,true,8
reut2-005.sgm-878.txt,0.0,normal,false,1
reut2-005.sgm-878.txt,0.0,normal,true,16
reut2-005.sgm-878.txt,0.0,tfidf,false,8
reut2-005.sgm-878.txt,0.0,tfidf,true,8
reut2-005.sgm-884.txt,0.0,binary,false,11
reut2-005.sgm-884.txt,0.0,binary,true,1
reut2-005.sgm-884.txt,0.0,count,false,8
reut2-005.sgm-884.txt,0.0,count,true,8
reut2-005.sgm-884.txt,0.0,gfidf,false,8
reut2-005.sgm-884.txt,0.0,gfidf,true,8
reut2-005.sgm-884.txt,0.0,idf,false,11
reut2-005.sgm-884.txt,0.0,idf,true,1
reut2-005.sgm-884.txt,0.0,logEntropy,false,8
reut2-005.sgm-884.txt,0.0,logEntropy,true,8
reut2-005.sgm-884.txt,0.0,normal,false,2
reut2-005.sgm-884.txt,0.0,normal,true,2
reut2-005.sgm-884.txt,0.0,tfidf,false,8
reut2-005.sgm-884.txt,0.0,tfidf,true,8
reut2-005.sgm-887.txt,0.0,binary,false,14
reut2-005.sgm-887.txt,0.0,binary,true,14
reut2-005.sgm-887.txt,0.0,count,false,26
reut2-005.sgm-887.txt,0.0,count,true,14
reut2-005.sgm-887.txt,0.0,gfidf,false,14
reut2-005.sgm-887.txt,0.0,gfidf,true,14
reut2-005.sgm-887.txt,0.0,idf,false,14
reut2-005.sgm-887.txt,0.0,idf,true,14
reut2-005.sgm-887.txt,0.0,logEntropy,false,14
reut2-005.sgm-887.txt,0.0,logEntropy,true,14
reut2-005.sgm-887.txt,0.0,normal,false,20
reut2-005.sgm-887.txt,0.0,normal,true,20
reut2-005.sgm-887.txt,0.0,tfidf,false,14
reut2-005.sgm-887.txt,0.0,tfidf,true,14
reut2-005.sgm-890.txt,0.0,binary,false,4
reut2-005.sgm-890.txt,0.0,binary,true,4
reut2-005.sgm-890.txt,0.0,count,false,29
reut2-005.sgm-890.txt,0.0,count,true,4
reut2-005.sgm-890.txt,0.0,gfidf,false,4
reut2-005.sgm-890.txt,0.0,gfidf,true,4
reut2-005.sgm-890.txt,0.0,idf,false,7
reut2-005.sgm-890.txt,0.0,idf,true,4
reut2-005.sgm-890.txt,0.0,logEntropy,false,2
reut2-005.sgm-890.txt,0.0,logEntropy,true,4
reut2-005.sgm-890.txt,0.0,normal,false,4
reut2-005.sgm-890.txt,0.0,normal,true,4
reut2-005.sgm-890.txt,0.0,tfidf,false,31
reut2-005.sgm-890.txt,0.0,tfidf,true,7
reut2-005.sgm-894.txt,1.640670712015276,binary,false,22
reut2-005.sgm-894.txt,1.640670712015276,binary,true,22
reut2-005.sgm-894.txt,1.640670712015276,count,false,0
reut2-005.sgm-894.txt,1.640670712015276,count,true,0
reut2-005.sgm-894.txt,1.640670712015276,gfidf,false,21
reut2-005.sgm-894.txt,1.640670712015276,gfidf,true,22
reut2-005.sgm-894.txt,1.640670712015276,idf,false,21
reut2-005.sgm-894.txt,1.640670712015276,idf,true,22
reut2-005.sgm-894.txt,1.640670712015276,logEntropy,false,22
reut2-005.sgm-894.txt,1.640670712015276,logEntropy,true,22
reut2-005.sgm-894.txt,1.640670712015276,normal,false,1
reut2-005.sgm-894.txt,1.640670712015276,normal,true,1
reut2-005.sgm-894.txt,1.640670712015276,tfidf,false,21
reut2-005.sgm-894.txt,1.640670712015276,tfidf,true,22
reut2-005.sgm-895.txt,0.0,binary,false,7
reut2-005.sgm-895.txt,0.0,binary,true,7
reut2-005.sgm-895.txt,0.0,count,false,10
reut2-005.sgm-895.txt,0.0,count,true,7
reut2-005.sgm-895.txt,0.0,gfidf,false,10
reut2-005.sgm-895.txt,0.0,gfidf,true,7
reut2-005.sgm-895.txt,0.0,idf,false,3
reut2-005.sgm-895.txt,0.0,idf,true,7
reut2-005.sgm-895.txt,0.0,logEntropy,false,10
reut2-005.sgm-895.txt,0.0,logEntropy,true,7
reut2-005.sgm-895.txt,0.0,normal,false,7
reut2-005.sgm-895.txt,0.0,normal,true,7
reut2-005.sgm-895.txt,0.0,tfidf,false,10
reut2-005.sgm-895.txt,0.0,tfidf,true,7
reut2-005.sgm-940.txt,0.0,binary,false,1
reut2-005.sgm-940.txt,0.0,binary,true,1
reut2-005.sgm-940.txt,0.0,count,false,1
reut2-005.sgm-940.txt,0.0,count,true,1
reut2-005.sgm-940.txt,0.0,gfidf,false,1
reut2-005.sgm-940.txt,0.0,gfidf,true,1
reut2-005.sgm-940.txt,0.0,idf,false,15
reut2-005.sgm-940.txt,0.0,idf,true,15
reut2-005.sgm-940.txt,0.0,logEntropy,false,1
reut2-005.sgm-940.txt,0.0,logEntropy,true,1
reut2-005.sgm-940.txt,0.0,normal,false,1
reut2-005.sgm-940.txt,0.0,normal,true,1
reut2-005.sgm-940.txt,0.0,tfidf,false,15
reut2-005.sgm-940.txt,0.0,tfidf,true,29
reut2-005.sgm-942.txt,0.0,binary,false,8
reut2-005.sgm-942.txt,0.0,binary,true,0
reut2-005.sgm-942.txt,0.0,count,false,8
reut2-005.sgm-942.txt,0.0,count,true,8
reut2-005.sgm-942.txt,0.0,gfidf,false,0
reut2-005.sgm-942.txt,0.0,gfidf,true,0
reut2-005.sgm-942.txt,0.0,idf,false,3
reut2-005.sgm-942.txt,0.0,idf,true,3
reut2-005.sgm-942.txt,0.0,logEntropy,false,8
reut2-005.sgm-942.txt,0.0,logEntropy,true,0
reut2-005.sgm-942.txt,0.0,normal,false,0
reut2-005.sgm-942.txt,0.0,normal,true,0
reut2-005.sgm-942.txt,0.0,tfidf,false,3
reut2-005.sgm-942.txt,0.0,tfidf,true,3
reut2-005.sgm-943.txt,2.449489742783178,binary,false,1
reut2-005.sgm-943.txt,2.449489742783178,binary,true,1
reut2-005.sgm-943.txt,2.449489742783178,count,false,1
reut2-005.sgm-943.txt,2.449489742783178,count,true,5
reut2-005.sgm-943.txt,2.449489742783178,gfidf,false,1
reut2-005.sgm-943.txt,2.449489742783178,gfidf,true,1
reut2-005.sgm-943.txt,2.449489742783178,idf,false,10
reut2-005.sgm-943.txt,2.449489742783178,idf,true,1
reut2-005.sgm-943.txt,2.449489742783178,logEntropy,false,1
reut2-005.sgm-943.txt,2.449489742783178,logEntropy,true,1
reut2-005.sgm-943.txt,2.449489742783178,normal,false,1
reut2-005.sgm-943.txt,2.449489742783178,normal,true,1
reut2-005.sgm-943.txt,2.449489742783178,tfidf,false,10
reut2-005.sgm-943.txt,2.449489742783178,tfidf,true,10
reut2-005.sgm-97.txt,0.0,binary,false,2
reut2-005.sgm-97.txt,0.0,binary,true,2
reut2-005.sgm-97.txt,0.0,count,false,2
reut2-005.sgm-97.txt,0.0,count,true,2
reut2-005.sgm-97.txt,0.0,gfidf,false,2
reut2-005.sgm-97.txt,0.0,gfidf,true,2
reut2-005.sgm-97.txt,0.0,idf,false,2
reut2-005.sgm-97.txt,0.0,idf,true,2
reut2-005.sgm-97.txt,0.0,logEntropy,false,2
reut2-005.sgm-97.txt,0.0,logEntropy,true,2
reut2-005.sgm-97.txt,0.0,normal,false,0
reut2-005.sgm-97.txt,0.0,normal,true,15
reut2-005.sgm-97.txt,0.0,tfidf,false,2
reut2-005.sgm-97.txt,0.0,tfidf,true,2
reut2-005.sgm-984.txt,0.0,binary,false,42
reut2-005.sgm-984.txt,0.0,binary,true,44
reut2-005.sgm-984.txt,0.0,count,false,28
reut2-005.sgm-984.txt,0.0,count,true,44
reut2-005.sgm-984.txt,0.0,gfidf,false,44
reut2-005.sgm-984.txt,0.0,gfidf,true,44
reut2-005.sgm-984.txt,0.0,idf,false,28
reut2-005.sgm-984.txt,0.0,idf,true,44
reut2-005.sgm-984.txt,0.0,logEntropy,false,44
reut2-005.sgm-984.txt,0.0,logEntropy,true,44
reut2-005.sgm-984.txt,0.0,normal,false,44
reut2-005.sgm-984.txt,0.0,normal,true,44
reut2-005.sgm-984.txt,0.0,tfidf,false,28
reut2-005.sgm-984.txt,0.0,tfidf,true,44
reut2-006.sgm-107.txt,0.0,binary,false,15
reut2-006.sgm-107.txt,0.0,binary,true,8
reut2-006.sgm-107.txt,0.0,count,false,3
reut2-006.sgm-107.txt,0.0,count,true,8
reut2-006.sgm-107.txt,0.0,gfidf,false,8
reut2-006.sgm-107.txt,0.0,gfidf,true,8
reut2-006.sgm-107.txt,0.0,idf,false,17
reut2-006.sgm-107.txt,0.0,idf,true,8
reut2-006.sgm-107.txt,0.0,logEntropy,false,3
reut2-006.sgm-107.txt,0.0,logEntropy,true,8
reut2-006.sgm-107.txt,0.0,normal,false,15
reut2-006.sgm-107.txt,0.0,normal,true,1
reut2-006.sgm-107.txt,0.0,tfidf,false,8
reut2-006.sgm-107.txt,0.0,tfidf,true,8
reut2-006.sgm-111.txt,0.0,binary,false,7
reut2-006.sgm-111.txt,0.0,binary,true,7
reut2-006.sgm-111.txt,0.0,count,false,7
reut2-006.sgm-111.txt,0.0,count,true,7
reut2-006.sgm-111.txt,0.0,gfidf,false,7
reut2-006.sgm-111.txt,0.0,gfidf,true,7
reut2-006.sgm-111.txt,0.0,idf,false,7
reut2-006.sgm-111.txt,0.0,idf,true,7
reut2-006.sgm-111.txt,0.0,logEntropy,false,7
reut2-006.sgm-111.txt,0.0,logEntropy,true,7
reut2-006.sgm-111.txt,0.0,normal,false,8
reut2-006.sgm-111.txt,0.0,normal,true,8
reut2-006.sgm-111.txt,0.0,tfidf,false,7
reut2-006.sgm-111.txt,0.0,tfidf,true,7
reut2-006.sgm-136.txt,1.8114473285278132,binary,false,1
reut2-006.sgm-136.txt,1.8114473285278132,binary,true,1
reut2-006.sgm-136.txt,1.8114473285278132,count,false,1
reut2-006.sgm-136.txt,1.8114473285278132,count,true,1
reut2-006.sgm-136.txt,1.8114473285278132,gfidf,false,1
reut2-006.sgm-136.txt,1.8114473285278132,gfidf,true,1
reut2-006.sgm-136.txt,1.8114473285278132,idf,false,1
reut2-006.sgm-136.txt,1.8114473285278132,idf,true,1
reut2-006.sgm-136.txt,1.8114473285278132,logEntropy,false,1
reut2-006.sgm-136.txt,1.8114473285278132,logEntropy,true,1
reut2-006.sgm-136.txt,1.8114473285278132,normal,false,1
reut2-006.sgm-136.txt,1.8114473285278132,normal,true,1
reut2-006.sgm-136.txt,1.8114473285278132,tfidf,false,9
reut2-006.sgm-136.txt,1.8114473285278132,tfidf,true,5
reut2-006.sgm-142.txt,0.0,binary,false,0
reut2-006.sgm-142.txt,0.0,binary,true,0
reut2-006.sgm-142.txt,0.0,count,false,20
reut2-006.sgm-142.txt,0.0,count,true,20
reut2-006.sgm-142.txt,0.0,gfidf,false,19
reut2-006.sgm-142.txt,0.0,gfidf,true,20
reut2-006.sgm-142.txt,0.0,idf,false,27
reut2-006.sgm-142.txt,0.0,idf,true,0
reut2-006.sgm-142.txt,0.0,logEntropy,false,0
reut2-006.sgm-142.txt,0.0,logEntropy,true,0
reut2-006.sgm-142.txt,0.0,normal,false,20
reut2-006.sgm-142.txt,0.0,normal,true,0
reut2-006.sgm-142.txt,0.0,tfidf,false,27
reut2-006.sgm-142.txt,0.0,tfidf,true,27
reut2-006.sgm-152.txt,0.0,binary,false,0
reut2-006.sgm-152.txt,0.0,binary,true,17
reut2-006.sgm-152.txt,0.0,count,false,0
reut2-006.sgm-152.txt,0.0,count,true,6
reut2-006.sgm-152.txt,0.0,gfidf,false,0
reut2-006.sgm-152.txt,0.0,gfidf,true,15
reut2-006.sgm-152.txt,0.0,idf,false,0
reut2-006.sgm-152.txt,0.0,idf,true,17
reut2-006.sgm-152.txt,0.0,logEntropy,false,0
reut2-006.sgm-152.txt,0.0,logEntropy,true,6
reut2-006.sgm-152.txt,0.0,normal,false,15
reut2-006.sgm-152.txt,0.0,normal,true,15
reut2-006.sgm-152.txt,0.0,tfidf,false,17
reut2-006.sgm-152.txt,0.0,tfidf,true,17
reut2-006.sgm-155.txt,0.0,binary,false,16
reut2-006.sgm-155.txt,0.0,binary,true,15
reut2-006.sgm-155.txt,0.0,count,false,16
reut2-006.sgm-155.txt,0.0,count,true,15
reut2-006.sgm-155.txt,0.0,gfidf,false,16
reut2-006.sgm-155.txt,0.0,gfidf,true,15
reut2-006.sgm-155.txt,0.0,idf,false,16
reut2-006.sgm-155.txt,0.0,idf,true,7
reut2-006.sgm-155.txt,0.0,logEntropy,false,16
reut2-006.sgm-155.txt,0.0,logEntropy,true,15
reut2-006.sgm-155.txt,0.0,normal,false,16
reut2-006.sgm-155.txt,0.0,normal,true,29
reut2-006.sgm-155.txt,0.0,tfidf,false,7
reut2-006.sgm-155.txt,0.0,tfidf,true,26
reut2-006.sgm-156.txt,0.0,binary,false,4
reut2-006.sgm-156.txt,0.0,binary,true,4
reut2-006.sgm-156.txt,0.0,count,false,1
reut2-006.sgm-156.txt,0.0,count,true,1
reut2-006.sgm-156.txt,0.0,gfidf,false,4
reut2-006.sgm-156.txt,0.0,gfidf,true,4
reut2-006.sgm-156.txt,0.0,idf,false,4
reut2-006.sgm-156.txt,0.0,idf,true,4
reut2-006.sgm-156.txt,0.0,logEntropy,false,1
reut2-006.sgm-156.txt,0.0,logEntropy,true,4
reut2-006.sgm-156.txt,0.0,normal,false,1
reut2-006.sgm-156.txt,0.0,normal,true,1
reut2-006.sgm-156.txt,0.0,tfidf,false,4
reut2-006.sgm-156.txt,0.0,tfidf,true,4
reut2-006.sgm-176.txt,0.0,binary,false,0
reut2-006.sgm-176.txt,0.0,binary,true,4
reut2-006.sgm-176.txt,0.0,count,false,0
reut2-006.sgm-176.txt,0.0,count,true,0
reut2-006.sgm-176.txt,0.0,gfidf,false,16
reut2-006.sgm-176.txt,0.0,gfidf,true,4
reut2-006.sgm-176.txt,0.0,idf,false,16
reut2-006.sgm-176.txt,0.0,idf,true,18
reut2-006.sgm-176.txt,0.0,logEntropy,false,0
reut2-006.sgm-176.txt,0.0,logEntropy,true,0
reut2-006.sgm-176.txt,0.0,normal,false,0
reut2-006.sgm-176.txt,0.0,normal,true,4
reut2-006.sgm-176.txt,0.0,tfidf,false,16
reut2-006.sgm-176.txt,0.0,tfidf,true,18
reut2-006.sgm-189.txt,0.0,binary,false,0
reut2-006.sgm-189.txt,0.0,binary,true,0
reut2-006.sgm-189.txt,0.0,count,false,0
reut2-006.sgm-189.txt,0.0,count,true,8
reut2-006.sgm-189.txt,0.0,gfidf,false,0
reut2-006.sgm-189.txt,0.0,gfidf,true,8
reut2-006.sgm-189.txt,0.0,idf,false,0
reut2-006.sgm-189.txt,0.0,idf,true,8
reut2-006.sgm-189.txt,0.0,logEntropy,false,0
reut2-006.sgm-189.txt,0.0,logEntropy,true,8
reut2-006.sgm-189.txt,0.0,normal,false,8
reut2-006.sgm-189.txt,0.0,normal,true,8
reut2-006.sgm-189.txt,0.0,tfidf,false,8
reut2-006.sgm-189.txt,0.0,tfidf,true,8
reut2-006.sgm-196.txt,0.0,binary,false,1
reut2-006.sgm-196.txt,0.0,binary,true,34
reut2-006.sgm-196.txt,0.0,count,false,37
reut2-006.sgm-196.txt,0.0,count,true,37
reut2-006.sgm-196.txt,0.0,gfidf,false,1
reut2-006.sgm-196.txt,0.0,gfidf,true,1
reut2-006.sgm-196.txt,0.0,idf,false,21
reut2-006.sgm-196.txt,0.0,idf,true,34
reut2-006.sgm-196.txt,0.0,logEntropy,false,37
reut2-006.sgm-196.txt,0.0,logEntropy,true,34
reut2-006.sgm-196.txt,0.0,normal,false,1
reut2-006.sgm-196.txt,0.0,normal,true,1
reut2-006.sgm-196.txt,0.0,tfidf,false,21
reut2-006.sgm-196.txt,0.0,tfidf,true,15
reut2-006.sgm-200.txt,0.0,binary,false,3
reut2-006.sgm-200.txt,0.0,binary,true,13
reut2-006.sgm-200.txt,0.0,count,false,11
reut2-006.sgm-200.txt,0.0,count,true,13
reut2-006.sgm-200.txt,0.0,gfidf,false,13
reut2-006.sgm-200.txt,0.0,gfidf,true,13
reut2-006.sgm-200.txt,0.0,idf,false,3
reut2-006.sgm-200.txt,0.0,idf,true,2
reut2-006.sgm-200.txt,0.0,logEntropy,false,11
reut2-006.sgm-200.txt,0.0,logEntropy,true,11
reut2-006.sgm-200.txt,0.0,normal,false,10
reut2-006.sgm-200.txt,0.0,normal,true,8
reut2-006.sgm-200.txt,0.0,tfidf,false,13
reut2-006.sgm-200.txt,0.0,tfidf,true,13
reut2-006.sgm-208.txt,0.0,binary,false,0
reut2-006.sgm-208.txt,0.0,binary,true,0
reut2-006.sgm-208.txt,0.0,count,false,13
reut2-006.sgm-208.txt,0.0,count,true,0
reut2-006.sgm-208.txt,0.0,gfidf,false,0
reut2-006.sgm-208.txt,0.0,gfidf,true,0
reut2-006.sgm-208.txt,0.0,idf,false,10
reut2-006.sgm-208.txt,0.0,idf,true,0
reut2-006.sgm-208.txt,0.0,logEntropy,false,13
reut2-006.sgm-208.txt,0.0,logEntropy,true,0
reut2-006.sgm-208.txt,0.0,normal,false,13
reut2-006.sgm-208.txt,0.0,normal,true,0
reut2-006.sgm-208.txt,0.0,tfidf,false,10
reut2-006.sgm-208.txt,0.0,tfidf,true,0
reut2-006.sgm-214.txt,2.0,binary,false,9
reut2-006.sgm-214.txt,2.0,binary,true,0
reut2-006.sgm-214.txt,2.0,count,false,9
reut2-006.sgm-214.txt,2.0,count,true,9
reut2-006.sgm-214.txt,2.0,gfidf,false,9
reut2-006.sgm-214.txt,2.0,gfidf,true,9
reut2-006.sgm-214.txt,2.0,idf,false,9
reut2-006.sgm-214.txt,2.0,idf,true,0
reut2-006.sgm-214.txt,2.0,logEntropy,false,9
reut2-006.sgm-214.txt,2.0,logEntropy,true,9
reut2-006.sgm-214.txt,2.0,normal,false,0
reut2-006.sgm-214.txt,2.0,normal,true,0
reut2-006.sgm-214.txt,2.0,tfidf,false,9
reut2-006.sgm-214.txt,2.0,tfidf,true,9
reut2-006.sgm-216.txt,0.0,binary,false,11
reut2-006.sgm-216.txt,0.0,binary,true,2
reut2-006.sgm-216.txt,0.0,count,false,5
reut2-006.sgm-216.txt,0.0,count,true,5
reut2-006.sgm-216.txt,0.0,gfidf,false,5
reut2-006.sgm-216.txt,0.0,gfidf,true,5
reut2-006.sgm-216.txt,0.0,idf,false,10
reut2-006.sgm-216.txt,0.0,idf,true,10
reut2-006.sgm-216.txt,0.0,logEntropy,false,5
reut2-006.sgm-216.txt,0.0,logEntropy,true,5
reut2-006.sgm-216.txt,0.0,normal,false,9
reut2-006.sgm-216.txt,0.0,normal,true,1
reut2-006.sgm-216.txt,0.0,tfidf,false,5
reut2-006.sgm-216.txt,0.0,tfidf,true,5
reut2-006.sgm-224.txt,1.7239456424939554,binary,false,13
reut2-006.sgm-224.txt,1.7239456424939554,binary,true,13
reut2-006.sgm-224.txt,1.7239456424939554,count,false,13
reut2-006.sgm-224.txt,1.7239456424939554,count,true,13
reut2-006.sgm-224.txt,1.7239456424939554,gfidf,false,13
reut2-006.sgm-224.txt,1.7239456424939554,gfidf,true,13
reut2-006.sgm-224.txt,1.7239456424939554,idf,false,1
reut2-006.sgm-224.txt,1.7239456424939554,idf,true,5
reut2-006.sgm-224.txt,1.7239456424939554,logEntropy,false,13
reut2-006.sgm-224.txt,1.7239456424939554,logEntropy,true,13
reut2-006.sgm-224.txt,1.7239456424939554,normal,false,1
reut2-006.sgm-224.txt,1.7239456424939554,normal,true,13
reut2-006.sgm-224.txt,1.7239456424939554,tfidf,false,1
reut2-006.sgm-224.txt,1.7239456424939554,tfidf,true,5
reut2-006.sgm-250.txt,0.0,binary,false,2
reut2-006.sgm-250.txt,0.0,binary,true,2
reut2-006.sgm-250.txt,0.0,count,false,2
reut2-006.sgm-250.txt,0.0,count,true,12
reut2-006.sgm-250.txt,0.0,gfidf,false,2
reut2-006.sgm-250.txt,0.0,gfidf,true,2
reut2-006.sgm-250.txt,0.0,idf,false,2
reut2-006.sgm-250.txt,0.0,idf,true,2
reut2-006.sgm-250.txt,0.0,logEntropy,false,2
reut2-006.sgm-250.txt,0.0,logEntropy,true,2
reut2-006.sgm-250.txt,0.0,normal,false,2
reut2-006.sgm-250.txt,0.0,normal,true,12
reut2-006.sgm-250.txt,0.0,tfidf,false,2
reut2-006.sgm-250.txt,0.0,tfidf,true,2
reut2-006.sgm-258.txt,0.0,binary,false,0
reut2-006.sgm-258.txt,0.0,binary,true,3
reut2-006.sgm-258.txt,0.0,count,false,0
reut2-006.sgm-258.txt,0.0,count,true,0
reut2-006.sgm-258.txt,0.0,gfidf,false,0
reut2-006.sgm-258.txt,0.0,gfidf,true,3
reut2-006.sgm-258.txt,0.0,idf,false,0
reut2-006.sgm-258.txt,0.0,idf,true,3
reut2-006.sgm-258.txt,0.0,logEntropy,false,0
reut2-006.sgm-258.txt,0.0,logEntropy,true,0
reut2-006.sgm-258.txt,0.0,normal,false,0
reut2-006.sgm-258.txt,0.0,normal,true,12
reut2-006.sgm-258.txt,0.0,tfidf,false,0
reut2-006.sgm-258.txt,0.0,tfidf,true,3
reut2-006.sgm-261.txt,1.8114473285278132,binary,false,9
reut2-006.sgm-261.txt,1.8114473285278132,binary,true,1
reut2-006.sgm-261.txt,1.8114473285278132,count,false,9
reut2-006.sgm-261.txt,1.8114473285278132,count,true,1
reut2-006.sgm-261.txt,1.8114473285278132,gfidf,false,9
reut2-006.sgm-261.txt,1.8114473285278132,gfidf,true,1
reut2-006.sgm-261.txt,1.8114473285278132,idf,false,9
reut2-006.sgm-261.txt,1.8114473285278132,idf,true,1
reut2-006.sgm-261.txt,1.8114473285278132,logEntropy,false,9
reut2-006.sgm-261.txt,1.8114473285278132,logEntropy,true,1
reut2-006.sgm-261.txt,1.8114473285278132,normal,false,9
reut2-006.sgm-261.txt,1.8114473285278132,normal,true,9
reut2-006.sgm-261.txt,1.8114473285278132,tfidf,false,14
reut2-006.sgm-261.txt,1.8114473285278132,tfidf,true,1
reut2-006.sgm-284.txt,0.0,binary,false,12
reut2-006.sgm-284.txt,0.0,binary,true,12
reut2-006.sgm-284.txt,0.0,count,false,12
reut2-006.sgm-284.txt,0.0,count,true,12
reut2-006.sgm-284.txt,0.0,gfidf,false,12
reut2-006.sgm-284.txt,0.0,gfidf,true,12
reut2-006.sgm-284.txt,0.0,idf,false,12
reut2-006.sgm-284.txt,0.0,idf,true,12
reut2-006.sgm-284.txt,0.0,logEntropy,false,12
reut2-006.sgm-284.txt,0.0,logEntropy,true,12
reut2-006.sgm-284.txt,0.0,normal,false,2
reut2-006.sgm-284.txt,0.0,normal,true,12
reut2-006.sgm-284.txt,0.0,tfidf,false,12
reut2-006.sgm-284.txt,0.0,tfidf,true,12
reut2-006.sgm-321.txt,0.0,binary,false,2
reut2-006.sgm-321.txt,0.0,binary,true,2
reut2-006.sgm-321.txt,0.0,count,false,2
reut2-006.sgm-321.txt,0.0,count,true,2
reut2-006.sgm-321.txt,0.0,gfidf,false,2
reut2-006.sgm-321.txt,0.0,gfidf,true,2
reut2-006.sgm-321.txt,0.0,idf,false,2
reut2-006.sgm-321.txt,0.0,idf,true,2
reut2-006.sgm-321.txt,0.0,logEntropy,false,2
reut2-006.sgm-321.txt,0.0,logEntropy,true,2
reut2-006.sgm-321.txt,0.0,normal,false,2
reut2-006.sgm-321.txt,0.0,normal,true,2
reut2-006.sgm-321.txt,0.0,tfidf,false,2
reut2-006.sgm-321.txt,0.0,tfidf,true,10
reut2-006.sgm-325.txt,3.1228367286228407,binary,false,0
reut2-006.sgm-325.txt,3.1228367286228407,binary,true,0
reut2-006.sgm-325.txt,3.1228367286228407,count,false,3
reut2-006.sgm-325.txt,3.1228367286228407,count,true,3
reut2-006.sgm-325.txt,3.1228367286228407,gfidf,false,0
reut2-006.sgm-325.txt,3.1228367286228407,gfidf,true,0
reut2-006.sgm-325.txt,3.1228367286228407,idf,false,0
reut2-006.sgm-325.txt,3.1228367286228407,idf,true,0
reut2-006.sgm-325.txt,3.1228367286228407,logEntropy,false,3
reut2-006.sgm-325.txt,3.1228367286228407,logEntropy,true,3
reut2-006.sgm-325.txt,3.1228367286228407,normal,false,0
reut2-006.sgm-325.txt,3.1228367286228407,normal,true,0
reut2-006.sgm-325.txt,3.1228367286228407,tfidf,false,0
reut2-006.sgm-325.txt,3.1228367286228407,tfidf,true,3
reut2-006.sgm-327.txt,2.058770528900245,binary,false,1
reut2-006.sgm-327.txt,2.058770528900245,binary,true,1
reut2-006.sgm-327.txt,2.058770528900245,count,false,1
reut2-006.sgm-327.txt,2.058770528900245,count,true,1
reut2-006.sgm-327.txt,2.058770528900245,gfidf,false,1
reut2-006.sgm-327.txt,2.058770528900245,gfidf,true,1
reut2-006.sgm-327.txt,2.058770528900245,idf,false,1
reut2-006.sgm-327.txt,2.058770528900245,idf,true,1
reut2-006.sgm-327.txt,2.058770528900245,logEntropy,false,1
reut2-006.sgm-327.txt,2.058770528900245,logEntropy,true,1
reut2-006.sgm-327.txt,2.058770528900245,normal,false,6
reut2-006.sgm-327.txt,2.058770528900245,normal,true,0
reut2-006.sgm-327.txt,2.058770528900245,tfidf,false,1
reut2-006.sgm-327.txt,2.058770528900245,tfidf,true,1
reut2-006.sgm-337.txt,0.0,binary,false,20
reut2-006.sgm-337.txt,0.0,binary,true,20
reut2-006.sgm-337.txt,0.0,count,false,20
reut2-006.sgm-337.txt,0.0,count,true,20
reut2-006.sgm-337.txt,0.0,gfidf,false,20
reut2-006.sgm-337.txt,0.0,gfidf,true,20
reut2-006.sgm-337.txt,0.0,idf,false,20
reut2-006.sgm-337.txt,0.0,idf,true,20
reut2-006.sgm-337.txt,0.0,logEntropy,false,20
reut2-006.sgm-337.txt,0.0,logEntropy,true,20
reut2-006.sgm-337.txt,0.0,normal,false,20
reut2-006.sgm-337.txt,0.0,normal,true,9
reut2-006.sgm-337.txt,0.0,tfidf,false,8
reut2-006.sgm-337.txt,0.0,tfidf,true,8
reut2-006.sgm-345.txt,0.0,binary,false,1
reut2-006.sgm-345.txt,0.0,binary,true,54
reut2-006.sgm-345.txt,0.0,count,false,11
reut2-006.sgm-345.txt,0.0,count,true,54
reut2-006.sgm-345.txt,0.0,gfidf,false,1
reut2-006.sgm-345.txt,0.0,gfidf,true,54
reut2-006.sgm-345.txt,0.0,idf,false,1
reut2-006.sgm-345.txt,0.0,idf,true,20
reut2-006.sgm-345.txt,0.0,logEntropy,false,1
reut2-006.sgm-345.txt,0.0,logEntropy,true,54
reut2-006.sgm-345.txt,0.0,normal,false,1
reut2-006.sgm-345.txt,0.0,normal,true,54
reut2-006.sgm-345.txt,0.0,tfidf,false,11
reut2-006.sgm-345.txt,0.0,tfidf,true,20
reut2-006.sgm-351.txt,0.0,binary,false,6
reut2-006.sgm-351.txt,0.0,binary,true,12
reut2-006.sgm-351.txt,0.0,count,false,6
reut2-006.sgm-351.txt,0.0,count,true,12
reut2-006.sgm-351.txt,0.0,gfidf,false,3
reut2-006.sgm-351.txt,0.0,gfidf,true,3
reut2-006.sgm-351.txt,0.0,idf,false,10
reut2-006.sgm-351.txt,0.0,idf,true,10
reut2-006.sgm-351.txt,0.0,logEntropy,false,6
reut2-006.sgm-351.txt,0.0,logEntropy,true,12
reut2-006.sgm-351.txt,0.0,normal,false,3
reut2-006.sgm-351.txt,0.0,normal,true,3
reut2-006.sgm-351.txt,0.0,tfidf,false,10
reut2-006.sgm-351.txt,0.0,tfidf,true,10
reut2-006.sgm-356.txt,0.0,binary,false,2
reut2-006.sgm-356.txt,0.0,binary,true,2
reut2-006.sgm-356.txt,0.0,count,false,2
reut2-006.sgm-356.txt,0.0,count,true,2
reut2-006.sgm-356.txt,0.0,gfidf,false,2
reut2-006.sgm-356.txt,0.0,gfidf,true,2
reut2-006.sgm-356.txt,0.0,idf,false,2
reut2-006.sgm-356.txt,0.0,idf,true,2
reut2-006.sgm-356.txt,0.0,logEntropy,false,2
reut2-006.sgm-356.txt,0.0,logEntropy,true,2
reut2-006.sgm-356.txt,0.0,normal,false,2
reut2-006.sgm-356.txt,0.0,normal,true,2
reut2-006.sgm-356.txt,0.0,tfidf,false,9
reut2-006.sgm-356.txt,0.0,tfidf,true,2
reut2-006.sgm-359.txt,0.0,binary,false,3
reut2-006.sgm-359.txt,0.0,binary,true,1
reut2-006.sgm-359.txt,0.0,count,false,2
reut2-006.sgm-359.txt,0.0,count,true,1
reut2-006.sgm-359.txt,0.0,gfidf,false,1
reut2-006.sgm-359.txt,0.0,gfidf,true,1
reut2-006.sgm-359.txt,0.0,idf,false,1
reut2-006.sgm-359.txt,0.0,idf,true,1
reut2-006.sgm-359.txt,0.0,logEntropy,false,3
reut2-006.sgm-359.txt,0.0,logEntropy,true,1
reut2-006.sgm-359.txt,0.0,normal,false,3
reut2-006.sgm-359.txt,0.0,normal,true,24
reut2-006.sgm-359.txt,0.0,tfidf,false,22
reut2-006.sgm-359.txt,0.0,tfidf,true,25
reut2-006.sgm-362.txt,0.0,binary,false,7
reut2-006.sgm-362.txt,0.0,binary,true,7
reut2-006.sgm-362.txt,0.0,count,false,7
reut2-006.sgm-362.txt,0.0,count,true,7
reut2-006.sgm-362.txt,0.0,gfidf,false,7
reut2-006.sgm-362.txt,0.0,gfidf,true,7
reut2-006.sgm-362.txt,0.0,idf,false,7
reut2-006.sgm-362.txt,0.0,idf,true,7
reut2-006.sgm-362.txt,0.0,logEntropy,false,7
reut2-006.sgm-362.txt,0.0,logEntropy,true,7
reut2-006.sgm-362.txt,0.0,normal,false,1
reut2-006.sgm-362.txt,0.0,normal,true,6
reut2-006.sgm-362.txt,0.0,tfidf,false,7
reut2-006.sgm-362.txt,0.0,tfidf,true,7
reut2-006.sgm-375.txt,0.0,binary,false,1
reut2-006.sgm-375.txt,0.0,binary,true,1
reut2-006.sgm-375.txt,0.0,count,false,7
reut2-006.sgm-375.txt,0.0,count,true,7
reut2-006.sgm-375.txt,0.0,gfidf,false,1
reut2-006.sgm-375.txt,0.0,gfidf,true,7
reut2-006.sgm-375.txt,0.0,idf,false,1
reut2-006.sgm-375.txt,0.0,idf,true,5
reut2-006.sgm-375.txt,0.0,logEntropy,false,1
reut2-006.sgm-375.txt,0.0,logEntropy,true,7
reut2-006.sgm-375.txt,0.0,normal,false,12
reut2-006.sgm-375.txt,0.0,normal,true,6
reut2-006.sgm-375.txt,0.0,tfidf,false,7
reut2-006.sgm-375.txt,0.0,tfidf,true,7
reut2-006.sgm-387.txt,0.0,binary,false,18
reut2-006.sgm-387.txt,0.0,binary,true,18
reut2-006.sgm-387.txt,0.0,count,false,18
reut2-006.sgm-387.txt,0.0,count,true,18
reut2-006.sgm-387.txt,0.0,gfidf,false,18
reut2-006.sgm-387.txt,0.0,gfidf,true,18
reut2-006.sgm-387.txt,0.0,idf,false,18
reut2-006.sgm-387.txt,0.0,idf,true,18
reut2-006.sgm-387.txt,0.0,logEntropy,false,18
reut2-006.sgm-387.txt,0.0,logEntropy,true,18
reut2-006.sgm-387.txt,0.0,normal,false,6
reut2-006.sgm-387.txt,0.0,normal,true,6
reut2-006.sgm-387.txt,0.0,tfidf,false,18
reut2-006.sgm-387.txt,0.0,tfidf,true,18
reut2-006.sgm-394.txt,0.0,binary,false,3
reut2-006.sgm-394.txt,0.0,binary,true,26
reut2-006.sgm-394.txt,0.0,count,false,8
reut2-006.sgm-394.txt,0.0,count,true,26
reut2-006.sgm-394.txt,0.0,gfidf,false,3
reut2-006.sgm-394.txt,0.0,gfidf,true,26
reut2-006.sgm-394.txt,0.0,idf,false,3
reut2-006.sgm-394.txt,0.0,idf,true,26
reut2-006.sgm-394.txt,0.0,logEntropy,false,3
reut2-006.sgm-394.txt,0.0,logEntropy,true,26
reut2-006.sgm-394.txt,0.0,normal,false,3
reut2-006.sgm-394.txt,0.0,normal,true,3
reut2-006.sgm-394.txt,0.0,tfidf,false,26
reut2-006.sgm-394.txt,0.0,tfidf,true,26
reut2-006.sgm-395.txt,0.0,binary,false,8
reut2-006.sgm-395.txt,0.0,binary,true,8
reut2-006.sgm-395.txt,0.0,count,false,9
reut2-006.sgm-395.txt,0.0,count,true,8
reut2-006.sgm-395.txt,0.0,gfidf,false,9
reut2-006.sgm-395.txt,0.0,gfidf,true,8
reut2-006.sgm-395.txt,0.0,idf,false,8
reut2-006.sgm-395.txt,0.0,idf,true,8
reut2-006.sgm-395.txt,0.0,logEntropy,false,9
reut2-006.sgm-395.txt,0.0,logEntropy,true,8
reut2-006.sgm-395.txt,0.0,normal,false,8
reut2-006.sgm-395.txt,0.0,normal,true,8
reut2-006.sgm-395.txt,0.0,tfidf,false,9
reut2-006.sgm-395.txt,0.0,tfidf,true,8
reut2-006.sgm-399.txt,0.0,binary,false,5
reut2-006.sgm-399.txt,0.0,binary,true,0
reut2-006.sgm-399.txt,0.0,count,false,5
reut2-006.sgm-399.txt,0.0,count,true,0
reut2-006.sgm-399.txt,0.0,gfidf,false,23
reut2-006.sgm-399.txt,0.0,gfidf,true,0
reut2-006.sgm-399.txt,0.0,idf,false,23
reut2-006.sgm-399.txt,0.0,idf,true,0
reut2-006.sgm-399.txt,0.0,logEntropy,false,23
reut2-006.sgm-399.txt,0.0,logEntropy,true,0
reut2-006.sgm-399.txt,0.0,normal,false,5
reut2-006.sgm-399.txt,0.0,normal,true,5
reut2-006.sgm-399.txt,0.0,tfidf,false,9
reut2-006.sgm-399.txt,0.0,tfidf,true,0
reut2-006.sgm-405.txt,0.0,binary,false,6
reut2-006.sgm-405.txt,0.0,binary,true,0
reut2-006.sgm-405.txt,0.0,count,false,6
reut2-006.sgm-405.txt,0.0,count,true,6
reut2-006.sgm-405.txt,0.0,gfidf,false,6
reut2-006.sgm-405.txt,0.0,gfidf,true,0
reut2-006.sgm-405.txt,0.0,idf,false,10
reut2-006.sgm-405.txt,0.0,idf,true,10
reut2-006.sgm-405.txt,0.0,logEntropy,false,6
reut2-006.sgm-405.txt,0.0,logEntropy,true,6
reut2-006.sgm-405.txt,0.0,normal,false,6
reut2-006.sgm-405.txt,0.0,normal,true,0
reut2-006.sgm-405.txt,0.0,tfidf,false,6
reut2-006.sgm-405.txt,0.0,tfidf,true,10
reut2-006.sgm-409.txt,0.0,binary,false,6
reut2-006.sgm-409.txt,0.0,binary,true,6
reut2-006.sgm-409.txt,0.0,count,false,3
reut2-006.sgm-409.txt,0.0,count,true,4
reut2-006.sgm-409.txt,0.0,gfidf,false,3
reut2-006.sgm-409.txt,0.0,gfidf,true,6
reut2-006.sgm-409.txt,0.0,idf,false,6
reut2-006.sgm-409.txt,0.0,idf,true,6
reut2-006.sgm-409.txt,0.0,logEntropy,false,4
reut2-006.sgm-409.txt,0.0,logEntropy,true,4
reut2-006.sgm-409.txt,0.0,normal,false,4
reut2-006.sgm-409.txt,0.0,normal,true,0
reut2-006.sgm-409.txt,0.0,tfidf,false,3
reut2-006.sgm-409.txt,0.0,tfidf,true,6
reut2-006.sgm-425.txt,0.0,binary,false,2
reut2-006.sgm-425.txt,0.0,binary,true,0
reut2-006.sgm-425.txt,0.0,count,false,2
reut2-006.sgm-425.txt,0.0,count,true,0
reut2-006.sgm-425.txt,0.0,gfidf,false,2
reut2-006.sgm-425.txt,0.0,gfidf,true,0
reut2-006.sgm-425.txt,0.0,idf,false,2
reut2-006.sgm-425.txt,0.0,idf,true,0
reut2-006.sgm-425.txt,0.0,logEntropy,false,2
reut2-006.sgm-425.txt,0.0,logEntropy,true,0
reut2-006.sgm-425.txt,0.0,normal,false,2
reut2-006.sgm-425.txt,0.0,normal,true,2
reut2-006.sgm-425.txt,0.0,tfidf,false,2
reut2-006.sgm-425.txt,0.0,tfidf,true,27
reut2-006.sgm-431.txt,0.0,binary,false,6
reut2-006.sgm-431.txt,0.0,binary,true,6
reut2-006.sgm-431.txt,0.0,count,false,1
reut2-006.sgm-431.txt,0.0,count,true,1
reut2-006.sgm-431.txt,0.0,gfidf,false,1
reut2-006.sgm-431.txt,0.0,gfidf,true,1
reut2-006.sgm-431.txt,0.0,idf,false,6
reut2-006.sgm-431.txt,0.0,idf,true,6
reut2-006.sgm-431.txt,0.0,logEntropy,false,1
reut2-006.sgm-431.txt,0.0,logEntropy,true,1
reut2-006.sgm-431.txt,0.0,normal,false,6
reut2-006.sgm-431.txt,0.0,normal,true,7
reut2-006.sgm-431.txt,0.0,tfidf,false,1
reut2-006.sgm-431.txt,0.0,tfidf,true,1
reut2-006.sgm-462.txt,0.0,binary,false,16
reut2-006.sgm-462.txt,0.0,binary,true,16
reut2-006.sgm-462.txt,0.0,count,false,16
reut2-006.sgm-462.txt,0.0,count,true,16
reut2-006.sgm-462.txt,0.0,gfidf,false,16
reut2-006.sgm-462.txt,0.0,gfidf,true,16
reut2-006.sgm-462.txt,0.0,idf,false,16
reut2-006.sgm-462.txt,0.0,idf,true,16
reut2-006.sgm-462.txt,0.0,logEntropy,false,16
reut2-006.sgm-462.txt,0.0,logEntropy,true,16
reut2-006.sgm-462.txt,0.0,normal,false,16
reut2-006.sgm-462.txt,0.0,normal,true,16
reut2-006.sgm-462.txt,0.0,tfidf,false,10
reut2-006.sgm-462.txt,0.0,tfidf,true,10
reut2-006.sgm-470.txt,0.0,binary,false,20
reut2-006.sgm-470.txt,0.0,binary,true,12
reut2-006.sgm-470.txt,0.0,count,false,20
reut2-006.sgm-470.txt,0.0,count,true,12
reut2-006.sgm-470.txt,0.0,gfidf,false,12
reut2-006.sgm-470.txt,0.0,gfidf,true,12
reut2-006.sgm-470.txt,0.0,idf,false,20
reut2-006.sgm-470.txt,0.0,idf,true,12
reut2-006.sgm-470.txt,0.0,logEntropy,false,20
reut2-006.sgm-470.txt,0.0,logEntropy,true,12
reut2-006.sgm-470.txt,0.0,normal,false,12
reut2-006.sgm-470.txt,0.0,normal,true,12
reut2-006.sgm-470.txt,0.0,tfidf,false,20
reut2-006.sgm-470.txt,0.0,tfidf,true,20
reut2-006.sgm-471.txt,0.0,binary,false,9
reut2-006.sgm-471.txt,0.0,binary,true,9
reut2-006.sgm-471.txt,0.0,count,false,9
reut2-006.sgm-471.txt,0.0,count,true,9
reut2-006.sgm-471.txt,0.0,gfidf,false,9
reut2-006.sgm-471.txt,0.0,gfidf,true,9
reut2-006.sgm-471.txt,0.0,idf,false,20
reut2-006.sgm-471.txt,0.0,idf,true,9
reut2-006.sgm-471.txt,0.0,logEntropy,false,9
reut2-006.sgm-471.txt,0.0,logEntropy,true,9
reut2-006.sgm-471.txt,0.0,normal,false,9
reut2-006.sgm-471.txt,0.0,normal,true,9
reut2-006.sgm-471.txt,0.0,tfidf,false,20
reut2-006.sgm-471.txt,0.0,tfidf,true,20
reut2-006.sgm-472.txt,0.0,binary,false,8
reut2-006.sgm-472.txt,0.0,binary,true,4
reut2-006.sgm-472.txt,0.0,count,false,4
reut2-006.sgm-472.txt,0.0,count,true,4
reut2-006.sgm-472.txt,0.0,gfidf,false,8
reut2-006.sgm-472.txt,0.0,gfidf,true,8
reut2-006.sgm-472.txt,0.0,idf,false,8
reut2-006.sgm-472.txt,0.0,idf,true,4
reut2-006.sgm-472.txt,0.0,logEntropy,false,8
reut2-006.sgm-472.txt,0.0,logEntropy,true,4
reut2-006.sgm-472.txt,0.0,normal,false,8
reut2-006.sgm-472.txt,0.0,normal,true,8
reut2-006.sgm-472.txt,0.0,tfidf,false,4
reut2-006.sgm-472.txt,0.0,tfidf,true,4
reut2-006.sgm-480.txt,0.0,binary,false,3
reut2-006.sgm-480.txt,0.0,binary,true,10
reut2-006.sgm-480.txt,0.0,count,false,3
reut2-006.sgm-480.txt,0.0,count,true,6
reut2-006.sgm-480.txt,0.0,gfidf,false,3
reut2-006.sgm-480.txt,0.0,gfidf,true,6
reut2-006.sgm-480.txt,0.0,idf,false,3
reut2-006.sgm-480.txt,0.0,idf,true,10
reut2-006.sgm-480.txt,0.0,logEntropy,false,3
reut2-006.sgm-480.txt,0.0,logEntropy,true,3
reut2-006.sgm-480.txt,0.0,normal,false,3
reut2-006.sgm-480.txt,0.0,normal,true,10
reut2-006.sgm-480.txt,0.0,tfidf,false,6
reut2-006.sgm-480.txt,0.0,tfidf,true,6
reut2-006.sgm-491.txt,0.0,binary,false,5
reut2-006.sgm-491.txt,0.0,binary,true,17
reut2-006.sgm-491.txt,0.0,count,false,5
reut2-006.sgm-491.txt,0.0,count,true,13
reut2-006.sgm-491.txt,0.0,gfidf,false,5
reut2-006.sgm-491.txt,0.0,gfidf,true,17
reut2-006.sgm-491.txt,0.0,idf,false,5
reut2-006.sgm-491.txt,0.0,idf,true,8
reut2-006.sgm-491.txt,0.0,logEntropy,false,5
reut2-006.sgm-491.txt,0.0,logEntropy,true,5
reut2-006.sgm-491.txt,0.0,normal,false,5
reut2-006.sgm-491.txt,0.0,normal,true,1
reut2-006.sgm-491.txt,0.0,tfidf,false,17
reut2-006.sgm-491.txt,0.0,tfidf,true,17
reut2-006.sgm-51.txt,3.0916820425413913,binary,false,1
reut2-006.sgm-51.txt,3.0916820425413913,binary,true,1
reut2-006.sgm-51.txt,3.0916820425413913,count,false,0
reut2-006.sgm-51.txt,3.0916820425413913,count,true,0
reut2-006.sgm-51.txt,3.0916820425413913,gfidf,false,1
reut2-006.sgm-51.txt,3.0916820425413913,gfidf,true,1
reut2-006.sgm-51.txt,3.0916820425413913,idf,false,1
reut2-006.sgm-51.txt,3.0916820425413913,idf,true,1
reut2-006.sgm-51.txt,3.0916820425413913,logEntropy,false,1
reut2-006.sgm-51.txt,3.0916820425413913,logEntropy,true,0
reut2-006.sgm-51.txt,3.0916820425413913,normal,false,1
reut2-006.sgm-51.txt,3.0916820425413913,normal,true,0
reut2-006.sgm-51.txt,3.0916820425413913,tfidf,false,1
reut2-006.sgm-51.txt,3.0916820425413913,tfidf,true,1
reut2-006.sgm-530.txt,0.0,binary,false,8
reut2-006.sgm-530.txt,0.0,binary,true,8
reut2-006.sgm-530.txt,0.0,count,false,4
reut2-006.sgm-530.txt,0.0,count,true,8
reut2-006.sgm-530.txt,0.0,gfidf,false,8
reut2-006.sgm-530.txt,0.0,gfidf,true,8
reut2-006.sgm-530.txt,0.0,idf,false,26
reut2-006.sgm-530.txt,0.0,idf,true,8
reut2-006.sgm-530.txt,0.0,logEntropy,false,8
reut2-006.sgm-530.txt,0.0,logEntropy,true,8
reut2-006.sgm-530.txt,0.0,normal,false,8
reut2-006.sgm-530.txt,0.0,normal,true,8
reut2-006.sgm-530.txt,0.0,tfidf,false,26
reut2-006.sgm-530.txt,0.0,tfidf,true,8
reut2-006.sgm-540.txt,0.0,binary,false,1
reut2-006.sgm-540.txt,0.0,binary,true,16
reut2-006.sgm-540.txt,0.0,count,false,1
reut2-006.sgm-540.txt,0.0,count,true,15
reut2-006.sgm-540.txt,0.0,gfidf,false,8
reut2-006.sgm-540.txt,0.0,gfidf,true,8
reut2-006.sgm-540.txt,0.0,idf,false,1
reut2-006.sgm-540.txt,0.0,idf,true,1
reut2-006.sgm-540.txt,0.0,logEntropy,false,1
reut2-006.sgm-540.txt,0.0,logEntropy,true,15
reut2-006.sgm-540.txt,0.0,normal,false,0
reut2-006.sgm-540.txt,0.0,normal,true,0
reut2-006.sgm-540.txt,0.0,tfidf,false,8
reut2-006.sgm-540.txt,0.0,tfidf,true,8
reut2-006.sgm-557.txt,0.0,binary,false,6
reut2-006.sgm-557.txt,0.0,binary,true,6
reut2-006.sgm-557.txt,0.0,count,false,6
reut2-006.sgm-557.txt,0.0,count,true,9
reut2-006.sgm-557.txt,0.0,gfidf,false,6
reut2-006.sgm-557.txt,0.0,gfidf,true,6
reut2-006.sgm-557.txt,0.0,idf,false,8
reut2-006.sgm-557.txt,0.0,idf,true,6
reut2-006.sgm-557.txt,0.0,logEntropy,false,6
reut2-006.sgm-557.txt,0.0,logEntropy,true,9
reut2-006.sgm-557.txt,0.0,normal,false,6
reut2-006.sgm-557.txt,0.0,normal,true,6
reut2-006.sgm-557.txt,0.0,tfidf,false,8
reut2-006.sgm-557.txt,0.0,tfidf,true,2
reut2-006.sgm-580.txt,0.0,binary,false,5
reut2-006.sgm-580.txt,0.0,binary,true,5
reut2-006.sgm-580.txt,0.0,count,false,5
reut2-006.sgm-580.txt,0.0,count,true,5
reut2-006.sgm-580.txt,0.0,gfidf,false,5
reut2-006.sgm-580.txt,0.0,gfidf,true,5
reut2-006.sgm-580.txt,0.0,idf,false,5
reut2-006.sgm-580.txt,0.0,idf,true,5
reut2-006.sgm-580.txt,0.0,logEntropy,false,5
reut2-006.sgm-580.txt,0.0,logEntropy,true,5
reut2-006.sgm-580.txt,0.0,normal,false,9
reut2-006.sgm-580.txt,0.0,normal,true,5
reut2-006.sgm-580.txt,0.0,tfidf,false,1
reut2-006.sgm-580.txt,0.0,tfidf,true,5
reut2-006.sgm-587.txt,0.0,binary,false,2
reut2-006.sgm-587.txt,0.0,binary,true,2
reut2-006.sgm-587.txt,0.0,count,false,3
reut2-006.sgm-587.txt,0.0,count,true,1
reut2-006.sgm-587.txt,0.0,gfidf,false,11
reut2-006.sgm-587.txt,0.0,gfidf,true,1
reut2-006.sgm-587.txt,0.0,idf,false,15
reut2-006.sgm-587.txt,0.0,idf,true,18
reut2-006.sgm-587.txt,0.0,logEntropy,false,3
reut2-006.sgm-587.txt,0.0,logEntropy,true,1
reut2-006.sgm-587.txt,0.0,normal,false,1
reut2-006.sgm-587.txt,0.0,normal,true,1
reut2-006.sgm-587.txt,0.0,tfidf,false,15
reut2-006.sgm-587.txt,0.0,tfidf,true,18
reut2-006.sgm-59.txt,0.0,binary,false,6
reut2-006.sgm-59.txt,0.0,binary,true,6
reut2-006.sgm-59.txt,0.0,count,false,11
reut2-006.sgm-59.txt,0.0,count,true,11
reut2-006.sgm-59.txt,0.0,gfidf,false,6
reut2-006.sgm-59.txt,0.0,gfidf,true,6
reut2-006.sgm-59.txt,0.0,idf,false,11
reut2-006.sgm-59.txt,0.0,idf,true,6
reut2-006.sgm-59.txt,0.0,logEntropy,false,6
reut2-006.sgm-59.txt,0.0,logEntropy,true,6
reut2-006.sgm-59.txt,0.0,normal,false,6
reut2-006.sgm-59.txt,0.0,normal,true,6
reut2-006.sgm-59.txt,0.0,tfidf,false,11
reut2-006.sgm-59.txt,0.0,tfidf,true,11
reut2-006.sgm-592.txt,0.0,binary,false,7
reut2-006.sgm-592.txt,0.0,binary,true,7
reut2-006.sgm-592.txt,0.0,count,false,6
reut2-006.sgm-592.txt,0.0,count,true,6
reut2-006.sgm-592.txt,0.0,gfidf,false,7
reut2-006.sgm-592.txt,0.0,gfidf,true,7
reut2-006.sgm-592.txt,0.0,idf,false,10
reut2-006.sgm-592.txt,0.0,idf,true,10
reut2-006.sgm-592.txt,0.0,logEntropy,false,6
reut2-006.sgm-592.txt,0.0,logEntropy,true,6
reut2-006.sgm-592.txt,0.0,normal,false,3
reut2-006.sgm-592.txt,0.0,normal,true,5
reut2-006.sgm-592.txt,0.0,tfidf,false,10
reut2-006.sgm-592.txt,0.0,tfidf,true,10
reut2-006.sgm-602.txt,0.0,binary,false,10
reut2-006.sgm-602.txt,0.0,binary,true,1
reut2-006.sgm-602.txt,0.0,count,false,10
reut2-006.sgm-602.txt,0.0,count,true,1
reut2-006.sgm-602.txt,0.0,gfidf,false,10
reut2-006.sgm-602.txt,0.0,gfidf,true,1
reut2-006.sgm-602.txt,0.0,idf,false,10
reut2-006.sgm-602.txt,0.0,idf,true,1
reut2-006.sgm-602.txt,0.0,logEntropy,false,10
reut2-006.sgm-602.txt,0.0,logEntropy,true,1
reut2-006.sgm-602.txt,0.0,normal,false,10
reut2-006.sgm-602.txt,0.0,normal,true,10
reut2-006.sgm-602.txt,0.0,tfidf,false,10
reut2-006.sgm-602.txt,0.0,tfidf,true,19
reut2-006.sgm-604.txt,0.0,binary,false,8
reut2-006.sgm-604.txt,0.0,binary,true,0
reut2-006.sgm-604.txt,0.0,count,false,10
reut2-006.sgm-604.txt,0.0,count,true,10
reut2-006.sgm-604.txt,0.0,gfidf,false,0
reut2-006.sgm-604.txt,0.0,gfidf,true,0
reut2-006.sgm-604.txt,0.0,idf,false,7
reut2-006.sgm-604.txt,0.0,idf,true,0
reut2-006.sgm-604.txt,0.0,logEntropy,false,10
reut2-006.sgm-604.txt,0.0,logEntropy,true,10
reut2-006.sgm-604.txt,0.0,normal,false,0
reut2-006.sgm-604.txt,0.0,normal,true,0
reut2-006.sgm-604.txt,0.0,tfidf,false,7
reut2-006.sgm-604.txt,0.0,tfidf,true,15
reut2-006.sgm-605.txt,0.0,binary,false,14
reut2-006.sgm-605.txt,0.0,binary,true,4
reut2-006.sgm-605.txt,0.0,count,false,14
reut2-006.sgm-605.txt,0.0,count,true,4
reut2-006.sgm-605.txt,0.0,gfidf,false,14
reut2-006.sgm-605.txt,0.0,gfidf,true,4
reut2-006.sgm-605.txt,0.0,idf,false,10
reut2-006.sgm-605.txt,0.0,idf,true,4
reut2-006.sgm-605.txt,0.0,logEntropy,false,14
reut2-006.sgm-605.txt,0.0,logEntropy,true,4
reut2-006.sgm-605.txt,0.0,normal,false,14
reut2-006.sgm-605.txt,0.0,normal,true,0
reut2-006.sgm-605.txt,0.0,tfidf,false,10
reut2-006.sgm-605.txt,0.0,tfidf,true,4
reut2-006.sgm-617.txt,0.0,binary,false,6
reut2-006.sgm-617.txt,0.0,binary,true,7
reut2-006.sgm-617.txt,0.0,count,false,18
reut2-006.sgm-617.txt,0.0,count,true,10
reut2-006.sgm-617.txt,0.0,gfidf,false,6
reut2-006.sgm-617.txt,0.0,gfidf,true,7
reut2-006.sgm-617.txt,0.0,idf,false,16
reut2-006.sgm-617.txt,0.0,idf,true,7
reut2-006.sgm-617.txt,0.0,logEntropy,false,6
reut2-006.sgm-617.txt,0.0,logEntropy,true,7
reut2-006.sgm-617.txt,0.0,normal,false,8
reut2-006.sgm-617.txt,0.0,normal,true,8
reut2-006.sgm-617.txt,0.0,tfidf,false,10
reut2-006.sgm-617.txt,0.0,tfidf,true,10
reut2-006.sgm-632.txt,0.0,binary,false,8
reut2-006.sgm-632.txt,0.0,binary,true,8
reut2-006.sgm-632.txt,0.0,count,false,8
reut2-006.sgm-632.txt,0.0,count,true,8
reut2-006.sgm-632.txt,0.0,gfidf,false,8
reut2-006.sgm-632.txt,0.0,gfidf,true,8
reut2-006.sgm-632.txt,0.0,idf,false,8
reut2-006.sgm-632.txt,0.0,idf,true,8
reut2-006.sgm-632.txt,0.0,logEntropy,false,8
reut2-006.sgm-632.txt,0.0,logEntropy,true,8
reut2-006.sgm-632.txt,0.0,normal,false,13
reut2-006.sgm-632.txt,0.0,normal,true,8
reut2-006.sgm-632.txt,0.0,tfidf,false,8
reut2-006.sgm-632.txt,0.0,tfidf,true,8
reut2-006.sgm-655.txt,0.0,binary,false,25
reut2-006.sgm-655.txt,0.0,binary,true,25
reut2-006.sgm-655.txt,0.0,count,false,25
reut2-006.sgm-655.txt,0.0,count,true,25
reut2-006.sgm-655.txt,0.0,gfidf,false,25
reut2-006.sgm-655.txt,0.0,gfidf,true,25
reut2-006.sgm-655.txt,0.0,idf,false,25
reut2-006.sgm-655.txt,0.0,idf,true,25
reut2-006.sgm-655.txt,0.0,logEntropy,false,25
reut2-006.sgm-655.txt,0.0,logEntropy,true,25
reut2-006.sgm-655.txt,0.0,normal,false,1
reut2-006.sgm-655.txt,0.0,normal,true,1
reut2-006.sgm-655.txt,0.0,tfidf,false,25
reut2-006.sgm-655.txt,0.0,tfidf,true,25
reut2-006.sgm-656.txt,0.0,binary,false,43
reut2-006.sgm-656.txt,0.0,binary,true,43
reut2-006.sgm-656.txt,0.0,count,false,43
reut2-006.sgm-656.txt,0.0,count,true,43
reut2-006.sgm-656.txt,0.0,gfidf,false,43
reut2-006.sgm-656.txt,0.0,gfidf,true,43
reut2-006.sgm-656.txt,0.0,idf,false,43
reut2-006.sgm-656.txt,0.0,idf,true,43
reut2-006.sgm-656.txt,0.0,logEntropy,false,43
reut2-006.sgm-656.txt,0.0,logEntropy,true,43
reut2-006.sgm-656.txt,0.0,normal,false,0
reut2-006.sgm-656.txt,0.0,normal,true,0
reut2-006.sgm-656.txt,0.0,tfidf,false,43
reut2-006.sgm-656.txt,0.0,tfidf,true,43
reut2-006.sgm-664.txt,0.0,binary,false,14
reut2-006.sgm-664.txt,0.0,binary,true,14
reut2-006.sgm-664.txt,0.0,count,false,10
reut2-006.sgm-664.txt,0.0,count,true,10
reut2-006.sgm-664.txt,0.0,gfidf,false,14
reut2-006.sgm-664.txt,0.0,gfidf,true,19
reut2-006.sgm-664.txt,0.0,idf,false,10
reut2-006.sgm-664.txt,0.0,idf,true,10
reut2-006.sgm-664.txt,0.0,logEntropy,false,10
reut2-006.sgm-664.txt,0.0,logEntropy,true,10
reut2-006.sgm-664.txt,0.0,normal,false,14
reut2-006.sgm-664.txt,0.0,normal,true,1
reut2-006.sgm-664.txt,0.0,tfidf,false,7
reut2-006.sgm-664.txt,0.0,tfidf,true,9
reut2-006.sgm-707.txt,0.0,binary,false,7
reut2-006.sgm-707.txt,0.0,binary,true,7
reut2-006.sgm-707.txt,0.0,count,false,7
reut2-006.sgm-707.txt,0.0,count,true,7
reut2-006.sgm-707.txt,0.0,gfidf,false,7
reut2-006.sgm-707.txt,0.0,gfidf,true,27
reut2-006.sgm-707.txt,0.0,idf,false,7
reut2-006.sgm-707.txt,0.0,idf,true,27
reut2-006.sgm-707.txt,0.0,logEntropy,false,7
reut2-006.sgm-707.txt,0.0,logEntropy,true,7
reut2-006.sgm-707.txt,0.0,normal,false,21
reut2-006.sgm-707.txt,0.0,normal,true,25
reut2-006.sgm-707.txt,0.0,tfidf,false,27
reut2-006.sgm-707.txt,0.0,tfidf,true,27
reut2-006.sgm-715.txt,0.0,binary,false,17
reut2-006.sgm-715.txt,0.0,binary,true,9
reut2-006.sgm-715.txt,0.0,count,false,11
reut2-006.sgm-715.txt,0.0,count,true,12
reut2-006.sgm-715.txt,0.0,gfidf,false,17
reut2-006.sgm-715.txt,0.0,gfidf,true,17
reut2-006.sgm-715.txt,0.0,idf,false,10
reut2-006.sgm-715.txt,0.0,idf,true,9
reut2-006.sgm-715.txt,0.0,logEntropy,false,11
reut2-006.sgm-715.txt,0.0,logEntropy,true,17
reut2-006.sgm-715.txt,0.0,normal,false,9
reut2-006.sgm-715.txt,0.0,normal,true,17
reut2-006.sgm-715.txt,0.0,tfidf,false,5
reut2-006.sgm-715.txt,0.0,tfidf,true,9
reut2-006.sgm-718.txt,3.2813414240305514,binary,false,0
reut2-006.sgm-718.txt,3.2813414240305514,binary,true,0
reut2-006.sgm-718.txt,3.2813414240305514,count,false,9
reut2-006.sgm-718.txt,3.2813414240305514,count,true,0
reut2-006.sgm-718.txt,3.2813414240305514,gfidf,false,9
reut2-006.sgm-718.txt,3.2813414240305514,gfidf,true,0
reut2-006.sgm-718.txt,3.2813414240305514,idf,false,0
reut2-006.sgm-718.txt,3.2813414240305514,idf,true,0
reut2-006.sgm-718.txt,3.2813414240305514,logEntropy,false,0
reut2-006.sgm-718.txt,3.2813414240305514,logEntropy,true,0
reut2-006.sgm-718.txt,3.2813414240305514,normal,false,0
reut2-006.sgm-718.txt,3.2813414240305514,normal,true,0
reut2-006.sgm-718.txt,3.2813414240305514,tfidf,false,9
reut2-006.sgm-718.txt,3.2813414240305514,tfidf,true,9
reut2-006.sgm-719.txt,0.0,binary,false,1
reut2-006.sgm-719.txt,0.0,binary,true,1
reut2-006.sgm-719.txt,0.0,count,false,2
reut2-006.sgm-719.txt,0.0,count,true,2
reut2-006.sgm-719.txt,0.0,gfidf,false,2
reut2-006.sgm-719.txt,0.0,gfidf,true,1
reut2-006.sgm-719.txt,0.0,idf,false,13
reut2-006.sgm-719.txt,0.0,idf,true,1
reut2-006.sgm-719.txt,0.0,logEntropy,false,2
reut2-006.sgm-719.txt,0.0,logEntropy,true,2
reut2-006.sgm-719.txt,0.0,normal,false,1
reut2-006.sgm-719.txt,0.0,normal,true,1
reut2-006.sgm-719.txt,0.0,tfidf,false,13
reut2-006.sgm-719.txt,0.0,tfidf,true,13
reut2-006.sgm-721.txt,0.0,binary,false,24
reut2-006.sgm-721.txt,0.0,binary,true,20
reut2-006.sgm-721.txt,0.0,count,false,18
reut2-006.sgm-721.txt,0.0,count,true,24
reut2-006.sgm-721.txt,0.0,gfidf,false,24
reut2-006.sgm-721.txt,0.0,gfidf,true,24
reut2-006.sgm-721.txt,0.0,idf,false,20
reut2-006.sgm-721.txt,0.0,idf,true,24
reut2-006.sgm-721.txt,0.0,logEntropy,false,18
reut2-006.sgm-721.txt,0.0,logEntropy,true,24
reut2-006.sgm-721.txt,0.0,normal,false,21
reut2-006.sgm-721.txt,0.0,normal,true,21
reut2-006.sgm-721.txt,0.0,tfidf,false,18
reut2-006.sgm-721.txt,0.0,tfidf,true,24
reut2-006.sgm-741.txt,0.0,binary,false,9
reut2-006.sgm-741.txt,0.0,binary,true,10
reut2-006.sgm-741.txt,0.0,count,false,15
reut2-006.sgm-741.txt,0.0,count,true,10
reut2-006.sgm-741.txt,0.0,gfidf,false,9
reut2-006.sgm-741.txt,0.0,gfidf,true,9
reut2-006.sgm-741.txt,0.0,idf,false,9
reut2-006.sgm-741.txt,0.0,idf,true,9
reut2-006.sgm-741.txt,0.0,logEntropy,false,15
reut2-006.sgm-741.txt,0.0,logEntropy,true,10
reut2-006.sgm-741.txt,0.0,normal,false,10
reut2-006.sgm-741.txt,0.0,normal,true,5
reut2-006.sgm-741.txt,0.0,tfidf,false,9
reut2-006.sgm-741.txt,0.0,tfidf,true,9
reut2-006.sgm-751.txt,1.7239456424939554,binary,false,11
reut2-006.sgm-751.txt,1.7239456424939554,binary,true,0
reut2-006.sgm-751.txt,1.7239456424939554,count,false,5
reut2-006.sgm-751.txt,1.7239456424939554,count,true,5
reut2-006.sgm-751.txt,1.7239456424939554,gfidf,false,11
reut2-006.sgm-751.txt,1.7239456424939554,gfidf,true,0
reut2-006.sgm-751.txt,1.7239456424939554,idf,false,11
reut2-006.sgm-751.txt,1.7239456424939554,idf,true,9
reut2-006.sgm-751.txt,1.7239456424939554,logEntropy,false,5
reut2-006.sgm-751.txt,1.7239456424939554,logEntropy,true,5
reut2-006.sgm-751.txt,1.7239456424939554,normal,false,16
reut2-006.sgm-751.txt,1.7239456424939554,normal,true,16
reut2-006.sgm-751.txt,1.7239456424939554,tfidf,false,11
reut2-006.sgm-751.txt,1.7239456424939554,tfidf,true,5
reut2-006.sgm-769.txt,0.0,binary,false,10
reut2-006.sgm-769.txt,0.0,binary,true,10
reut2-006.sgm-769.txt,0.0,count,false,10
reut2-006.sgm-769.txt,0.0,count,true,10
reut2-006.sgm-769.txt,0.0,gfidf,false,10
reut2-006.sgm-769.txt,0.0,gfidf,true,10
reut2-006.sgm-769.txt,0.0,idf,false,10
reut2-006.sgm-769.txt,0.0,idf,true,8
reut2-006.sgm-769.txt,0.0,logEntropy,false,10
reut2-006.sgm-769.txt,0.0,logEntropy,true,10
reut2-006.sgm-769.txt,0.0,normal,false,10
reut2-006.sgm-769.txt,0.0,normal,true,10
reut2-006.sgm-769.txt,0.0,tfidf,false,16
reut2-006.sgm-769.txt,0.0,tfidf,true,13
reut2-006.sgm-795.txt,2.0,binary,false,1
reut2-006.sgm-795.txt,2.0,binary,true,9
reut2-006.sgm-795.txt,2.0,count,false,1
reut2-006.sgm-795.txt,2.0,count,true,1
reut2-006.sgm-795.txt,2.0,gfidf,false,1
reut2-006.sgm-795.txt,2.0,gfidf,true,1
reut2-006.sgm-795.txt,2.0,idf,false,2
reut2-006.sgm-795.txt,2.0,idf,true,9
reut2-006.sgm-795.txt,2.0,logEntropy,false,1
reut2-006.sgm-795.txt,2.0,logEntropy,true,1
reut2-006.sgm-795.txt,2.0,normal,false,1
reut2-006.sgm-795.txt,2.0,normal,true,1
reut2-006.sgm-795.txt,2.0,tfidf,false,1
reut2-006.sgm-795.txt,2.0,tfidf,true,1
reut2-006.sgm-822.txt,0.0,binary,false,27
reut2-006.sgm-822.txt,0.0,binary,true,27
reut2-006.sgm-822.txt,0.0,count,false,27
reut2-006.sgm-822.txt,0.0,count,true,27
reut2-006.sgm-822.txt,0.0,gfidf,false,27
reut2-006.sgm-822.txt,0.0,gfidf,true,27
reut2-006.sgm-822.txt,0.0,idf,false,27
reut2-006.sgm-822.txt,0.0,idf,true,27
reut2-006.sgm-822.txt,0.0,logEntropy,false,27
reut2-006.sgm-822.txt,0.0,logEntropy,true,27
reut2-006.sgm-822.txt,0.0,normal,false,9
reut2-006.sgm-822.txt,0.0,normal,true,9
reut2-006.sgm-822.txt,0.0,tfidf,false,27
reut2-006.sgm-822.txt,0.0,tfidf,true,27
reut2-006.sgm-843.txt,0.0,binary,false,3
reut2-006.sgm-843.txt,0.0,binary,true,3
reut2-006.sgm-843.txt,0.0,count,false,16
reut2-006.sgm-843.txt,0.0,count,true,3
reut2-006.sgm-843.txt,0.0,gfidf,false,3
reut2-006.sgm-843.txt,0.0,gfidf,true,3
reut2-006.sgm-843.txt,0.0,idf,false,3
reut2-006.sgm-843.txt,0.0,idf,true,3
reut2-006.sgm-843.txt,0.0,logEntropy,false,3
reut2-006.sgm-843.txt,0.0,logEntropy,true,3
reut2-006.sgm-843.txt,0.0,normal,false,3
reut2-006.sgm-843.txt,0.0,normal,true,3
reut2-006.sgm-843.txt,0.0,tfidf,false,29
reut2-006.sgm-843.txt,0.0,tfidf,true,29
reut2-006.sgm-85.txt,0.0,binary,false,2
reut2-006.sgm-85.txt,0.0,binary,true,2
reut2-006.sgm-85.txt,0.0,count,false,4
reut2-006.sgm-85.txt,0.0,count,true,9
reut2-006.sgm-85.txt,0.0,gfidf,false,2
reut2-006.sgm-85.txt,0.0,gfidf,true,9
reut2-006.sgm-85.txt,0.0,idf,false,4
reut2-006.sgm-85.txt,0.0,idf,true,2
reut2-006.sgm-85.txt,0.0,logEntropy,false,4
reut2-006.sgm-85.txt,0.0,logEntropy,true,2
reut2-006.sgm-85.txt,0.0,normal,false,5
reut2-006.sgm-85.txt,0.0,normal,true,9
reut2-006.sgm-85.txt,0.0,tfidf,false,21
reut2-006.sgm-85.txt,0.0,tfidf,true,21
reut2-006.sgm-866.txt,0.0,binary,false,7
reut2-006.sgm-866.txt,0.0,binary,true,7
reut2-006.sgm-866.txt,0.0,count,false,13
reut2-006.sgm-866.txt,0.0,count,true,13
reut2-006.sgm-866.txt,0.0,gfidf,false,7
reut2-006.sgm-866.txt,0.0,gfidf,true,7
reut2-006.sgm-866.txt,0.0,idf,false,16
reut2-006.sgm-866.txt,0.0,idf,true,7
reut2-006.sgm-866.txt,0.0,logEntropy,false,13
reut2-006.sgm-866.txt,0.0,logEntropy,true,13
reut2-006.sgm-866.txt,0.0,normal,false,7
reut2-006.sgm-866.txt,0.0,normal,true,7
reut2-006.sgm-866.txt,0.0,tfidf,false,5
reut2-006.sgm-866.txt,0.0,tfidf,true,5
reut2-006.sgm-875.txt,0.0,binary,false,2
reut2-006.sgm-875.txt,0.0,binary,true,24
reut2-006.sgm-875.txt,0.0,count,false,2
reut2-006.sgm-875.txt,0.0,count,true,1
reut2-006.sgm-875.txt,0.0,gfidf,false,2
reut2-006.sgm-875.txt,0.0,gfidf,true,24
reut2-006.sgm-875.txt,0.0,idf,false,2
reut2-006.sgm-875.txt,0.0,idf,true,24
reut2-006.sgm-875.txt,0.0,logEntropy,false,2
reut2-006.sgm-875.txt,0.0,logEntropy,true,24
reut2-006.sgm-875.txt,0.0,normal,false,2
reut2-006.sgm-875.txt,0.0,normal,true,1
reut2-006.sgm-875.txt,0.0,tfidf,false,24
reut2-006.sgm-875.txt,0.0,tfidf,true,24
reut2-006.sgm-889.txt,0.0,binary,false,9
reut2-006.sgm-889.txt,0.0,binary,true,9
reut2-006.sgm-889.txt,0.0,count,false,1
reut2-006.sgm-889.txt,0.0,count,true,1
reut2-006.sgm-889.txt,0.0,gfidf,false,9
reut2-006.sgm-889.txt,0.0,gfidf,true,9
reut2-006.sgm-889.txt,0.0,idf,false,9
reut2-006.sgm-889.txt,0.0,idf,true,4
reut2-006.sgm-889.txt,0.0,logEntropy,false,1
reut2-006.sgm-889.txt,0.0,logEntropy,true,9
reut2-006.sgm-889.txt,0.0,normal,false,13
reut2-006.sgm-889.txt,0.0,normal,true,21
reut2-006.sgm-889.txt,0.0,tfidf,false,10
reut2-006.sgm-889.txt,0.0,tfidf,true,4
reut2-006.sgm-89.txt,3.8067806120424783,binary,false,0
reut2-006.sgm-89.txt,3.8067806120424783,binary,true,0
reut2-006.sgm-89.txt,3.8067806120424783,count,false,0
reut2-006.sgm-89.txt,3.8067806120424783,count,true,0
reut2-006.sgm-89.txt,3.8067806120424783,gfidf,false,0
reut2-006.sgm-89.txt,3.8067806120424783,gfidf,true,0
reut2-006.sgm-89.txt,3.8067806120424783,idf,false,0
reut2-006.sgm-89.txt,3.8067806120424783,idf,true,0
reut2-006.sgm-89.txt,3.8067806120424783,logEntropy,false,0
reut2-006.sgm-89.txt,3.8067806120424783,logEntropy,true,0
reut2-006.sgm-89.txt,3.8067806120424783,normal,false,0
reut2-006.sgm-89.txt,3.8067806120424783,normal,true,0
reut2-006.sgm-89.txt,3.8067806120424783,tfidf,false,9
reut2-006.sgm-89.txt,3.8067806120424783,tfidf,true,0
reut2-006.sgm-890.txt,0.0,binary,false,2
reut2-006.sgm-890.txt,0.0,binary,true,7
reut2-006.sgm-890.txt,0.0,count,false,0
reut2-006.sgm-890.txt,0.0,count,true,0
reut2-006.sgm-890.txt,0.0,gfidf,false,2
reut2-006.sgm-890.txt,0.0,gfidf,true,5
reut2-006.sgm-890.txt,0.0,idf,false,2
reut2-006.sgm-890.txt,0.0,idf,true,7
reut2-006.sgm-890.txt,0.0,logEntropy,false,0
reut2-006.sgm-890.txt,0.0,logEntropy,true,0
reut2-006.sgm-890.txt,0.0,normal,false,2
reut2-006.sgm-890.txt,0.0,normal,true,2
reut2-006.sgm-890.txt,0.0,tfidf,false,5
reut2-006.sgm-890.txt,0.0,tfidf,true,5
reut2-006.sgm-895.txt,0.0,binary,false,38
reut2-006.sgm-895.txt,0.0,binary,true,38
reut2-006.sgm-895.txt,0.0,count,false,38
reut2-006.sgm-895.txt,0.0,count,true,38
reut2-006.sgm-895.txt,0.0,gfidf,false,38
reut2-006.sgm-895.txt,0.0,gfidf,true,38
reut2-006.sgm-895.txt,0.0,idf,false,38
reut2-006.sgm-895.txt,0.0,idf,true,38
reut2-006.sgm-895.txt,0.0,logEntropy,false,38
reut2-006.sgm-895.txt,0.0,logEntropy,true,38
reut2-006.sgm-895.txt,0.0,normal,false,0
reut2-006.sgm-895.txt,0.0,normal,true,0
reut2-006.sgm-895.txt,0.0,tfidf,false,38
reut2-006.sgm-895.txt,0.0,tfidf,true,30
reut2-006.sgm-90.txt,0.0,binary,false,15
reut2-006.sgm-90.txt,0.0,binary,true,2
reut2-006.sgm-90.txt,0.0,count,false,7
reut2-006.sgm-90.txt,0.0,count,true,7
reut2-006.sgm-90.txt,0.0,gfidf,false,15
reut2-006.sgm-90.txt,0.0,gfidf,true,2
reut2-006.sgm-90.txt,0.0,idf,false,2
reut2-006.sgm-90.txt,0.0,idf,true,2
reut2-006.sgm-90.txt,0.0,logEntropy,false,6
reut2-006.sgm-90.txt,0.0,logEntropy,true,7
reut2-006.sgm-90.txt,0.0,normal,false,15
reut2-006.sgm-90.txt,0.0,normal,true,3
reut2-006.sgm-90.txt,0.0,tfidf,false,2
reut2-006.sgm-90.txt,0.0,tfidf,true,2
reut2-006.sgm-913.txt,0.0,binary,false,2
reut2-006.sgm-913.txt,0.0,binary,true,2
reut2-006.sgm-913.txt,0.0,count,false,2
reut2-006.sgm-913.txt,0.0,count,true,2
reut2-006.sgm-913.txt,0.0,gfidf,false,2
reut2-006.sgm-913.txt,0.0,gfidf,true,2
reut2-006.sgm-913.txt,0.0,idf,false,2
reut2-006.sgm-913.txt,0.0,idf,true,2
reut2-006.sgm-913.txt,0.0,logEntropy,false,2
reut2-006.sgm-913.txt,0.0,logEntropy,true,2
reut2-006.sgm-913.txt,0.0,normal,false,4
reut2-006.sgm-913.txt,0.0,normal,true,8
reut2-006.sgm-913.txt,0.0,tfidf,false,2
reut2-006.sgm-913.txt,0.0,tfidf,true,23
reut2-006.sgm-921.txt,0.0,binary,false,12
reut2-006.sgm-921.txt,0.0,binary,true,12
reut2-006.sgm-921.txt,0.0,count,false,12
reut2-006.sgm-921.txt,0.0,count,true,12
reut2-006.sgm-921.txt,0.0,gfidf,false,12
reut2-006.sgm-921.txt,0.0,gfidf,true,12
reut2-006.sgm-921.txt,0.0,idf,false,12
reut2-006.sgm-921.txt,0.0,idf,true,12
reut2-006.sgm-921.txt,0.0,logEntropy,false,12
reut2-006.sgm-921.txt,0.0,logEntropy,true,12
reut2-006.sgm-921.txt,0.0,normal,false,12
reut2-006.sgm-921.txt,0.0,normal,true,12
reut2-006.sgm-921.txt,0.0,tfidf,false,17
reut2-006.sgm-921.txt,0.0,tfidf,true,12
reut2-006.sgm-925.txt,0.0,binary,false,12
reut2-006.sgm-925.txt,0.0,binary,true,12
reut2-006.sgm-925.txt,0.0,count,false,12
reut2-006.sgm-925.txt,0.0,count,true,12
reut2-006.sgm-925.txt,0.0,gfidf,false,12
reut2-006.sgm-925.txt,0.0,gfidf,true,12
reut2-006.sgm-925.txt,0.0,idf,false,12
reut2-006.sgm-925.txt,0.0,idf,true,12
reut2-006.sgm-925.txt,0.0,logEntropy,false,12
reut2-006.sgm-925.txt,0.0,logEntropy,true,12
reut2-006.sgm-925.txt,0.0,normal,false,12
reut2-006.sgm-925.txt,0.0,normal,true,12
reut2-006.sgm-925.txt,0.0,tfidf,false,19
reut2-006.sgm-925.txt,0.0,tfidf,true,12
reut2-006.sgm-926.txt,2.0587705289002445,binary,false,1
reut2-006.sgm-926.txt,2.0587705289002445,binary,true,1
reut2-006.sgm-926.txt,2.0587705289002445,count,false,1
reut2-006.sgm-926.txt,2.0587705289002445,count,true,1
reut2-006.sgm-926.txt,2.0587705289002445,gfidf,false,1
reut2-006.sgm-926.txt,2.0587705289002445,gfidf,true,1
reut2-006.sgm-926.txt,2.0587705289002445,idf,false,1
reut2-006.sgm-926.txt,2.0587705289002445,idf,true,1
reut2-006.sgm-926.txt,2.0587705289002445,logEntropy,false,1
reut2-006.sgm-926.txt,2.0587705289002445,logEntropy,true,1
reut2-006.sgm-926.txt,2.0587705289002445,normal,false,1
reut2-006.sgm-926.txt,2.0587705289002445,normal,true,1
reut2-006.sgm-926.txt,2.0587705289002445,tfidf,false,1
reut2-006.sgm-926.txt,2.0587705289002445,tfidf,true,1
reut2-006.sgm-927.txt,0.0,binary,false,3
reut2-006.sgm-927.txt,0.0,binary,true,3
reut2-006.sgm-927.txt,0.0,count,false,3
reut2-006.sgm-927.txt,0.0,count,true,3
reut2-006.sgm-927.txt,0.0,gfidf,false,3
reut2-006.sgm-927.txt,0.0,gfidf,true,3
reut2-006.sgm-927.txt,0.0,idf,false,11
reut2-006.sgm-927.txt,0.0,idf,true,3
reut2-006.sgm-927.txt,0.0,logEntropy,false,3
reut2-006.sgm-927.txt,0.0,logEntropy,true,3
reut2-006.sgm-927.txt,0.0,normal,false,3
reut2-006.sgm-927.txt,0.0,normal,true,3
reut2-006.sgm-927.txt,0.0,tfidf,false,11
reut2-006.sgm-927.txt,0.0,tfidf,true,11
reut2-006.sgm-948.txt,0.0,binary,false,13
reut2-006.sgm-948.txt,0.0,binary,true,13
reut2-006.sgm-948.txt,0.0,count,false,13
reut2-006.sgm-948.txt,0.0,count,true,13
reut2-006.sgm-948.txt,0.0,gfidf,false,13
reut2-006.sgm-948.txt,0.0,gfidf,true,13
reut2-006.sgm-948.txt,0.0,idf,false,13
reut2-006.sgm-948.txt,0.0,idf,true,13
reut2-006.sgm-948.txt,0.0,logEntropy,false,13
reut2-006.sgm-948.txt,0.0,logEntropy,true,13
reut2-006.sgm-948.txt,0.0,normal,false,20
reut2-006.sgm-948.txt,0.0,normal,true,20
reut2-006.sgm-948.txt,0.0,tfidf,false,13
reut2-006.sgm-948.txt,0.0,tfidf,true,13
reut2-006.sgm-958.txt,0.0,binary,false,5
reut2-006.sgm-958.txt,0.0,binary,true,0
reut2-006.sgm-958.txt,0.0,count,false,5
reut2-006.sgm-958.txt,0.0,count,true,0
reut2-006.sgm-958.txt,0.0,gfidf,false,0
reut2-006.sgm-958.txt,0.0,gfidf,true,0
reut2-006.sgm-958.txt,0.0,idf,false,11
reut2-006.sgm-958.txt,0.0,idf,true,11
reut2-006.sgm-958.txt,0.0,logEntropy,false,0
reut2-006.sgm-958.txt,0.0,logEntropy,true,0
reut2-006.sgm-958.txt,0.0,normal,false,0
reut2-006.sgm-958.txt,0.0,normal,true,0
reut2-006.sgm-958.txt,0.0,tfidf,false,11
reut2-006.sgm-958.txt,0.0,tfidf,true,11
reut2-006.sgm-969.txt,0.0,binary,false,12
reut2-006.sgm-969.txt,0.0,binary,true,12
reut2-006.sgm-969.txt,0.0,count,false,12
reut2-006.sgm-969.txt,0.0,count,true,14
reut2-006.sgm-969.txt,0.0,gfidf,false,12
reut2-006.sgm-969.txt,0.0,gfidf,true,12
reut2-006.sgm-969.txt,0.0,idf,false,12
reut2-006.sgm-969.txt,0.0,idf,true,12
reut2-006.sgm-969.txt,0.0,logEntropy,false,12
reut2-006.sgm-969.txt,0.0,logEntropy,true,12
reut2-006.sgm-969.txt,0.0,normal,false,12
reut2-006.sgm-969.txt,0.0,normal,true,12
reut2-006.sgm-969.txt,0.0,tfidf,false,5
reut2-006.sgm-969.txt,0.0,tfidf,true,5
reut2-006.sgm-979.txt,0.0,binary,false,14
reut2-006.sgm-979.txt,0.0,binary,true,14
reut2-006.sgm-979.txt,0.0,count,false,12
reut2-006.sgm-979.txt,0.0,count,true,12
reut2-006.sgm-979.txt,0.0,gfidf,false,12
reut2-006.sgm-979.txt,0.0,gfidf,true,12
reut2-006.sgm-979.txt,0.0,idf,false,14
reut2-006.sgm-979.txt,0.0,idf,true,14
reut2-006.sgm-979.txt,0.0,logEntropy,false,12
reut2-006.sgm-979.txt,0.0,logEntropy,true,12
reut2-006.sgm-979.txt,0.0,normal,false,12
reut2-006.sgm-979.txt,0.0,normal,true,12
reut2-006.sgm-979.txt,0.0,tfidf,false,12
reut2-006.sgm-979.txt,0.0,tfidf,true,14
reut2-006.sgm-995.txt,0.0,binary,false,29
reut2-006.sgm-995.txt,0.0,binary,true,29
reut2-006.sgm-995.txt,0.0,count,false,29
reut2-006.sgm-995.txt,0.0,count,true,29
reut2-006.sgm-995.txt,0.0,gfidf,false,29
reut2-006.sgm-995.txt,0.0,gfidf,true,29
reut2-006.sgm-995.txt,0.0,idf,false,29
reut2-006.sgm-995.txt,0.0,idf,true,27
reut2-006.sgm-995.txt,0.0,logEntropy,false,29
reut2-006.sgm-995.txt,0.0,logEntropy,true,29
reut2-006.sgm-995.txt,0.0,normal,false,0
reut2-006.sgm-995.txt,0.0,normal,true,29
reut2-006.sgm-995.txt,0.0,tfidf,false,27
reut2-006.sgm-995.txt,0.0,tfidf,true,27
reut2-007.sgm-104.txt,0.0,binary,false,10
reut2-007.sgm-104.txt,0.0,binary,true,10
reut2-007.sgm-104.txt,0.0,count,false,5
reut2-007.sgm-104.txt,0.0,count,true,10
reut2-007.sgm-104.txt,0.0,gfidf,false,10
reut2-007.sgm-104.txt,0.0,gfidf,true,10
reut2-007.sgm-104.txt,0.0,idf,false,10
reut2-007.sgm-104.txt,0.0,idf,true,10
reut2-007.sgm-104.txt,0.0,logEntropy,false,10
reut2-007.sgm-104.txt,0.0,logEntropy,true,10
reut2-007.sgm-104.txt,0.0,normal,false,10
reut2-007.sgm-104.txt,0.0,normal,true,1
reut2-007.sgm-104.txt,0.0,tfidf,false,5
reut2-007.sgm-104.txt,0.0,tfidf,true,10
reut2-007.sgm-125.txt,4.043663440818806,binary,false,0
reut2-007.sgm-125.txt,4.043663440818806,binary,true,0
reut2-007.sgm-125.txt,4.043663440818806,count,false,0
reut2-007.sgm-125.txt,4.043663440818806,count,true,0
reut2-007.sgm-125.txt,4.043663440818806,gfidf,false,0
reut2-007.sgm-125.txt,4.043663440818806,gfidf,true,0
reut2-007.sgm-125.txt,4.043663440818806,idf,false,0
reut2-007.sgm-125.txt,4.043663440818806,idf,true,0
reut2-007.sgm-125.txt,4.043663440818806,logEntropy,false,0
reut2-007.sgm-125.txt,4.043663440818806,logEntropy,true,0
reut2-007.sgm-125.txt,4.043663440818806,normal,false,0
reut2-007.sgm-125.txt,4.043663440818806,normal,true,0
reut2-007.sgm-125.txt,4.043663440818806,tfidf,false,8
reut2-007.sgm-125.txt,4.043663440818806,tfidf,true,8
reut2-007.sgm-13.txt,0.0,binary,false,1
reut2-007.sgm-13.txt,0.0,binary,true,8
reut2-007.sgm-13.txt,0.0,count,false,13
reut2-007.sgm-13.txt,0.0,count,true,13
reut2-007.sgm-13.txt,0.0,gfidf,false,15
reut2-007.sgm-13.txt,0.0,gfidf,true,8
reut2-007.sgm-13.txt,0.0,idf,false,15
reut2-007.sgm-13.txt,0.0,idf,true,8
reut2-007.sgm-13.txt,0.0,logEntropy,false,13
reut2-007.sgm-13.txt,0.0,logEntropy,true,13
reut2-007.sgm-13.txt,0.0,normal,false,5
reut2-007.sgm-13.txt,0.0,normal,true,5
reut2-007.sgm-13.txt,0.0,tfidf,false,6
reut2-007.sgm-13.txt,0.0,tfidf,true,8
reut2-007.sgm-134.txt,0.0,binary,false,8
reut2-007.sgm-134.txt,0.0,binary,true,8
reut2-007.sgm-134.txt,0.0,count,false,20
reut2-007.sgm-134.txt,0.0,count,true,20
reut2-007.sgm-134.txt,0.0,gfidf,false,8
reut2-007.sgm-134.txt,0.0,gfidf,true,8
reut2-007.sgm-134.txt,0.0,idf,false,8
reut2-007.sgm-134.txt,0.0,idf,true,8
reut2-007.sgm-134.txt,0.0,logEntropy,false,8
reut2-007.sgm-134.txt,0.0,logEntropy,true,20
reut2-007.sgm-134.txt,0.0,normal,false,49
reut2-007.sgm-134.txt,0.0,normal,true,49
reut2-007.sgm-134.txt,0.0,tfidf,false,8
reut2-007.sgm-134.txt,0.0,tfidf,true,8
reut2-007.sgm-154.txt,0.0,binary,false,6
reut2-007.sgm-154.txt,0.0,binary,true,4
reut2-007.sgm-154.txt,0.0,count,false,6
reut2-007.sgm-154.txt,0.0,count,true,6
reut2-007.sgm-154.txt,0.0,gfidf,false,6
reut2-007.sgm-154.txt,0.0,gfidf,true,6
reut2-007.sgm-154.txt,0.0,idf,false,6
reut2-007.sgm-154.txt,0.0,idf,true,4
reut2-007.sgm-154.txt,0.0,logEntropy,false,6
reut2-007.sgm-154.txt,0.0,logEntropy,true,6
reut2-007.sgm-154.txt,0.0,normal,false,6
reut2-007.sgm-154.txt,0.0,normal,true,6
reut2-007.sgm-154.txt,0.0,tfidf,false,6
reut2-007.sgm-154.txt,0.0,tfidf,true,6
reut2-007.sgm-160.txt,0.0,binary,false,9
reut2-007.sgm-160.txt,0.0,binary,true,0
reut2-007.sgm-160.txt,0.0,count,false,9
reut2-007.sgm-160.txt,0.0,count,true,9
reut2-007.sgm-160.txt,0.0,gfidf,false,9
reut2-007.sgm-160.txt,0.0,gfidf,true,0
reut2-007.sgm-160.txt,0.0,idf,false,9
reut2-007.sgm-160.txt,0.0,idf,true,9
reut2-007.sgm-160.txt,0.0,logEntropy,false,9
reut2-007.sgm-160.txt,0.0,logEntropy,true,0
reut2-007.sgm-160.txt,0.0,normal,false,0
reut2-007.sgm-160.txt,0.0,normal,true,0
reut2-007.sgm-160.txt,0.0,tfidf,false,9
reut2-007.sgm-160.txt,0.0,tfidf,true,9
reut2-007.sgm-173.txt,0.0,binary,false,2
reut2-007.sgm-173.txt,0.0,binary,true,2
reut2-007.sgm-173.txt,0.0,count,false,2
reut2-007.sgm-173.txt,0.0,count,true,2
reut2-007.sgm-173.txt,0.0,gfidf,false,2
reut2-007.sgm-173.txt,0.0,gfidf,true,2
reut2-007.sgm-173.txt,0.0,idf,false,2
reut2-007.sgm-173.txt,0.0,idf,true,2
reut2-007.sgm-173.txt,0.0,logEntropy,false,2
reut2-007.sgm-173.txt,0.0,logEntropy,true,2
reut2-007.sgm-173.txt,0.0,normal,false,2
reut2-007.sgm-173.txt,0.0,normal,true,3
reut2-007.sgm-173.txt,0.0,tfidf,false,9
reut2-007.sgm-173.txt,0.0,tfidf,true,9
reut2-007.sgm-174.txt,0.0,binary,false,10
reut2-007.sgm-174.txt,0.0,binary,true,14
reut2-007.sgm-174.txt,0.0,count,false,10
reut2-007.sgm-174.txt,0.0,count,true,14
reut2-007.sgm-174.txt,0.0,gfidf,false,10
reut2-007.sgm-174.txt,0.0,gfidf,true,14
reut2-007.sgm-174.txt,0.0,idf,false,10
reut2-007.sgm-174.txt,0.0,idf,true,10
reut2-007.sgm-174.txt,0.0,logEntropy,false,10
reut2-007.sgm-174.txt,0.0,logEntropy,true,10
reut2-007.sgm-174.txt,0.0,normal,false,10
reut2-007.sgm-174.txt,0.0,normal,true,18
reut2-007.sgm-174.txt,0.0,tfidf,false,10
reut2-007.sgm-174.txt,0.0,tfidf,true,8
reut2-007.sgm-185.txt,0.0,binary,false,0
reut2-007.sgm-185.txt,0.0,binary,true,0
reut2-007.sgm-185.txt,0.0,count,false,4
reut2-007.sgm-185.txt,0.0,count,true,4
reut2-007.sgm-185.txt,0.0,gfidf,false,0
reut2-007.sgm-185.txt,0.0,gfidf,true,0
reut2-007.sgm-185.txt,0.0,idf,false,11
reut2-007.sgm-185.txt,0.0,idf,true,11
reut2-007.sgm-185.txt,0.0,logEntropy,false,0
reut2-007.sgm-185.txt,0.0,logEntropy,true,0
reut2-007.sgm-185.txt,0.0,normal,false,0
reut2-007.sgm-185.txt,0.0,normal,true,0
reut2-007.sgm-185.txt,0.0,tfidf,false,11
reut2-007.sgm-185.txt,0.0,tfidf,true,11
reut2-007.sgm-199.txt,0.0,binary,false,5
reut2-007.sgm-199.txt,0.0,binary,true,5
reut2-007.sgm-199.txt,0.0,count,false,22
reut2-007.sgm-199.txt,0.0,count,true,22
reut2-007.sgm-199.txt,0.0,gfidf,false,5
reut2-007.sgm-199.txt,0.0,gfidf,true,5
reut2-007.sgm-199.txt,0.0,idf,false,5
reut2-007.sgm-199.txt,0.0,idf,true,22
reut2-007.sgm-199.txt,0.0,logEntropy,false,5
reut2-007.sgm-199.txt,0.0,logEntropy,true,22
reut2-007.sgm-199.txt,0.0,normal,false,5
reut2-007.sgm-199.txt,0.0,normal,true,5
reut2-007.sgm-199.txt,0.0,tfidf,false,22
reut2-007.sgm-199.txt,0.0,tfidf,true,22
reut2-007.sgm-202.txt,1.0507566386532194,binary,false,10
reut2-007.sgm-202.txt,1.0507566386532194,binary,true,10
reut2-007.sgm-202.txt,1.0507566386532194,count,false,10
reut2-007.sgm-202.txt,1.0507566386532194,count,true,10
reut2-007.sgm-202.txt,1.0507566386532194,gfidf,false,10
reut2-007.sgm-202.txt,1.0507566386532194,gfidf,true,10
reut2-007.sgm-202.txt,1.0507566386532194,idf,false,10
reut2-007.sgm-202.txt,1.0507566386532194,idf,true,10
reut2-007.sgm-202.txt,1.0507566386532194,logEntropy,false,10
reut2-007.sgm-202.txt,1.0507566386532194,logEntropy,true,10
reut2-007.sgm-202.txt,1.0507566386532194,normal,false,10
reut2-007.sgm-202.txt,1.0507566386532194,normal,true,10
reut2-007.sgm-202.txt,1.0507566386532194,tfidf,false,10
reut2-007.sgm-202.txt,1.0507566386532194,tfidf,true,10
reut2-007.sgm-21.txt,0.0,binary,false,7
reut2-007.sgm-21.txt,0.0,binary,true,16
reut2-007.sgm-21.txt,0.0,count,false,16
reut2-007.sgm-21.txt,0.0,count,true,16
reut2-007.sgm-21.txt,0.0,gfidf,false,16
reut2-007.sgm-21.txt,0.0,gfidf,true,16
reut2-007.sgm-21.txt,0.0,idf,false,17
reut2-007.sgm-21.txt,0.0,idf,true,16
reut2-007.sgm-21.txt,0.0,logEntropy,false,16
reut2-007.sgm-21.txt,0.0,logEntropy,true,16
reut2-007.sgm-21.txt,0.0,normal,false,7
reut2-007.sgm-21.txt,0.0,normal,true,7
reut2-007.sgm-21.txt,0.0,tfidf,false,16
reut2-007.sgm-21.txt,0.0,tfidf,true,16
reut2-007.sgm-218.txt,3.630543920168298,binary,false,0
reut2-007.sgm-218.txt,3.630543920168298,binary,true,0
reut2-007.sgm-218.txt,3.630543920168298,count,false,1
reut2-007.sgm-218.txt,3.630543920168298,count,true,0
reut2-007.sgm-218.txt,3.630543920168298,gfidf,false,1
reut2-007.sgm-218.txt,3.630543920168298,gfidf,true,0
reut2-007.sgm-218.txt,3.630543920168298,idf,false,13
reut2-007.sgm-218.txt,3.630543920168298,idf,true,0
reut2-007.sgm-218.txt,3.630543920168298,logEntropy,false,0
reut2-007.sgm-218.txt,3.630543920168298,logEntropy,true,0
reut2-007.sgm-218.txt,3.630543920168298,normal,false,0
reut2-007.sgm-218.txt,3.630543920168298,normal,true,0
reut2-007.sgm-218.txt,3.630543920168298,tfidf,false,1
reut2-007.sgm-218.txt,3.630543920168298,tfidf,true,1
reut2-007.sgm-262.txt,3.503286919034056,binary,false,0
reut2-007.sgm-262.txt,3.503286919034056,binary,true,0
reut2-007.sgm-262.txt,3.503286919034056,count,false,6
reut2-007.sgm-262.txt,3.503286919034056,count,true,0
reut2-007.sgm-262.txt,3.503286919034056,gfidf,false,0
reut2-007.sgm-262.txt,3.503286919034056,gfidf,true,0
reut2-007.sgm-262.txt,3.503286919034056,idf,false,0
reut2-007.sgm-262.txt,3.503286919034056,idf,true,0
reut2-007.sgm-262.txt,3.503286919034056,logEntropy,false,0
reut2-007.sgm-262.txt,3.503286919034056,logEntropy,true,0
reut2-007.sgm-262.txt,3.503286919034056,normal,false,0
reut2-007.sgm-262.txt,3.503286919034056,normal,true,0
reut2-007.sgm-262.txt,3.503286919034056,tfidf,false,6
reut2-007.sgm-262.txt,3.503286919034056,tfidf,true,0
reut2-007.sgm-272.txt,0.0,binary,false,2
reut2-007.sgm-272.txt,0.0,binary,true,4
reut2-007.sgm-272.txt,0.0,count,false,2
reut2-007.sgm-272.txt,0.0,count,true,2
reut2-007.sgm-272.txt,0.0,gfidf,false,2
reut2-007.sgm-272.txt,0.0,gfidf,true,2
reut2-007.sgm-272.txt,0.0,idf,false,15
reut2-007.sgm-272.txt,0.0,idf,true,4
reut2-007.sgm-272.txt,0.0,logEntropy,false,2
reut2-007.sgm-272.txt,0.0,logEntropy,true,2
reut2-007.sgm-272.txt,0.0,normal,false,16
reut2-007.sgm-272.txt,0.0,normal,true,16
reut2-007.sgm-272.txt,0.0,tfidf,false,15
reut2-007.sgm-272.txt,0.0,tfidf,true,15
reut2-007.sgm-289.txt,0.0,binary,false,6
reut2-007.sgm-289.txt,0.0,binary,true,6
reut2-007.sgm-289.txt,0.0,count,false,6
reut2-007.sgm-289.txt,0.0,count,true,6
reut2-007.sgm-289.txt,0.0,gfidf,false,6
reut2-007.sgm-289.txt,0.0,gfidf,true,6
reut2-007.sgm-289.txt,0.0,idf,false,6
reut2-007.sgm-289.txt,0.0,idf,true,6
reut2-007.sgm-289.txt,0.0,logEntropy,false,6
reut2-007.sgm-289.txt,0.0,logEntropy,true,6
reut2-007.sgm-289.txt,0.0,normal,false,0
reut2-007.sgm-289.txt,0.0,normal,true,0
reut2-007.sgm-289.txt,0.0,tfidf,false,6
reut2-007.sgm-289.txt,0.0,tfidf,true,6
reut2-007.sgm-303.txt,0.0,binary,false,16
reut2-007.sgm-303.txt,0.0,binary,true,16
reut2-007.sgm-303.txt,0.0,count,false,16
reut2-007.sgm-303.txt,0.0,count,true,16
reut2-007.sgm-303.txt,0.0,gfidf,false,16
reut2-007.sgm-303.txt,0.0,gfidf,true,16
reut2-007.sgm-303.txt,0.0,idf,false,16
reut2-007.sgm-303.txt,0.0,idf,true,16
reut2-007.sgm-303.txt,0.0,logEntropy,false,16
reut2-007.sgm-303.txt,0.0,logEntropy,true,16
reut2-007.sgm-303.txt,0.0,normal,false,16
reut2-007.sgm-303.txt,0.0,normal,true,16
reut2-007.sgm-303.txt,0.0,tfidf,false,23
reut2-007.sgm-303.txt,0.0,tfidf,true,23
reut2-007.sgm-312.txt,0.0,binary,false,17
reut2-007.sgm-312.txt,0.0,binary,true,17
reut2-007.sgm-312.txt,0.0,count,false,2
reut2-007.sgm-312.txt,0.0,count,true,2
reut2-007.sgm-312.txt,0.0,gfidf,false,17
reut2-007.sgm-312.txt,0.0,gfidf,true,2
reut2-007.sgm-312.txt,0.0,idf,false,17
reut2-007.sgm-312.txt,0.0,idf,true,2
reut2-007.sgm-312.txt,0.0,logEntropy,false,2
reut2-007.sgm-312.txt,0.0,logEntropy,true,2
reut2-007.sgm-312.txt,0.0,normal,false,2
reut2-007.sgm-312.txt,0.0,normal,true,2
reut2-007.sgm-312.txt,0.0,tfidf,false,17
reut2-007.sgm-312.txt,0.0,tfidf,true,10
reut2-007.sgm-32.txt,0.0,binary,false,11
reut2-007.sgm-32.txt,0.0,binary,true,14
reut2-007.sgm-32.txt,0.0,count,false,0
reut2-007.sgm-32.txt,0.0,count,true,0
reut2-007.sgm-32.txt,0.0,gfidf,false,11
reut2-007.sgm-32.txt,0.0,gfidf,true,0
reut2-007.sgm-32.txt,0.0,idf,false,11
reut2-007.sgm-32.txt,0.0,idf,true,14
reut2-007.sgm-32.txt,0.0,logEntropy,false,0
reut2-007.sgm-32.txt,0.0,logEntropy,true,0
reut2-007.sgm-32.txt,0.0,normal,false,0
reut2-007.sgm-32.txt,0.0,normal,true,0
reut2-007.sgm-32.txt,0.0,tfidf,false,11
reut2-007.sgm-32.txt,0.0,tfidf,true,14
reut2-007.sgm-325.txt,0.0,binary,false,26
reut2-007.sgm-325.txt,0.0,binary,true,5
reut2-007.sgm-325.txt,0.0,count,false,26
reut2-007.sgm-325.txt,0.0,count,true,5
reut2-007.sgm-325.txt,0.0,gfidf,false,26
reut2-007.sgm-325.txt,0.0,gfidf,true,5
reut2-007.sgm-325.txt,0.0,idf,false,26
reut2-007.sgm-325.txt,0.0,idf,true,5
reut2-007.sgm-325.txt,0.0,logEntropy,false,26
reut2-007.sgm-325.txt,0.0,logEntropy,true,5
reut2-007.sgm-325.txt,0.0,normal,false,5
reut2-007.sgm-325.txt,0.0,normal,true,26
reut2-007.sgm-325.txt,0.0,tfidf,false,26
reut2-007.sgm-325.txt,0.0,tfidf,true,14
reut2-007.sgm-35.txt,4.064266102921907,binary,false,0
reut2-007.sgm-35.txt,4.064266102921907,binary,true,0
reut2-007.sgm-35.txt,4.064266102921907,count,false,0
reut2-007.sgm-35.txt,4.064266102921907,count,true,0
reut2-007.sgm-35.txt,4.064266102921907,gfidf,false,0
reut2-007.sgm-35.txt,4.064266102921907,gfidf,true,0
reut2-007.sgm-35.txt,4.064266102921907,idf,false,0
reut2-007.sgm-35.txt,4.064266102921907,idf,true,0
reut2-007.sgm-35.txt,4.064266102921907,logEntropy,false,0
reut2-007.sgm-35.txt,4.064266102921907,logEntropy,true,0
reut2-007.sgm-35.txt,4.064266102921907,normal,false,0
reut2-007.sgm-35.txt,4.064266102921907,normal,true,0
reut2-007.sgm-35.txt,4.064266102921907,tfidf,false,0
reut2-007.sgm-35.txt,4.064266102921907,tfidf,true,0
reut2-007.sgm-355.txt,0.0,binary,false,15
reut2-007.sgm-355.txt,0.0,binary,true,2
reut2-007.sgm-355.txt,0.0,count,false,15
reut2-007.sgm-355.txt,0.0,count,true,15
reut2-007.sgm-355.txt,0.0,gfidf,false,15
reut2-007.sgm-355.txt,0.0,gfidf,true,15
reut2-007.sgm-355.txt,0.0,idf,false,15
reut2-007.sgm-355.txt,0.0,idf,true,2
reut2-007.sgm-355.txt,0.0,logEntropy,false,15
reut2-007.sgm-355.txt,0.0,logEntropy,true,15
reut2-007.sgm-355.txt,0.0,normal,false,15
reut2-007.sgm-355.txt,0.0,normal,true,15
reut2-007.sgm-355.txt,0.0,tfidf,false,15
reut2-007.sgm-355.txt,0.0,tfidf,true,15
reut2-007.sgm-36.txt,0.0,binary,false,7
reut2-007.sgm-36.txt,0.0,binary,true,6
reut2-007.sgm-36.txt,0.0,count,false,7
reut2-007.sgm-36.txt,0.0,count,true,6
reut2-007.sgm-36.txt,0.0,gfidf,false,3
reut2-007.sgm-36.txt,0.0,gfidf,true,6
reut2-007.sgm-36.txt,0.0,idf,false,7
reut2-007.sgm-36.txt,0.0,idf,true,6
reut2-007.sgm-36.txt,0.0,logEntropy,false,7
reut2-007.sgm-36.txt,0.0,logEntropy,true,6
reut2-007.sgm-36.txt,0.0,normal,false,3
reut2-007.sgm-36.txt,0.0,normal,true,6
reut2-007.sgm-36.txt,0.0,tfidf,false,7
reut2-007.sgm-36.txt,0.0,tfidf,true,6
reut2-007.sgm-365.txt,0.0,binary,false,24
reut2-007.sgm-365.txt,0.0,binary,true,18
reut2-007.sgm-365.txt,0.0,count,false,5
reut2-007.sgm-365.txt,0.0,count,true,5
reut2-007.sgm-365.txt,0.0,gfidf,false,18
reut2-007.sgm-365.txt,0.0,gfidf,true,18
reut2-007.sgm-365.txt,0.0,idf,false,18
reut2-007.sgm-365.txt,0.0,idf,true,24
reut2-007.sgm-365.txt,0.0,logEntropy,false,18
reut2-007.sgm-365.txt,0.0,logEntropy,true,18
reut2-007.sgm-365.txt,0.0,normal,false,5
reut2-007.sgm-365.txt,0.0,normal,true,5
reut2-007.sgm-365.txt,0.0,tfidf,false,18
reut2-007.sgm-365.txt,0.0,tfidf,true,15
reut2-007.sgm-37.txt,0.0,binary,false,5
reut2-007.sgm-37.txt,0.0,binary,true,5
reut2-007.sgm-37.txt,0.0,count,false,4
reut2-007.sgm-37.txt,0.0,count,true,4
reut2-007.sgm-37.txt,0.0,gfidf,false,4
reut2-007.sgm-37.txt,0.0,gfidf,true,4
reut2-007.sgm-37.txt,0.0,idf,false,5
reut2-007.sgm-37.txt,0.0,idf,true,5
reut2-007.sgm-37.txt,0.0,logEntropy,false,4
reut2-007.sgm-37.txt,0.0,logEntropy,true,4
reut2-007.sgm-37.txt,0.0,normal,false,4
reut2-007.sgm-37.txt,0.0,normal,true,4
reut2-007.sgm-37.txt,0.0,tfidf,false,5
reut2-007.sgm-37.txt,0.0,tfidf,true,4
reut2-007.sgm-374.txt,0.0,binary,false,6
reut2-007.sgm-374.txt,0.0,binary,true,0
reut2-007.sgm-374.txt,0.0,count,false,12
reut2-007.sgm-374.txt,0.0,count,true,12
reut2-007.sgm-374.txt,0.0,gfidf,false,12
reut2-007.sgm-374.txt,0.0,gfidf,true,12
reut2-007.sgm-374.txt,0.0,idf,false,6
reut2-007.sgm-374.txt,0.0,idf,true,6
reut2-007.sgm-374.txt,0.0,logEntropy,false,12
reut2-007.sgm-374.txt,0.0,logEntropy,true,12
reut2-007.sgm-374.txt,0.0,normal,false,0
reut2-007.sgm-374.txt,0.0,normal,true,0
reut2-007.sgm-374.txt,0.0,tfidf,false,12
reut2-007.sgm-374.txt,0.0,tfidf,true,12
reut2-007.sgm-390.txt,0.0,binary,false,26
reut2-007.sgm-390.txt,0.0,binary,true,0
reut2-007.sgm-390.txt,0.0,count,false,27
reut2-007.sgm-390.txt,0.0,count,true,27
reut2-007.sgm-390.txt,0.0,gfidf,false,26
reut2-007.sgm-390.txt,0.0,gfidf,true,0
reut2-007.sgm-390.txt,0.0,idf,false,26
reut2-007.sgm-390.txt,0.0,idf,true,25
reut2-007.sgm-390.txt,0.0,logEntropy,false,27
reut2-007.sgm-390.txt,0.0,logEntropy,true,27
reut2-007.sgm-390.txt,0.0,normal,false,0
reut2-007.sgm-390.txt,0.0,normal,true,0
reut2-007.sgm-390.txt,0.0,tfidf,false,26
reut2-007.sgm-390.txt,0.0,tfidf,true,43
reut2-007.sgm-404.txt,0.0,binary,false,37
reut2-007.sgm-404.txt,0.0,binary,true,37
reut2-007.sgm-404.txt,0.0,count,false,37
reut2-007.sgm-404.txt,0.0,count,true,37
reut2-007.sgm-404.txt,0.0,gfidf,false,37
reut2-007.sgm-404.txt,0.0,gfidf,true,37
reut2-007.sgm-404.txt,0.0,idf,false,37
reut2-007.sgm-404.txt,0.0,idf,true,37
reut2-007.sgm-404.txt,0.0,logEntropy,false,37
reut2-007.sgm-404.txt,0.0,logEntropy,true,37
reut2-007.sgm-404.txt,0.0,normal,false,0
reut2-007.sgm-404.txt,0.0,normal,true,37
reut2-007.sgm-404.txt,0.0,tfidf,false,6
reut2-007.sgm-404.txt,0.0,tfidf,true,6
reut2-007.sgm-42.txt,0.0,binary,false,2
reut2-007.sgm-42.txt,0.0,binary,true,2
reut2-007.sgm-42.txt,0.0,count,false,8
reut2-007.sgm-42.txt,0.0,count,true,2
reut2-007.sgm-42.txt,0.0,gfidf,false,2
reut2-007.sgm-42.txt,0.0,gfidf,true,2
reut2-007.sgm-42.txt,0.0,idf,false,2
reut2-007.sgm-42.txt,0.0,idf,true,2
reut2-007.sgm-42.txt,0.0,logEntropy,false,2
reut2-007.sgm-42.txt,0.0,logEntropy,true,2
reut2-007.sgm-42.txt,0.0,normal,false,2
reut2-007.sgm-42.txt,0.0,normal,true,2
reut2-007.sgm-42.txt,0.0,tfidf,false,8
reut2-007.sgm-42.txt,0.0,tfidf,true,8
reut2-007.sgm-470.txt,0.0,binary,false,6
reut2-007.sgm-470.txt,0.0,binary,true,6
reut2-007.sgm-470.txt,0.0,count,false,1
reut2-007.sgm-470.txt,0.0,count,true,1
reut2-007.sgm-470.txt,0.0,gfidf,false,6
reut2-007.sgm-470.txt,0.0,gfidf,true,6
reut2-007.sgm-470.txt,0.0,idf,false,6
reut2-007.sgm-470.txt,0.0,idf,true,6
reut2-007.sgm-470.txt,0.0,logEntropy,false,1
reut2-007.sgm-470.txt,0.0,logEntropy,true,1
reut2-007.sgm-470.txt,0.0,normal,false,9
reut2-007.sgm-470.txt,0.0,normal,true,9
reut2-007.sgm-470.txt,0.0,tfidf,false,6
reut2-007.sgm-470.txt,0.0,tfidf,true,6
reut2-007.sgm-485.txt,2.0,binary,false,3
reut2-007.sgm-485.txt,2.0,binary,true,1
reut2-007.sgm-485.txt,2.0,count,false,3
reut2-007.sgm-485.txt,2.0,count,true,1
reut2-007.sgm-485.txt,2.0,gfidf,false,3
reut2-007.sgm-485.txt,2.0,gfidf,true,1
reut2-007.sgm-485.txt,2.0,idf,false,3
reut2-007.sgm-485.txt,2.0,idf,true,1
reut2-007.sgm-485.txt,2.0,logEntropy,false,3
reut2-007.sgm-485.txt,2.0,logEntropy,true,1
reut2-007.sgm-485.txt,2.0,normal,false,3
reut2-007.sgm-485.txt,2.0,normal,true,1
reut2-007.sgm-485.txt,2.0,tfidf,false,3
reut2-007.sgm-485.txt,2.0,tfidf,true,1
reut2-007.sgm-492.txt,0.0,binary,false,7
reut2-007.sgm-492.txt,0.0,binary,true,1
reut2-007.sgm-492.txt,0.0,count,false,16
reut2-007.sgm-492.txt,0.0,count,true,18
reut2-007.sgm-492.txt,0.0,gfidf,false,7
reut2-007.sgm-492.txt,0.0,gfidf,true,7
reut2-007.sgm-492.txt,0.0,idf,false,12
reut2-007.sgm-492.txt,0.0,idf,true,1
reut2-007.sgm-492.txt,0.0,logEntropy,false,7
reut2-007.sgm-492.txt,0.0,logEntropy,true,1
reut2-007.sgm-492.txt,0.0,normal,false,16
reut2-007.sgm-492.txt,0.0,normal,true,16
reut2-007.sgm-492.txt,0.0,tfidf,false,12
reut2-007.sgm-492.txt,0.0,tfidf,true,1
reut2-007.sgm-498.txt,0.0,binary,false,21
reut2-007.sgm-498.txt,0.0,binary,true,18
reut2-007.sgm-498.txt,0.0,count,false,7
reut2-007.sgm-498.txt,0.0,count,true,18
reut2-007.sgm-498.txt,0.0,gfidf,false,21
reut2-007.sgm-498.txt,0.0,gfidf,true,18
reut2-007.sgm-498.txt,0.0,idf,false,21
reut2-007.sgm-498.txt,0.0,idf,true,18
reut2-007.sgm-498.txt,0.0,logEntropy,false,21
reut2-007.sgm-498.txt,0.0,logEntropy,true,18
reut2-007.sgm-498.txt,0.0,normal,false,21
reut2-007.sgm-498.txt,0.0,normal,true,1
reut2-007.sgm-498.txt,0.0,tfidf,false,7
reut2-007.sgm-498.txt,0.0,tfidf,true,18
reut2-007.sgm-50.txt,2.561773379528545,binary,false,0
reut2-007.sgm-50.txt,2.561773379528545,binary,true,0
reut2-007.sgm-50.txt,2.561773379528545,count,false,4
reut2-007.sgm-50.txt,2.561773379528545,count,true,4
reut2-007.sgm-50.txt,2.561773379528545,gfidf,false,4
reut2-007.sgm-50.txt,2.561773379528545,gfidf,true,4
reut2-007.sgm-50.txt,2.561773379528545,idf,false,0
reut2-007.sgm-50.txt,2.561773379528545,idf,true,0
reut2-007.sgm-50.txt,2.561773379528545,logEntropy,false,0
reut2-007.sgm-50.txt,2.561773379528545,logEntropy,true,0
reut2-007.sgm-50.txt,2.561773379528545,normal,false,8
reut2-007.sgm-50.txt,2.561773379528545,normal,true,8
reut2-007.sgm-50.txt,2.561773379528545,tfidf,false,4
reut2-007.sgm-50.txt,2.561773379528545,tfidf,true,4
reut2-007.sgm-501.txt,0.0,binary,false,2
reut2-007.sgm-501.txt,0.0,binary,true,2
reut2-007.sgm-501.txt,0.0,count,false,2
reut2-007.sgm-501.txt,0.0,count,true,2
reut2-007.sgm-501.txt,0.0,gfidf,false,2
reut2-007.sgm-501.txt,0.0,gfidf,true,2
reut2-007.sgm-501.txt,0.0,idf,false,2
reut2-007.sgm-501.txt,0.0,idf,true,2
reut2-007.sgm-501.txt,0.0,logEntropy,false,2
reut2-007.sgm-501.txt,0.0,logEntropy,true,2
reut2-007.sgm-501.txt,0.0,normal,false,2
reut2-007.sgm-501.txt,0.0,normal,true,2
reut2-007.sgm-501.txt,0.0,tfidf,false,10
reut2-007.sgm-501.txt,0.0,tfidf,true,2
reut2-007.sgm-524.txt,0.0,binary,false,3
reut2-007.sgm-524.txt,0.0,binary,true,3
reut2-007.sgm-524.txt,0.0,count,false,3
reut2-007.sgm-524.txt,0.0,count,true,17
reut2-007.sgm-524.txt,0.0,gfidf,false,17
reut2-007.sgm-524.txt,0.0,gfidf,true,17
reut2-007.sgm-524.txt,0.0,idf,false,3
reut2-007.sgm-524.txt,0.0,idf,true,3
reut2-007.sgm-524.txt,0.0,logEntropy,false,3
reut2-007.sgm-524.txt,0.0,logEntropy,true,3
reut2-007.sgm-524.txt,0.0,normal,false,3
reut2-007.sgm-524.txt,0.0,normal,true,3
reut2-007.sgm-524.txt,0.0,tfidf,false,17
reut2-007.sgm-524.txt,0.0,tfidf,true,17
reut2-007.sgm-537.txt,0.0,binary,false,2
reut2-007.sgm-537.txt,0.0,binary,true,3
reut2-007.sgm-537.txt,0.0,count,false,2
reut2-007.sgm-537.txt,0.0,count,true,9
reut2-007.sgm-537.txt,0.0,gfidf,false,0
reut2-007.sgm-537.txt,0.0,gfidf,true,3
reut2-007.sgm-537.txt,0.0,idf,false,3
reut2-007.sgm-537.txt,0.0,idf,true,3
reut2-007.sgm-537.txt,0.0,logEntropy,false,2
reut2-007.sgm-537.txt,0.0,logEntropy,true,2
reut2-007.sgm-537.txt,0.0,normal,false,0
reut2-007.sgm-537.txt,0.0,normal,true,0
reut2-007.sgm-537.txt,0.0,tfidf,false,0
reut2-007.sgm-537.txt,0.0,tfidf,true,3
reut2-007.sgm-539.txt,3.7275937203149385,binary,false,0
reut2-007.sgm-539.txt,3.7275937203149385,binary,true,0
reut2-007.sgm-539.txt,3.7275937203149385,count,false,0
reut2-007.sgm-539.txt,3.7275937203149385,count,true,7
reut2-007.sgm-539.txt,3.7275937203149385,gfidf,false,0
reut2-007.sgm-539.txt,3.7275937203149385,gfidf,true,0
reut2-007.sgm-539.txt,3.7275937203149385,idf,false,0
reut2-007.sgm-539.txt,3.7275937203149385,idf,true,0
reut2-007.sgm-539.txt,3.7275937203149385,logEntropy,false,0
reut2-007.sgm-539.txt,3.7275937203149385,logEntropy,true,7
reut2-007.sgm-539.txt,3.7275937203149385,normal,false,0
reut2-007.sgm-539.txt,3.7275937203149385,normal,true,0
reut2-007.sgm-539.txt,3.7275937203149385,tfidf,false,13
reut2-007.sgm-539.txt,3.7275937203149385,tfidf,true,13
reut2-007.sgm-544.txt,1.8646771873140708,binary,false,18
reut2-007.sgm-544.txt,1.8646771873140708,binary,true,1
reut2-007.sgm-544.txt,1.8646771873140708,count,false,18
reut2-007.sgm-544.txt,1.8646771873140708,count,true,1
reut2-007.sgm-544.txt,1.8646771873140708,gfidf,false,18
reut2-007.sgm-544.txt,1.8646771873140708,gfidf,true,1
reut2-007.sgm-544.txt,1.8646771873140708,idf,false,18
reut2-007.sgm-544.txt,1.8646771873140708,idf,true,1
reut2-007.sgm-544.txt,1.8646771873140708,logEntropy,false,18
reut2-007.sgm-544.txt,1.8646771873140708,logEntropy,true,1
reut2-007.sgm-544.txt,1.8646771873140708,normal,false,1
reut2-007.sgm-544.txt,1.8646771873140708,normal,true,1
reut2-007.sgm-544.txt,1.8646771873140708,tfidf,false,18
reut2-007.sgm-544.txt,1.8646771873140708,tfidf,true,10
reut2-007.sgm-546.txt,0.0,binary,false,8
reut2-007.sgm-546.txt,0.0,binary,true,8
reut2-007.sgm-546.txt,0.0,count,false,8
reut2-007.sgm-546.txt,0.0,count,true,8
reut2-007.sgm-546.txt,0.0,gfidf,false,8
reut2-007.sgm-546.txt,0.0,gfidf,true,8
reut2-007.sgm-546.txt,0.0,idf,false,8
reut2-007.sgm-546.txt,0.0,idf,true,8
reut2-007.sgm-546.txt,0.0,logEntropy,false,8
reut2-007.sgm-546.txt,0.0,logEntropy,true,8
reut2-007.sgm-546.txt,0.0,normal,false,8
reut2-007.sgm-546.txt,0.0,normal,true,8
reut2-007.sgm-546.txt,0.0,tfidf,false,8
reut2-007.sgm-546.txt,0.0,tfidf,true,8
reut2-007.sgm-550.txt,0.0,binary,false,30
reut2-007.sgm-550.txt,0.0,binary,true,30
reut2-007.sgm-550.txt,0.0,count,false,18
reut2-007.sgm-550.txt,0.0,count,true,18
reut2-007.sgm-550.txt,0.0,gfidf,false,18
reut2-007.sgm-550.txt,0.0,gfidf,true,30
reut2-007.sgm-550.txt,0.0,idf,false,34
reut2-007.sgm-550.txt,0.0,idf,true,30
reut2-007.sgm-550.txt,0.0,logEntropy,false,18
reut2-007.sgm-550.txt,0.0,logEntropy,true,18
reut2-007.sgm-550.txt,0.0,normal,false,30
reut2-007.sgm-550.txt,0.0,normal,true,30
reut2-007.sgm-550.txt,0.0,tfidf,false,34
reut2-007.sgm-550.txt,0.0,tfidf,true,18
reut2-007.sgm-559.txt,0.0,binary,false,1
reut2-007.sgm-559.txt,0.0,binary,true,8
reut2-007.sgm-559.txt,0.0,count,false,1
reut2-007.sgm-559.txt,0.0,count,true,0
reut2-007.sgm-559.txt,0.0,gfidf,false,8
reut2-007.sgm-559.txt,0.0,gfidf,true,8
reut2-007.sgm-559.txt,0.0,idf,false,8
reut2-007.sgm-559.txt,0.0,idf,true,8
reut2-007.sgm-559.txt,0.0,logEntropy,false,8
reut2-007.sgm-559.txt,0.0,logEntropy,true,8
reut2-007.sgm-559.txt,0.0,normal,false,8
reut2-007.sgm-559.txt,0.0,normal,true,0
reut2-007.sgm-559.txt,0.0,tfidf,false,8
reut2-007.sgm-559.txt,0.0,tfidf,true,8
reut2-007.sgm-565.txt,2.9363762302193352,binary,false,1
reut2-007.sgm-565.txt,2.9363762302193352,binary,true,1
reut2-007.sgm-565.txt,2.9363762302193352,count,false,1
reut2-007.sgm-565.txt,2.9363762302193352,count,true,0
reut2-007.sgm-565.txt,2.9363762302193352,gfidf,false,1
reut2-007.sgm-565.txt,2.9363762302193352,gfidf,true,1
reut2-007.sgm-565.txt,2.9363762302193352,idf,false,1
reut2-007.sgm-565.txt,2.9363762302193352,idf,true,1
reut2-007.sgm-565.txt,2.9363762302193352,logEntropy,false,1
reut2-007.sgm-565.txt,2.9363762302193352,logEntropy,true,1
reut2-007.sgm-565.txt,2.9363762302193352,normal,false,1
reut2-007.sgm-565.txt,2.9363762302193352,normal,true,16
reut2-007.sgm-565.txt,2.9363762302193352,tfidf,false,1
reut2-007.sgm-565.txt,2.9363762302193352,tfidf,true,1
reut2-007.sgm-574.txt,0.0,binary,false,18
reut2-007.sgm-574.txt,0.0,binary,true,4
reut2-007.sgm-574.txt,0.0,count,false,12
reut2-007.sgm-574.txt,0.0,count,true,4
reut2-007.sgm-574.txt,0.0,gfidf,false,18
reut2-007.sgm-574.txt,0.0,gfidf,true,18
reut2-007.sgm-574.txt,0.0,idf,false,4
reut2-007.sgm-574.txt,0.0,idf,true,4
reut2-007.sgm-574.txt,0.0,logEntropy,false,12
reut2-007.sgm-574.txt,0.0,logEntropy,true,18
reut2-007.sgm-574.txt,0.0,normal,false,18
reut2-007.sgm-574.txt,0.0,normal,true,18
reut2-007.sgm-574.txt,0.0,tfidf,false,4
reut2-007.sgm-574.txt,0.0,tfidf,true,4
reut2-007.sgm-582.txt,0.0,binary,false,0
reut2-007.sgm-582.txt,0.0,binary,true,0
reut2-007.sgm-582.txt,0.0,count,false,4
reut2-007.sgm-582.txt,0.0,count,true,4
reut2-007.sgm-582.txt,0.0,gfidf,false,4
reut2-007.sgm-582.txt,0.0,gfidf,true,0
reut2-007.sgm-582.txt,0.0,idf,false,0
reut2-007.sgm-582.txt,0.0,idf,true,0
reut2-007.sgm-582.txt,0.0,logEntropy,false,4
reut2-007.sgm-582.txt,0.0,logEntropy,true,4
reut2-007.sgm-582.txt,0.0,normal,false,4
reut2-007.sgm-582.txt,0.0,normal,true,4
reut2-007.sgm-582.txt,0.0,tfidf,false,0
reut2-007.sgm-582.txt,0.0,tfidf,true,0
reut2-007.sgm-588.txt,0.0,binary,false,15
reut2-007.sgm-588.txt,0.0,binary,true,10
reut2-007.sgm-588.txt,0.0,count,false,18
reut2-007.sgm-588.txt,0.0,count,true,18
reut2-007.sgm-588.txt,0.0,gfidf,false,15
reut2-007.sgm-588.txt,0.0,gfidf,true,10
reut2-007.sgm-588.txt,0.0,idf,false,7
reut2-007.sgm-588.txt,0.0,idf,true,10
reut2-007.sgm-588.txt,0.0,logEntropy,false,18
reut2-007.sgm-588.txt,0.0,logEntropy,true,10
reut2-007.sgm-588.txt,0.0,normal,false,10
reut2-007.sgm-588.txt,0.0,normal,true,10
reut2-007.sgm-588.txt,0.0,tfidf,false,19
reut2-007.sgm-588.txt,0.0,tfidf,true,7
reut2-007.sgm-594.txt,0.0,binary,false,11
reut2-007.sgm-594.txt,0.0,binary,true,0
reut2-007.sgm-594.txt,0.0,count,false,11
reut2-007.sgm-594.txt,0.0,count,true,11
reut2-007.sgm-594.txt,0.0,gfidf,false,11
reut2-007.sgm-594.txt,0.0,gfidf,true,0
reut2-007.sgm-594.txt,0.0,idf,false,11
reut2-007.sgm-594.txt,0.0,idf,true,3
reut2-007.sgm-594.txt,0.0,logEntropy,false,11
reut2-007.sgm-594.txt,0.0,logEntropy,true,0
reut2-007.sgm-594.txt,0.0,normal,false,0
reut2-007.sgm-594.txt,0.0,normal,true,0
reut2-007.sgm-594.txt,0.0,tfidf,false,11
reut2-007.sgm-594.txt,0.0,tfidf,true,3
reut2-007.sgm-606.txt,0.0,binary,false,4
reut2-007.sgm-606.txt,0.0,binary,true,11
reut2-007.sgm-606.txt,0.0,count,false,11
reut2-007.sgm-606.txt,0.0,count,true,11
reut2-007.sgm-606.txt,0.0,gfidf,false,4
reut2-007.sgm-606.txt,0.0,gfidf,true,11
reut2-007.sgm-606.txt,0.0,idf,false,4
reut2-007.sgm-606.txt,0.0,idf,true,11
reut2-007.sgm-606.txt,0.0,logEntropy,false,4
reut2-007.sgm-606.txt,0.0,logEntropy,true,11
reut2-007.sgm-606.txt,0.0,normal,false,9
reut2-007.sgm-606.txt,0.0,normal,true,9
reut2-007.sgm-606.txt,0.0,tfidf,false,4
reut2-007.sgm-606.txt,0.0,tfidf,true,11
reut2-007.sgm-607.txt,0.0,binary,false,16
reut2-007.sgm-607.txt,0.0,binary,true,16
reut2-007.sgm-607.txt,0.0,count,false,15
reut2-007.sgm-607.txt,0.0,count,true,16
reut2-007.sgm-607.txt,0.0,gfidf,false,15
reut2-007.sgm-607.txt,0.0,gfidf,true,16
reut2-007.sgm-607.txt,0.0,idf,false,16
reut2-007.sgm-607.txt,0.0,idf,true,16
reut2-007.sgm-607.txt,0.0,logEntropy,false,15
reut2-007.sgm-607.txt,0.0,logEntropy,true,16
reut2-007.sgm-607.txt,0.0,normal,false,0
reut2-007.sgm-607.txt,0.0,normal,true,15
reut2-007.sgm-607.txt,0.0,tfidf,false,16
reut2-007.sgm-607.txt,0.0,tfidf,true,16
reut2-007.sgm-61.txt,0.0,binary,false,0
reut2-007.sgm-61.txt,0.0,binary,true,0
reut2-007.sgm-61.txt,0.0,count,false,0
reut2-007.sgm-61.txt,0.0,count,true,0
reut2-007.sgm-61.txt,0.0,gfidf,false,0
reut2-007.sgm-61.txt,0.0,gfidf,true,0
reut2-007.sgm-61.txt,0.0,idf,false,0
reut2-007.sgm-61.txt,0.0,idf,true,0
reut2-007.sgm-61.txt,0.0,logEntropy,false,0
reut2-007.sgm-61.txt,0.0,logEntropy,true,0
reut2-007.sgm-61.txt,0.0,normal,false,0
reut2-007.sgm-61.txt,0.0,normal,true,0
reut2-007.sgm-61.txt,0.0,tfidf,false,18
reut2-007.sgm-61.txt,0.0,tfidf,true,18
reut2-007.sgm-627.txt,2.1999742040072876,binary,false,18
reut2-007.sgm-627.txt,2.1999742040072876,binary,true,1
reut2-007.sgm-627.txt,2.1999742040072876,count,false,18
reut2-007.sgm-627.txt,2.1999742040072876,count,true,1
reut2-007.sgm-627.txt,2.1999742040072876,gfidf,false,18
reut2-007.sgm-627.txt,2.1999742040072876,gfidf,true,1
reut2-007.sgm-627.txt,2.1999742040072876,idf,false,18
reut2-007.sgm-627.txt,2.1999742040072876,idf,true,1
reut2-007.sgm-627.txt,2.1999742040072876,logEntropy,false,18
reut2-007.sgm-627.txt,2.1999742040072876,logEntropy,true,1
reut2-007.sgm-627.txt,2.1999742040072876,normal,false,18
reut2-007.sgm-627.txt,2.1999742040072876,normal,true,1
reut2-007.sgm-627.txt,2.1999742040072876,tfidf,false,18
reut2-007.sgm-627.txt,2.1999742040072876,tfidf,true,1
reut2-007.sgm-642.txt,0.0,binary,false,0
reut2-007.sgm-642.txt,0.0,binary,true,0
reut2-007.sgm-642.txt,0.0,count,false,11
reut2-007.sgm-642.txt,0.0,count,true,0
reut2-007.sgm-642.txt,0.0,gfidf,false,11
reut2-007.sgm-642.txt,0.0,gfidf,true,0
reut2-007.sgm-642.txt,0.0,idf,false,11
reut2-007.sgm-642.txt,0.0,idf,true,8
reut2-007.sgm-642.txt,0.0,logEntropy,false,0
reut2-007.sgm-642.txt,0.0,logEntropy,true,0
reut2-007.sgm-642.txt,0.0,normal,false,0
reut2-007.sgm-642.txt,0.0,normal,true,0
reut2-007.sgm-642.txt,0.0,tfidf,false,11
reut2-007.sgm-642.txt,0.0,tfidf,true,8
reut2-007.sgm-70.txt,0.0,binary,false,9
reut2-007.sgm-70.txt,0.0,binary,true,12
reut2-007.sgm-70.txt,0.0,count,false,11
reut2-007.sgm-70.txt,0.0,count,true,11
reut2-007.sgm-70.txt,0.0,gfidf,false,9
reut2-007.sgm-70.txt,0.0,gfidf,true,11
reut2-007.sgm-70.txt,0.0,idf,false,9
reut2-007.sgm-70.txt,0.0,idf,true,12
reut2-007.sgm-70.txt,0.0,logEntropy,false,11
reut2-007.sgm-70.txt,0.0,logEntropy,true,11
reut2-007.sgm-70.txt,0.0,normal,false,0
reut2-007.sgm-70.txt,0.0,normal,true,0
reut2-007.sgm-70.txt,0.0,tfidf,false,9
reut2-007.sgm-70.txt,0.0,tfidf,true,12
reut2-007.sgm-704.txt,2.101513277306439,binary,false,0
reut2-007.sgm-704.txt,2.101513277306439,binary,true,0
reut2-007.sgm-704.txt,2.101513277306439,count,false,10
reut2-007.sgm-704.txt,2.101513277306439,count,true,10
reut2-007.sgm-704.txt,2.101513277306439,gfidf,false,0
reut2-007.sgm-704.txt,2.101513277306439,gfidf,true,0
reut2-007.sgm-704.txt,2.101513277306439,idf,false,6
reut2-007.sgm-704.txt,2.101513277306439,idf,true,16
reut2-007.sgm-704.txt,2.101513277306439,logEntropy,false,10
reut2-007.sgm-704.txt,2.101513277306439,logEntropy,true,10
reut2-007.sgm-704.txt,2.101513277306439,normal,false,0
reut2-007.sgm-704.txt,2.101513277306439,normal,true,10
reut2-007.sgm-704.txt,2.101513277306439,tfidf,false,16
reut2-007.sgm-704.txt,2.101513277306439,tfidf,true,16
reut2-007.sgm-709.txt,2.1352772944492213,binary,false,12
reut2-007.sgm-709.txt,2.1352772944492213,binary,true,12
reut2-007.sgm-709.txt,2.1352772944492213,count,false,13
reut2-007.sgm-709.txt,2.1352772944492213,count,true,13
reut2-007.sgm-709.txt,2.1352772944492213,gfidf,false,12
reut2-007.sgm-709.txt,2.1352772944492213,gfidf,true,12
reut2-007.sgm-709.txt,2.1352772944492213,idf,false,0
reut2-007.sgm-709.txt,2.1352772944492213,idf,true,8
reut2-007.sgm-709.txt,2.1352772944492213,logEntropy,false,13
reut2-007.sgm-709.txt,2.1352772944492213,logEntropy,true,1
reut2-007.sgm-709.txt,2.1352772944492213,normal,false,12
reut2-007.sgm-709.txt,2.1352772944492213,normal,true,12
reut2-007.sgm-709.txt,2.1352772944492213,tfidf,false,8
reut2-007.sgm-709.txt,2.1352772944492213,tfidf,true,8
reut2-007.sgm-711.txt,2.2081790273476245,binary,false,4
reut2-007.sgm-711.txt,2.2081790273476245,binary,true,0
reut2-007.sgm-711.txt,2.2081790273476245,count,false,4
reut2-007.sgm-711.txt,2.2081790273476245,count,true,4
reut2-007.sgm-711.txt,2.2081790273476245,gfidf,false,4
reut2-007.sgm-711.txt,2.2081790273476245,gfidf,true,0
reut2-007.sgm-711.txt,2.2081790273476245,idf,false,4
reut2-007.sgm-711.txt,2.2081790273476245,idf,true,1
reut2-007.sgm-711.txt,2.2081790273476245,logEntropy,false,4
reut2-007.sgm-711.txt,2.2081790273476245,logEntropy,true,4
reut2-007.sgm-711.txt,2.2081790273476245,normal,false,4
reut2-007.sgm-711.txt,2.2081790273476245,normal,true,4
reut2-007.sgm-711.txt,2.2081790273476245,tfidf,false,4
reut2-007.sgm-711.txt,2.2081790273476245,tfidf,true,1
reut2-007.sgm-730.txt,0.0,binary,false,10
reut2-007.sgm-730.txt,0.0,binary,true,12
reut2-007.sgm-730.txt,0.0,count,false,10
reut2-007.sgm-730.txt,0.0,count,true,12
reut2-007.sgm-730.txt,0.0,gfidf,false,10
reut2-007.sgm-730.txt,0.0,gfidf,true,12
reut2-007.sgm-730.txt,0.0,idf,false,10
reut2-007.sgm-730.txt,0.0,idf,true,17
reut2-007.sgm-730.txt,0.0,logEntropy,false,10
reut2-007.sgm-730.txt,0.0,logEntropy,true,12
reut2-007.sgm-730.txt,0.0,normal,false,14
reut2-007.sgm-730.txt,0.0,normal,true,14
reut2-007.sgm-730.txt,0.0,tfidf,false,13
reut2-007.sgm-730.txt,0.0,tfidf,true,6
reut2-007.sgm-732.txt,0.0,binary,false,8
reut2-007.sgm-732.txt,0.0,binary,true,1
reut2-007.sgm-732.txt,0.0,count,false,3
reut2-007.sgm-732.txt,0.0,count,true,3
reut2-007.sgm-732.txt,0.0,gfidf,false,3
reut2-007.sgm-732.txt,0.0,gfidf,true,8
reut2-007.sgm-732.txt,0.0,idf,false,1
reut2-007.sgm-732.txt,0.0,idf,true,1
reut2-007.sgm-732.txt,0.0,logEntropy,false,3
reut2-007.sgm-732.txt,0.0,logEntropy,true,3
reut2-007.sgm-732.txt,0.0,normal,false,3
reut2-007.sgm-732.txt,0.0,normal,true,3
reut2-007.sgm-732.txt,0.0,tfidf,false,1
reut2-007.sgm-732.txt,0.0,tfidf,true,1
reut2-007.sgm-74.txt,0.0,binary,false,4
reut2-007.sgm-74.txt,0.0,binary,true,5
reut2-007.sgm-74.txt,0.0,count,false,11
reut2-007.sgm-74.txt,0.0,count,true,5
reut2-007.sgm-74.txt,0.0,gfidf,false,4
reut2-007.sgm-74.txt,0.0,gfidf,true,5
reut2-007.sgm-74.txt,0.0,idf,false,4
reut2-007.sgm-74.txt,0.0,idf,true,17
reut2-007.sgm-74.txt,0.0,logEntropy,false,4
reut2-007.sgm-74.txt,0.0,logEntropy,true,5
reut2-007.sgm-74.txt,0.0,normal,false,5
reut2-007.sgm-74.txt,0.0,normal,true,5
reut2-007.sgm-74.txt,0.0,tfidf,false,17
reut2-007.sgm-74.txt,0.0,tfidf,true,17
reut2-007.sgm-741.txt,0.0,binary,false,0
reut2-007.sgm-741.txt,0.0,binary,true,0
reut2-007.sgm-741.txt,0.0,count,false,0
reut2-007.sgm-741.txt,0.0,count,true,17
reut2-007.sgm-741.txt,0.0,gfidf,false,0
reut2-007.sgm-741.txt,0.0,gfidf,true,0
reut2-007.sgm-741.txt,0.0,idf,false,15
reut2-007.sgm-741.txt,0.0,idf,true,6
reut2-007.sgm-741.txt,0.0,logEntropy,false,0
reut2-007.sgm-741.txt,0.0,logEntropy,true,17
reut2-007.sgm-741.txt,0.0,normal,false,0
reut2-007.sgm-741.txt,0.0,normal,true,0
reut2-007.sgm-741.txt,0.0,tfidf,false,6
reut2-007.sgm-741.txt,0.0,tfidf,true,6
reut2-007.sgm-752.txt,0.0,binary,false,9
reut2-007.sgm-752.txt,0.0,binary,true,12
reut2-007.sgm-752.txt,0.0,count,false,9
reut2-007.sgm-752.txt,0.0,count,true,12
reut2-007.sgm-752.txt,0.0,gfidf,false,4
reut2-007.sgm-752.txt,0.0,gfidf,true,12
reut2-007.sgm-752.txt,0.0,idf,false,21
reut2-007.sgm-752.txt,0.0,idf,true,12
reut2-007.sgm-752.txt,0.0,logEntropy,false,9
reut2-007.sgm-752.txt,0.0,logEntropy,true,12
reut2-007.sgm-752.txt,0.0,normal,false,13
reut2-007.sgm-752.txt,0.0,normal,true,9
reut2-007.sgm-752.txt,0.0,tfidf,false,21
reut2-007.sgm-752.txt,0.0,tfidf,true,12
reut2-007.sgm-764.txt,0.0,binary,false,3
reut2-007.sgm-764.txt,0.0,binary,true,3
reut2-007.sgm-764.txt,0.0,count,false,3
reut2-007.sgm-764.txt,0.0,count,true,3
reut2-007.sgm-764.txt,0.0,gfidf,false,3
reut2-007.sgm-764.txt,0.0,gfidf,true,3
reut2-007.sgm-764.txt,0.0,idf,false,3
reut2-007.sgm-764.txt,0.0,idf,true,3
reut2-007.sgm-764.txt,0.0,logEntropy,false,3
reut2-007.sgm-764.txt,0.0,logEntropy,true,3
reut2-007.sgm-764.txt,0.0,normal,false,3
reut2-007.sgm-764.txt,0.0,normal,true,3
reut2-007.sgm-764.txt,0.0,tfidf,false,3
reut2-007.sgm-764.txt,0.0,tfidf,true,3
reut2-007.sgm-766.txt,0.0,binary,false,7
reut2-007.sgm-766.txt,0.0,binary,true,8
reut2-007.sgm-766.txt,0.0,count,false,10
reut2-007.sgm-766.txt,0.0,count,true,10
reut2-007.sgm-766.txt,0.0,gfidf,false,5
reut2-007.sgm-766.txt,0.0,gfidf,true,5
reut2-007.sgm-766.txt,0.0,idf,false,7
reut2-007.sgm-766.txt,0.0,idf,true,8
reut2-007.sgm-766.txt,0.0,logEntropy,false,2
reut2-007.sgm-766.txt,0.0,logEntropy,true,10
reut2-007.sgm-766.txt,0.0,normal,false,5
reut2-007.sgm-766.txt,0.0,normal,true,7
reut2-007.sgm-766.txt,0.0,tfidf,false,7
reut2-007.sgm-766.txt,0.0,tfidf,true,8
reut2-007.sgm-791.txt,0.0,binary,false,14
reut2-007.sgm-791.txt,0.0,binary,true,9
reut2-007.sgm-791.txt,0.0,count,false,2
reut2-007.sgm-791.txt,0.0,count,true,2
reut2-007.sgm-791.txt,0.0,gfidf,false,9
reut2-007.sgm-791.txt,0.0,gfidf,true,0
reut2-007.sgm-791.txt,0.0,idf,false,14
reut2-007.sgm-791.txt,0.0,idf,true,12
reut2-007.sgm-791.txt,0.0,logEntropy,false,2
reut2-007.sgm-791.txt,0.0,logEntropy,true,2
reut2-007.sgm-791.txt,0.0,normal,false,9
reut2-007.sgm-791.txt,0.0,normal,true,9
reut2-007.sgm-791.txt,0.0,tfidf,false,2
reut2-007.sgm-791.txt,0.0,tfidf,true,0
reut2-007.sgm-801.txt,0.0,binary,false,16
reut2-007.sgm-801.txt,0.0,binary,true,1
reut2-007.sgm-801.txt,0.0,count,false,1
reut2-007.sgm-801.txt,0.0,count,true,1
reut2-007.sgm-801.txt,0.0,gfidf,false,16
reut2-007.sgm-801.txt,0.0,gfidf,true,1
reut2-007.sgm-801.txt,0.0,idf,false,11
reut2-007.sgm-801.txt,0.0,idf,true,1
reut2-007.sgm-801.txt,0.0,logEntropy,false,1
reut2-007.sgm-801.txt,0.0,logEntropy,true,1
reut2-007.sgm-801.txt,0.0,normal,false,18
reut2-007.sgm-801.txt,0.0,normal,true,1
reut2-007.sgm-801.txt,0.0,tfidf,false,11
reut2-007.sgm-801.txt,0.0,tfidf,true,1
reut2-007.sgm-810.txt,0.0,binary,false,0
reut2-007.sgm-810.txt,0.0,binary,true,0
reut2-007.sgm-810.txt,0.0,count,false,17
reut2-007.sgm-810.txt,0.0,count,true,0
reut2-007.sgm-810.txt,0.0,gfidf,false,0
reut2-007.sgm-810.txt,0.0,gfidf,true,0
reut2-007.sgm-810.txt,0.0,idf,false,0
reut2-007.sgm-810.txt,0.0,idf,true,0
reut2-007.sgm-810.txt,0.0,logEntropy,false,0
reut2-007.sgm-810.txt,0.0,logEntropy,true,0
reut2-007.sgm-810.txt,0.0,normal,false,0
reut2-007.sgm-810.txt,0.0,normal,true,0
reut2-007.sgm-810.txt,0.0,tfidf,false,11
reut2-007.sgm-810.txt,0.0,tfidf,true,0
reut2-007.sgm-828.txt,2.82842712474619,binary,false,20
reut2-007.sgm-828.txt,2.82842712474619,binary,true,0
reut2-007.sgm-828.txt,2.82842712474619,count,false,20
reut2-007.sgm-828.txt,2.82842712474619,count,true,0
reut2-007.sgm-828.txt,2.82842712474619,gfidf,false,20
reut2-007.sgm-828.txt,2.82842712474619,gfidf,true,0
reut2-007.sgm-828.txt,2.82842712474619,idf,false,0
reut2-007.sgm-828.txt,2.82842712474619,idf,true,0
reut2-007.sgm-828.txt,2.82842712474619,logEntropy,false,20
reut2-007.sgm-828.txt,2.82842712474619,logEntropy,true,0
reut2-007.sgm-828.txt,2.82842712474619,normal,false,20
reut2-007.sgm-828.txt,2.82842712474619,normal,true,20
reut2-007.sgm-828.txt,2.82842712474619,tfidf,false,5
reut2-007.sgm-828.txt,2.82842712474619,tfidf,true,0
reut2-007.sgm-87.txt,0.0,binary,false,24
reut2-007.sgm-87.txt,0.0,binary,true,24
reut2-007.sgm-87.txt,0.0,count,false,24
reut2-007.sgm-87.txt,0.0,count,true,24
reut2-007.sgm-87.txt,0.0,gfidf,false,24
reut2-007.sgm-87.txt,0.0,gfidf,true,24
reut2-007.sgm-87.txt,0.0,idf,false,24
reut2-007.sgm-87.txt,0.0,idf,true,24
reut2-007.sgm-87.txt,0.0,logEntropy,false,24
reut2-007.sgm-87.txt,0.0,logEntropy,true,24
reut2-007.sgm-87.txt,0.0,normal,false,24
reut2-007.sgm-87.txt,0.0,normal,true,24
reut2-007.sgm-87.txt,0.0,tfidf,false,24
reut2-007.sgm-87.txt,0.0,tfidf,true,2
reut2-007.sgm-872.txt,0.0,binary,false,14
reut2-007.sgm-872.txt,0.0,binary,true,14
reut2-007.sgm-872.txt,0.0,count,false,14
reut2-007.sgm-872.txt,0.0,count,true,14
reut2-007.sgm-872.txt,0.0,gfidf,false,14
reut2-007.sgm-872.txt,0.0,gfidf,true,14
reut2-007.sgm-872.txt,0.0,idf,false,14
reut2-007.sgm-872.txt,0.0,idf,true,14
reut2-007.sgm-872.txt,0.0,logEntropy,false,14
reut2-007.sgm-872.txt,0.0,logEntropy,true,14
reut2-007.sgm-872.txt,0.0,normal,false,13
reut2-007.sgm-872.txt,0.0,normal,true,10
reut2-007.sgm-872.txt,0.0,tfidf,false,14
reut2-007.sgm-872.txt,0.0,tfidf,true,14
reut2-007.sgm-891.txt,0.0,binary,false,27
reut2-007.sgm-891.txt,0.0,binary,true,22
reut2-007.sgm-891.txt,0.0,count,false,27
reut2-007.sgm-891.txt,0.0,count,true,22
reut2-007.sgm-891.txt,0.0,gfidf,false,27
reut2-007.sgm-891.txt,0.0,gfidf,true,22
reut2-007.sgm-891.txt,0.0,idf,false,27
reut2-007.sgm-891.txt,0.0,idf,true,27
reut2-007.sgm-891.txt,0.0,logEntropy,false,27
reut2-007.sgm-891.txt,0.0,logEntropy,true,22
reut2-007.sgm-891.txt,0.0,normal,false,15
reut2-007.sgm-891.txt,0.0,normal,true,15
reut2-007.sgm-891.txt,0.0,tfidf,false,27
reut2-007.sgm-891.txt,0.0,tfidf,true,27
reut2-007.sgm-916.txt,0.0,binary,false,0
reut2-007.sgm-916.txt,0.0,binary,true,2
reut2-007.sgm-916.txt,0.0,count,false,0
reut2-007.sgm-916.txt,0.0,count,true,11
reut2-007.sgm-916.txt,0.0,gfidf,false,0
reut2-007.sgm-916.txt,0.0,gfidf,true,2
reut2-007.sgm-916.txt,0.0,idf,false,0
reut2-007.sgm-916.txt,0.0,idf,true,2
reut2-007.sgm-916.txt,0.0,logEntropy,false,0
reut2-007.sgm-916.txt,0.0,logEntropy,true,2
reut2-007.sgm-916.txt,0.0,normal,false,0
reut2-007.sgm-916.txt,0.0,normal,true,2
reut2-007.sgm-916.txt,0.0,tfidf,false,8
reut2-007.sgm-916.txt,0.0,tfidf,true,11
reut2-007.sgm-917.txt,0.0,binary,false,15
reut2-007.sgm-917.txt,0.0,binary,true,10
reut2-007.sgm-917.txt,0.0,count,false,15
reut2-007.sgm-917.txt,0.0,count,true,0
reut2-007.sgm-917.txt,0.0,gfidf,false,15
reut2-007.sgm-917.txt,0.0,gfidf,true,0
reut2-007.sgm-917.txt,0.0,idf,false,15
reut2-007.sgm-917.txt,0.0,idf,true,10
reut2-007.sgm-917.txt,0.0,logEntropy,false,15
reut2-007.sgm-917.txt,0.0,logEntropy,true,0
reut2-007.sgm-917.txt,0.0,normal,false,15
reut2-007.sgm-917.txt,0.0,normal,true,0
reut2-007.sgm-917.txt,0.0,tfidf,false,10
reut2-007.sgm-917.txt,0.0,tfidf,true,10
reut2-007.sgm-924.txt,0.0,binary,false,26
reut2-007.sgm-924.txt,0.0,binary,true,26
reut2-007.sgm-924.txt,0.0,count,false,11
reut2-007.sgm-924.txt,0.0,count,true,0
reut2-007.sgm-924.txt,0.0,gfidf,false,8
reut2-007.sgm-924.txt,0.0,gfidf,true,26
reut2-007.sgm-924.txt,0.0,idf,false,13
reut2-007.sgm-924.txt,0.0,idf,true,26
reut2-007.sgm-924.txt,0.0,logEntropy,false,11
reut2-007.sgm-924.txt,0.0,logEntropy,true,11
reut2-007.sgm-924.txt,0.0,normal,false,26
reut2-007.sgm-924.txt,0.0,normal,true,26
reut2-007.sgm-924.txt,0.0,tfidf,false,13
reut2-007.sgm-924.txt,0.0,tfidf,true,7
reut2-007.sgm-926.txt,0.0,binary,false,18
reut2-007.sgm-926.txt,0.0,binary,true,18
reut2-007.sgm-926.txt,0.0,count,false,18
reut2-007.sgm-926.txt,0.0,count,true,18
reut2-007.sgm-926.txt,0.0,gfidf,false,18
reut2-007.sgm-926.txt,0.0,gfidf,true,18
reut2-007.sgm-926.txt,0.0,idf,false,9
reut2-007.sgm-926.txt,0.0,idf,true,18
reut2-007.sgm-926.txt,0.0,logEntropy,false,18
reut2-007.sgm-926.txt,0.0,logEntropy,true,18
reut2-007.sgm-926.txt,0.0,normal,false,10
reut2-007.sgm-926.txt,0.0,normal,true,18
reut2-007.sgm-926.txt,0.0,tfidf,false,9
reut2-007.sgm-926.txt,0.0,tfidf,true,9
reut2-007.sgm-93.txt,0.0,binary,false,4
reut2-007.sgm-93.txt,0.0,binary,true,16
reut2-007.sgm-93.txt,0.0,count,false,16
reut2-007.sgm-93.txt,0.0,count,true,16
reut2-007.sgm-93.txt,0.0,gfidf,false,14
reut2-007.sgm-93.txt,0.0,gfidf,true,14
reut2-007.sgm-93.txt,0.0,idf,false,14
reut2-007.sgm-93.txt,0.0,idf,true,16
reut2-007.sgm-93.txt,0.0,logEntropy,false,16
reut2-007.sgm-93.txt,0.0,logEntropy,true,16
reut2-007.sgm-93.txt,0.0,normal,false,16
reut2-007.sgm-93.txt,0.0,normal,true,16
reut2-007.sgm-93.txt,0.0,tfidf,false,14
reut2-007.sgm-93.txt,0.0,tfidf,true,14
reut2-007.sgm-932.txt,0.0,binary,false,2
reut2-007.sgm-932.txt,0.0,binary,true,2
reut2-007.sgm-932.txt,0.0,count,false,5
reut2-007.sgm-932.txt,0.0,count,true,5
reut2-007.sgm-932.txt,0.0,gfidf,false,5
reut2-007.sgm-932.txt,0.0,gfidf,true,4
reut2-007.sgm-932.txt,0.0,idf,false,2
reut2-007.sgm-932.txt,0.0,idf,true,4
reut2-007.sgm-932.txt,0.0,logEntropy,false,5
reut2-007.sgm-932.txt,0.0,logEntropy,true,4
reut2-007.sgm-932.txt,0.0,normal,false,5
reut2-007.sgm-932.txt,0.0,normal,true,5
reut2-007.sgm-932.txt,0.0,tfidf,false,16
reut2-007.sgm-932.txt,0.0,tfidf,true,3
reut2-007.sgm-933.txt,0.0,binary,false,10
reut2-007.sgm-933.txt,0.0,binary,true,1
reut2-007.sgm-933.txt,0.0,count,false,13
reut2-007.sgm-933.txt,0.0,count,true,0
reut2-007.sgm-933.txt,0.0,gfidf,false,13
reut2-007.sgm-933.txt,0.0,gfidf,true,0
reut2-007.sgm-933.txt,0.0,idf,false,13
reut2-007.sgm-933.txt,0.0,idf,true,1
reut2-007.sgm-933.txt,0.0,logEntropy,false,0
reut2-007.sgm-933.txt,0.0,logEntropy,true,0
reut2-007.sgm-933.txt,0.0,normal,false,0
reut2-007.sgm-933.txt,0.0,normal,true,0
reut2-007.sgm-933.txt,0.0,tfidf,false,13
reut2-007.sgm-933.txt,0.0,tfidf,true,13
reut2-007.sgm-936.txt,1.8114473285278132,binary,false,15
reut2-007.sgm-936.txt,1.8114473285278132,binary,true,16
reut2-007.sgm-936.txt,1.8114473285278132,count,false,15
reut2-007.sgm-936.txt,1.8114473285278132,count,true,0
reut2-007.sgm-936.txt,1.8114473285278132,gfidf,false,15
reut2-007.sgm-936.txt,1.8114473285278132,gfidf,true,15
reut2-007.sgm-936.txt,1.8114473285278132,idf,false,15
reut2-007.sgm-936.txt,1.8114473285278132,idf,true,15
reut2-007.sgm-936.txt,1.8114473285278132,logEntropy,false,15
reut2-007.sgm-936.txt,1.8114473285278132,logEntropy,true,15
reut2-007.sgm-936.txt,1.8114473285278132,normal,false,0
reut2-007.sgm-936.txt,1.8114473285278132,normal,true,5
reut2-007.sgm-936.txt,1.8114473285278132,tfidf,false,1
reut2-007.sgm-936.txt,1.8114473285278132,tfidf,true,1
reut2-007.sgm-939.txt,0.0,binary,false,5
reut2-007.sgm-939.txt,0.0,binary,true,5
reut2-007.sgm-939.txt,0.0,count,false,5
reut2-007.sgm-939.txt,0.0,count,true,5
reut2-007.sgm-939.txt,0.0,gfidf,false,5
reut2-007.sgm-939.txt,0.0,gfidf,true,5
reut2-007.sgm-939.txt,0.0,idf,false,5
reut2-007.sgm-939.txt,0.0,idf,true,5
reut2-007.sgm-939.txt,0.0,logEntropy,false,5
reut2-007.sgm-939.txt,0.0,logEntropy,true,5
reut2-007.sgm-939.txt,0.0,normal,false,5
reut2-007.sgm-939.txt,0.0,normal,true,5
reut2-007.sgm-939.txt,0.0,tfidf,false,5
reut2-007.sgm-939.txt,0.0,tfidf,true,5
reut2-007.sgm-971.txt,2.3095872406911657,binary,false,1
reut2-007.sgm-971.txt,2.3095872406911657,binary,true,0
reut2-007.sgm-971.txt,2.3095872406911657,count,false,3
reut2-007.sgm-971.txt,2.3095872406911657,count,true,3
reut2-007.sgm-971.txt,2.3095872406911657,gfidf,false,3
reut2-007.sgm-971.txt,2.3095872406911657,gfidf,true,3
reut2-007.sgm-971.txt,2.3095872406911657,idf,false,0
reut2-007.sgm-971.txt,2.3095872406911657,idf,true,0
reut2-007.sgm-971.txt,2.3095872406911657,logEntropy,false,3
reut2-007.sgm-971.txt,2.3095872406911657,logEntropy,true,3
reut2-007.sgm-971.txt,2.3095872406911657,normal,false,8
reut2-007.sgm-971.txt,2.3095872406911657,normal,true,5
reut2-007.sgm-971.txt,2.3095872406911657,tfidf,false,3
reut2-007.sgm-971.txt,2.3095872406911657,tfidf,true,0
reut2-007.sgm-976.txt,0.0,binary,false,2
reut2-007.sgm-976.txt,0.0,binary,true,2
reut2-007.sgm-976.txt,0.0,count,false,2
reut2-007.sgm-976.txt,0.0,count,true,2
reut2-007.sgm-976.txt,0.0,gfidf,false,2
reut2-007.sgm-976.txt,0.0,gfidf,true,2
reut2-007.sgm-976.txt,0.0,idf,false,2
reut2-007.sgm-976.txt,0.0,idf,true,2
reut2-007.sgm-976.txt,0.0,logEntropy,false,2
reut2-007.sgm-976.txt,0.0,logEntropy,true,2
reut2-007.sgm-976.txt,0.0,normal,false,6
reut2-007.sgm-976.txt,0.0,normal,true,6
reut2-007.sgm-976.txt,0.0,tfidf,false,10
reut2-007.sgm-976.txt,0.0,tfidf,true,2
reut2-007.sgm-98.txt,0.0,binary,false,6
reut2-007.sgm-98.txt,0.0,binary,true,6
reut2-007.sgm-98.txt,0.0,count,false,14
reut2-007.sgm-98.txt,0.0,count,true,14
reut2-007.sgm-98.txt,0.0,gfidf,false,6
reut2-007.sgm-98.txt,0.0,gfidf,true,6
reut2-007.sgm-98.txt,0.0,idf,false,14
reut2-007.sgm-98.txt,0.0,idf,true,6
reut2-007.sgm-98.txt,0.0,logEntropy,false,6
reut2-007.sgm-98.txt,0.0,logEntropy,true,6
reut2-007.sgm-98.txt,0.0,normal,false,6
reut2-007.sgm-98.txt,0.0,normal,true,6
reut2-007.sgm-98.txt,0.0,tfidf,false,14
reut2-007.sgm-98.txt,0.0,tfidf,true,14
reut2-008.sgm-105.txt,0.0,binary,false,4
reut2-008.sgm-105.txt,0.0,binary,true,4
reut2-008.sgm-105.txt,0.0,count,false,4
reut2-008.sgm-105.txt,0.0,count,true,4
reut2-008.sgm-105.txt,0.0,gfidf,false,4
reut2-008.sgm-105.txt,0.0,gfidf,true,4
reut2-008.sgm-105.txt,0.0,idf,false,4
reut2-008.sgm-105.txt,0.0,idf,true,4
reut2-008.sgm-105.txt,0.0,logEntropy,false,4
reut2-008.sgm-105.txt,0.0,logEntropy,true,4
reut2-008.sgm-105.txt,0.0,normal,false,4
reut2-008.sgm-105.txt,0.0,normal,true,4
reut2-008.sgm-105.txt,0.0,tfidf,false,4
reut2-008.sgm-105.txt,0.0,tfidf,true,4
reut2-008.sgm-106.txt,3.622894657055627,binary,false,0
reut2-008.sgm-106.txt,3.622894657055627,binary,true,0
reut2-008.sgm-106.txt,3.622894657055627,count,false,0
reut2-008.sgm-106.txt,3.622894657055627,count,true,0
reut2-008.sgm-106.txt,3.622894657055627,gfidf,false,0
reut2-008.sgm-106.txt,3.622894657055627,gfidf,true,0
reut2-008.sgm-106.txt,3.622894657055627,idf,false,0
reut2-008.sgm-106.txt,3.622894657055627,idf,true,0
reut2-008.sgm-106.txt,3.622894657055627,logEntropy,false,0
reut2-008.sgm-106.txt,3.622894657055627,logEntropy,true,0
reut2-008.sgm-106.txt,3.622894657055627,normal,false,0
reut2-008.sgm-106.txt,3.622894657055627,normal,true,0
reut2-008.sgm-106.txt,3.622894657055627,tfidf,false,15
reut2-008.sgm-106.txt,3.622894657055627,tfidf,true,15
reut2-008.sgm-108.txt,0.0,binary,false,2
reut2-008.sgm-108.txt,0.0,binary,true,2
reut2-008.sgm-108.txt,0.0,count,false,2
reut2-008.sgm-108.txt,0.0,count,true,10
reut2-008.sgm-108.txt,0.0,gfidf,false,2
reut2-008.sgm-108.txt,0.0,gfidf,true,10
reut2-008.sgm-108.txt,0.0,idf,false,2
reut2-008.sgm-108.txt,0.0,idf,true,2
reut2-008.sgm-108.txt,0.0,logEntropy,false,2
reut2-008.sgm-108.txt,0.0,logEntropy,true,2
reut2-008.sgm-108.txt,0.0,normal,false,2
reut2-008.sgm-108.txt,0.0,normal,true,2
reut2-008.sgm-108.txt,0.0,tfidf,false,10
reut2-008.sgm-108.txt,0.0,tfidf,true,10
reut2-008.sgm-113.txt,3.9167938478229747,binary,false,1
reut2-008.sgm-113.txt,3.9167938478229747,binary,true,0
reut2-008.sgm-113.txt,3.9167938478229747,count,false,0
reut2-008.sgm-113.txt,3.9167938478229747,count,true,0
reut2-008.sgm-113.txt,3.9167938478229747,gfidf,false,0
reut2-008.sgm-113.txt,3.9167938478229747,gfidf,true,0
reut2-008.sgm-113.txt,3.9167938478229747,idf,false,6
reut2-008.sgm-113.txt,3.9167938478229747,idf,true,0
reut2-008.sgm-113.txt,3.9167938478229747,logEntropy,false,0
reut2-008.sgm-113.txt,3.9167938478229747,logEntropy,true,0
reut2-008.sgm-113.txt,3.9167938478229747,normal,false,0
reut2-008.sgm-113.txt,3.9167938478229747,normal,true,0
reut2-008.sgm-113.txt,3.9167938478229747,tfidf,false,0
reut2-008.sgm-113.txt,3.9167938478229747,tfidf,true,0
reut2-008.sgm-114.txt,0.0,binary,false,18
reut2-008.sgm-114.txt,0.0,binary,true,17
reut2-008.sgm-114.txt,0.0,count,false,23
reut2-008.sgm-114.txt,0.0,count,true,23
reut2-008.sgm-114.txt,0.0,gfidf,false,23
reut2-008.sgm-114.txt,0.0,gfidf,true,23
reut2-008.sgm-114.txt,0.0,idf,false,16
reut2-008.sgm-114.txt,0.0,idf,true,17
reut2-008.sgm-114.txt,0.0,logEntropy,false,23
reut2-008.sgm-114.txt,0.0,logEntropy,true,23
reut2-008.sgm-114.txt,0.0,normal,false,18
reut2-008.sgm-114.txt,0.0,normal,true,24
reut2-008.sgm-114.txt,0.0,tfidf,false,23
reut2-008.sgm-114.txt,0.0,tfidf,true,23
reut2-008.sgm-116.txt,0.0,binary,false,2
reut2-008.sgm-116.txt,0.0,binary,true,0
reut2-008.sgm-116.txt,0.0,count,false,6
reut2-008.sgm-116.txt,0.0,count,true,0
reut2-008.sgm-116.txt,0.0,gfidf,false,2
reut2-008.sgm-116.txt,0.0,gfidf,true,0
reut2-008.sgm-116.txt,0.0,idf,false,2
reut2-008.sgm-116.txt,0.0,idf,true,3
reut2-008.sgm-116.txt,0.0,logEntropy,false,2
reut2-008.sgm-116.txt,0.0,logEntropy,true,0
reut2-008.sgm-116.txt,0.0,normal,false,0
reut2-008.sgm-116.txt,0.0,normal,true,0
reut2-008.sgm-116.txt,0.0,tfidf,false,2
reut2-008.sgm-116.txt,0.0,tfidf,true,9
reut2-008.sgm-120.txt,2.3095872406911657,binary,false,8
reut2-008.sgm-120.txt,2.3095872406911657,binary,true,0
reut2-008.sgm-120.txt,2.3095872406911657,count,false,1
reut2-008.sgm-120.txt,2.3095872406911657,count,true,0
reut2-008.sgm-120.txt,2.3095872406911657,gfidf,false,8
reut2-008.sgm-120.txt,2.3095872406911657,gfidf,true,0
reut2-008.sgm-120.txt,2.3095872406911657,idf,false,8
reut2-008.sgm-120.txt,2.3095872406911657,idf,true,8
reut2-008.sgm-120.txt,2.3095872406911657,logEntropy,false,1
reut2-008.sgm-120.txt,2.3095872406911657,logEntropy,true,0
reut2-008.sgm-120.txt,2.3095872406911657,normal,false,1
reut2-008.sgm-120.txt,2.3095872406911657,normal,true,21
reut2-008.sgm-120.txt,2.3095872406911657,tfidf,false,25
reut2-008.sgm-120.txt,2.3095872406911657,tfidf,true,25
reut2-008.sgm-127.txt,0.0,binary,false,21
reut2-008.sgm-127.txt,0.0,binary,true,21
reut2-008.sgm-127.txt,0.0,count,false,21
reut2-008.sgm-127.txt,0.0,count,true,21
reut2-008.sgm-127.txt,0.0,gfidf,false,21
reut2-008.sgm-127.txt,0.0,gfidf,true,1
reut2-008.sgm-127.txt,0.0,idf,false,13
reut2-008.sgm-127.txt,0.0,idf,true,13
reut2-008.sgm-127.txt,0.0,logEntropy,false,21
reut2-008.sgm-127.txt,0.0,logEntropy,true,21
reut2-008.sgm-127.txt,0.0,normal,false,1
reut2-008.sgm-127.txt,0.0,normal,true,1
reut2-008.sgm-127.txt,0.0,tfidf,false,13
reut2-008.sgm-127.txt,0.0,tfidf,true,13
reut2-008.sgm-135.txt,0.0,binary,false,29
reut2-008.sgm-135.txt,0.0,binary,true,29
reut2-008.sgm-135.txt,0.0,count,false,9
reut2-008.sgm-135.txt,0.0,count,true,8
reut2-008.sgm-135.txt,0.0,gfidf,false,29
reut2-008.sgm-135.txt,0.0,gfidf,true,29
reut2-008.sgm-135.txt,0.0,idf,false,33
reut2-008.sgm-135.txt,0.0,idf,true,29
reut2-008.sgm-135.txt,0.0,logEntropy,false,29
reut2-008.sgm-135.txt,0.0,logEntropy,true,29
reut2-008.sgm-135.txt,0.0,normal,false,29
reut2-008.sgm-135.txt,0.0,normal,true,1
reut2-008.sgm-135.txt,0.0,tfidf,false,9
reut2-008.sgm-135.txt,0.0,tfidf,true,29
reut2-008.sgm-136.txt,0.0,binary,false,25
reut2-008.sgm-136.txt,0.0,binary,true,0
reut2-008.sgm-136.txt,0.0,count,false,0
reut2-008.sgm-136.txt,0.0,count,true,0
reut2-008.sgm-136.txt,0.0,gfidf,false,0
reut2-008.sgm-136.txt,0.0,gfidf,true,0
reut2-008.sgm-136.txt,0.0,idf,false,25
reut2-008.sgm-136.txt,0.0,idf,true,26
reut2-008.sgm-136.txt,0.0,logEntropy,false,0
reut2-008.sgm-136.txt,0.0,logEntropy,true,0
reut2-008.sgm-136.txt,0.0,normal,false,0
reut2-008.sgm-136.txt,0.0,normal,true,0
reut2-008.sgm-136.txt,0.0,tfidf,false,25
reut2-008.sgm-136.txt,0.0,tfidf,true,0
reut2-008.sgm-140.txt,2.119268045334097,binary,false,1
reut2-008.sgm-140.txt,2.119268045334097,binary,true,1
reut2-008.sgm-140.txt,2.119268045334097,count,false,1
reut2-008.sgm-140.txt,2.119268045334097,count,true,1
reut2-008.sgm-140.txt,2.119268045334097,gfidf,false,1
reut2-008.sgm-140.txt,2.119268045334097,gfidf,true,1
reut2-008.sgm-140.txt,2.119268045334097,idf,false,1
reut2-008.sgm-140.txt,2.119268045334097,idf,true,1
reut2-008.sgm-140.txt,2.119268045334097,logEntropy,false,1
reut2-008.sgm-140.txt,2.119268045334097,logEntropy,true,1
reut2-008.sgm-140.txt,2.119268045334097,normal,false,1
reut2-008.sgm-140.txt,2.119268045334097,normal,true,1
reut2-008.sgm-140.txt,2.119268045334097,tfidf,false,1
reut2-008.sgm-140.txt,2.119268045334097,tfidf,true,1
reut2-008.sgm-161.txt,0.0,binary,false,1
reut2-008.sgm-161.txt,0.0,binary,true,3
reut2-008.sgm-161.txt,0.0,count,false,1
reut2-008.sgm-161.txt,0.0,count,true,3
reut2-008.sgm-161.txt,0.0,gfidf,false,1
reut2-008.sgm-161.txt,0.0,gfidf,true,3
reut2-008.sgm-161.txt,0.0,idf,false,1
reut2-008.sgm-161.txt,0.0,idf,true,3
reut2-008.sgm-161.txt,0.0,logEntropy,false,1
reut2-008.sgm-161.txt,0.0,logEntropy,true,3
reut2-008.sgm-161.txt,0.0,normal,false,5
reut2-008.sgm-161.txt,0.0,normal,true,14
reut2-008.sgm-161.txt,0.0,tfidf,false,3
reut2-008.sgm-161.txt,0.0,tfidf,true,3
reut2-008.sgm-184.txt,0.0,binary,false,5
reut2-008.sgm-184.txt,0.0,binary,true,8
reut2-008.sgm-184.txt,0.0,count,false,0
reut2-008.sgm-184.txt,0.0,count,true,8
reut2-008.sgm-184.txt,0.0,gfidf,false,5
reut2-008.sgm-184.txt,0.0,gfidf,true,8
reut2-008.sgm-184.txt,0.0,idf,false,0
reut2-008.sgm-184.txt,0.0,idf,true,8
reut2-008.sgm-184.txt,0.0,logEntropy,false,8
reut2-008.sgm-184.txt,0.0,logEntropy,true,8
reut2-008.sgm-184.txt,0.0,normal,false,5
reut2-008.sgm-184.txt,0.0,normal,true,5
reut2-008.sgm-184.txt,0.0,tfidf,false,0
reut2-008.sgm-184.txt,0.0,tfidf,true,8
reut2-008.sgm-185.txt,0.0,binary,false,4
reut2-008.sgm-185.txt,0.0,binary,true,4
reut2-008.sgm-185.txt,0.0,count,false,4
reut2-008.sgm-185.txt,0.0,count,true,4
reut2-008.sgm-185.txt,0.0,gfidf,false,4
reut2-008.sgm-185.txt,0.0,gfidf,true,4
reut2-008.sgm-185.txt,0.0,idf,false,4
reut2-008.sgm-185.txt,0.0,idf,true,4
reut2-008.sgm-185.txt,0.0,logEntropy,false,4
reut2-008.sgm-185.txt,0.0,logEntropy,true,4
reut2-008.sgm-185.txt,0.0,normal,false,4
reut2-008.sgm-185.txt,0.0,normal,true,4
reut2-008.sgm-185.txt,0.0,tfidf,false,4
reut2-008.sgm-185.txt,0.0,tfidf,true,4
reut2-008.sgm-186.txt,3.622894657055627,binary,false,0
reut2-008.sgm-186.txt,3.622894657055627,binary,true,0
reut2-008.sgm-186.txt,3.622894657055627,count,false,0
reut2-008.sgm-186.txt,3.622894657055627,count,true,0
reut2-008.sgm-186.txt,3.622894657055627,gfidf,false,0
reut2-008.sgm-186.txt,3.622894657055627,gfidf,true,0
reut2-008.sgm-186.txt,3.622894657055627,idf,false,0
reut2-008.sgm-186.txt,3.622894657055627,idf,true,0
reut2-008.sgm-186.txt,3.622894657055627,logEntropy,false,0
reut2-008.sgm-186.txt,3.622894657055627,logEntropy,true,0
reut2-008.sgm-186.txt,3.622894657055627,normal,false,0
reut2-008.sgm-186.txt,3.622894657055627,normal,true,0
reut2-008.sgm-186.txt,3.622894657055627,tfidf,false,15
reut2-008.sgm-186.txt,3.622894657055627,tfidf,true,15
reut2-008.sgm-187.txt,0.0,binary,false,2
reut2-008.sgm-187.txt,0.0,binary,true,2
reut2-008.sgm-187.txt,0.0,count,false,2
reut2-008.sgm-187.txt,0.0,count,true,10
reut2-008.sgm-187.txt,0.0,gfidf,false,2
reut2-008.sgm-187.txt,0.0,gfidf,true,10
reut2-008.sgm-187.txt,0.0,idf,false,2
reut2-008.sgm-187.txt,0.0,idf,true,2
reut2-008.sgm-187.txt,0.0,logEntropy,false,2
reut2-008.sgm-187.txt,0.0,logEntropy,true,2
reut2-008.sgm-187.txt,0.0,normal,false,2
reut2-008.sgm-187.txt,0.0,normal,true,2
reut2-008.sgm-187.txt,0.0,tfidf,false,10
reut2-008.sgm-187.txt,0.0,tfidf,true,10
reut2-008.sgm-195.txt,2.3095872406911657,binary,false,8
reut2-008.sgm-195.txt,2.3095872406911657,binary,true,0
reut2-008.sgm-195.txt,2.3095872406911657,count,false,1
reut2-008.sgm-195.txt,2.3095872406911657,count,true,0
reut2-008.sgm-195.txt,2.3095872406911657,gfidf,false,8
reut2-008.sgm-195.txt,2.3095872406911657,gfidf,true,0
reut2-008.sgm-195.txt,2.3095872406911657,idf,false,8
reut2-008.sgm-195.txt,2.3095872406911657,idf,true,8
reut2-008.sgm-195.txt,2.3095872406911657,logEntropy,false,1
reut2-008.sgm-195.txt,2.3095872406911657,logEntropy,true,0
reut2-008.sgm-195.txt,2.3095872406911657,normal,false,1
reut2-008.sgm-195.txt,2.3095872406911657,normal,true,21
reut2-008.sgm-195.txt,2.3095872406911657,tfidf,false,25
reut2-008.sgm-195.txt,2.3095872406911657,tfidf,true,25
reut2-008.sgm-197.txt,0.0,binary,false,14
reut2-008.sgm-197.txt,0.0,binary,true,23
reut2-008.sgm-197.txt,0.0,count,false,10
reut2-008.sgm-197.txt,0.0,count,true,10
reut2-008.sgm-197.txt,0.0,gfidf,false,10
reut2-008.sgm-197.txt,0.0,gfidf,true,10
reut2-008.sgm-197.txt,0.0,idf,false,14
reut2-008.sgm-197.txt,0.0,idf,true,10
reut2-008.sgm-197.txt,0.0,logEntropy,false,10
reut2-008.sgm-197.txt,0.0,logEntropy,true,10
reut2-008.sgm-197.txt,0.0,normal,false,1
reut2-008.sgm-197.txt,0.0,normal,true,23
reut2-008.sgm-197.txt,0.0,tfidf,false,10
reut2-008.sgm-197.txt,0.0,tfidf,true,10
reut2-008.sgm-199.txt,0.0,binary,false,15
reut2-008.sgm-199.txt,0.0,binary,true,0
reut2-008.sgm-199.txt,0.0,count,false,14
reut2-008.sgm-199.txt,0.0,count,true,14
reut2-008.sgm-199.txt,0.0,gfidf,false,4
reut2-008.sgm-199.txt,0.0,gfidf,true,4
reut2-008.sgm-199.txt,0.0,idf,false,15
reut2-008.sgm-199.txt,0.0,idf,true,15
reut2-008.sgm-199.txt,0.0,logEntropy,false,15
reut2-008.sgm-199.txt,0.0,logEntropy,true,14
reut2-008.sgm-199.txt,0.0,normal,false,0
reut2-008.sgm-199.txt,0.0,normal,true,0
reut2-008.sgm-199.txt,0.0,tfidf,false,15
reut2-008.sgm-199.txt,0.0,tfidf,true,4
reut2-008.sgm-200.txt,0.0,binary,false,9
reut2-008.sgm-200.txt,0.0,binary,true,0
reut2-008.sgm-200.txt,0.0,count,false,12
reut2-008.sgm-200.txt,0.0,count,true,4
reut2-008.sgm-200.txt,0.0,gfidf,false,0
reut2-008.sgm-200.txt,0.0,gfidf,true,0
reut2-008.sgm-200.txt,0.0,idf,false,9
reut2-008.sgm-200.txt,0.0,idf,true,14
reut2-008.sgm-200.txt,0.0,logEntropy,false,12
reut2-008.sgm-200.txt,0.0,logEntropy,true,4
reut2-008.sgm-200.txt,0.0,normal,false,4
reut2-008.sgm-200.txt,0.0,normal,true,4
reut2-008.sgm-200.txt,0.0,tfidf,false,9
reut2-008.sgm-200.txt,0.0,tfidf,true,14
reut2-008.sgm-201.txt,0.0,binary,false,7
reut2-008.sgm-201.txt,0.0,binary,true,7
reut2-008.sgm-201.txt,0.0,count,false,7
reut2-008.sgm-201.txt,0.0,count,true,7
reut2-008.sgm-201.txt,0.0,gfidf,false,7
reut2-008.sgm-201.txt,0.0,gfidf,true,6
reut2-008.sgm-201.txt,0.0,idf,false,7
reut2-008.sgm-201.txt,0.0,idf,true,7
reut2-008.sgm-201.txt,0.0,logEntropy,false,7
reut2-008.sgm-201.txt,0.0,logEntropy,true,7
reut2-008.sgm-201.txt,0.0,normal,false,7
reut2-008.sgm-201.txt,0.0,normal,true,7
reut2-008.sgm-201.txt,0.0,tfidf,false,6
reut2-008.sgm-201.txt,0.0,tfidf,true,6
reut2-008.sgm-202.txt,0.0,binary,false,14
reut2-008.sgm-202.txt,0.0,binary,true,14
reut2-008.sgm-202.txt,0.0,count,false,12
reut2-008.sgm-202.txt,0.0,count,true,4
reut2-008.sgm-202.txt,0.0,gfidf,false,14
reut2-008.sgm-202.txt,0.0,gfidf,true,14
reut2-008.sgm-202.txt,0.0,idf,false,14
reut2-008.sgm-202.txt,0.0,idf,true,14
reut2-008.sgm-202.txt,0.0,logEntropy,false,14
reut2-008.sgm-202.txt,0.0,logEntropy,true,14
reut2-008.sgm-202.txt,0.0,normal,false,14
reut2-008.sgm-202.txt,0.0,normal,true,14
reut2-008.sgm-202.txt,0.0,tfidf,false,1
reut2-008.sgm-202.txt,0.0,tfidf,true,4
reut2-008.sgm-209.txt,0.0,binary,false,8
reut2-008.sgm-209.txt,0.0,binary,true,8
reut2-008.sgm-209.txt,0.0,count,false,8
reut2-008.sgm-209.txt,0.0,count,true,8
reut2-008.sgm-209.txt,0.0,gfidf,false,8
reut2-008.sgm-209.txt,0.0,gfidf,true,8
reut2-008.sgm-209.txt,0.0,idf,false,8
reut2-008.sgm-209.txt,0.0,idf,true,8
reut2-008.sgm-209.txt,0.0,logEntropy,false,8
reut2-008.sgm-209.txt,0.0,logEntropy,true,8
reut2-008.sgm-209.txt,0.0,normal,false,8
reut2-008.sgm-209.txt,0.0,normal,true,8
reut2-008.sgm-209.txt,0.0,tfidf,false,17
reut2-008.sgm-209.txt,0.0,tfidf,true,17
reut2-008.sgm-23.txt,0.0,binary,false,32
reut2-008.sgm-23.txt,0.0,binary,true,32
reut2-008.sgm-23.txt,0.0,count,false,34
reut2-008.sgm-23.txt,0.0,count,true,34
reut2-008.sgm-23.txt,0.0,gfidf,false,32
reut2-008.sgm-23.txt,0.0,gfidf,true,32
reut2-008.sgm-23.txt,0.0,idf,false,30
reut2-008.sgm-23.txt,0.0,idf,true,11
reut2-008.sgm-23.txt,0.0,logEntropy,false,1
reut2-008.sgm-23.txt,0.0,logEntropy,true,32
reut2-008.sgm-23.txt,0.0,normal,false,32
reut2-008.sgm-23.txt,0.0,normal,true,32
reut2-008.sgm-23.txt,0.0,tfidf,false,6
reut2-008.sgm-23.txt,0.0,tfidf,true,11
reut2-008.sgm-238.txt,2.735048265415875,binary,false,4
reut2-008.sgm-238.txt,2.735048265415875,binary,true,0
reut2-008.sgm-238.txt,2.735048265415875,count,false,6
reut2-008.sgm-238.txt,2.735048265415875,count,true,0
reut2-008.sgm-238.txt,2.735048265415875,gfidf,false,0
reut2-008.sgm-238.txt,2.735048265415875,gfidf,true,0
reut2-008.sgm-238.txt,2.735048265415875,idf,false,4
reut2-008.sgm-238.txt,2.735048265415875,idf,true,4
reut2-008.sgm-238.txt,2.735048265415875,logEntropy,false,6
reut2-008.sgm-238.txt,2.735048265415875,logEntropy,true,0
reut2-008.sgm-238.txt,2.735048265415875,normal,false,0
reut2-008.sgm-238.txt,2.735048265415875,normal,true,0
reut2-008.sgm-238.txt,2.735048265415875,tfidf,false,4
reut2-008.sgm-238.txt,2.735048265415875,tfidf,true,4
reut2-008.sgm-241.txt,0.0,binary,false,0
reut2-008.sgm-241.txt,0.0,binary,true,4
reut2-008.sgm-241.txt,0.0,count,false,0
reut2-008.sgm-241.txt,0.0,count,true,9
reut2-008.sgm-241.txt,0.0,gfidf,false,0
reut2-008.sgm-241.txt,0.0,gfidf,true,0
reut2-008.sgm-241.txt,0.0,idf,false,0
reut2-008.sgm-241.txt,0.0,idf,true,4
reut2-008.sgm-241.txt,0.0,logEntropy,false,0
reut2-008.sgm-241.txt,0.0,logEntropy,true,9
reut2-008.sgm-241.txt,0.0,normal,false,0
reut2-008.sgm-241.txt,0.0,normal,true,0
reut2-008.sgm-241.txt,0.0,tfidf,false,0
reut2-008.sgm-241.txt,0.0,tfidf,true,4
reut2-008.sgm-251.txt,2.2081790273476245,binary,false,0
reut2-008.sgm-251.txt,2.2081790273476245,binary,true,7
reut2-008.sgm-251.txt,2.2081790273476245,count,false,0
reut2-008.sgm-251.txt,2.2081790273476245,count,true,19
reut2-008.sgm-251.txt,2.2081790273476245,gfidf,false,0
reut2-008.sgm-251.txt,2.2081790273476245,gfidf,true,19
reut2-008.sgm-251.txt,2.2081790273476245,idf,false,0
reut2-008.sgm-251.txt,2.2081790273476245,idf,true,7
reut2-008.sgm-251.txt,2.2081790273476245,logEntropy,false,0
reut2-008.sgm-251.txt,2.2081790273476245,logEntropy,true,7
reut2-008.sgm-251.txt,2.2081790273476245,normal,false,0
reut2-008.sgm-251.txt,2.2081790273476245,normal,true,0
reut2-008.sgm-251.txt,2.2081790273476245,tfidf,false,19
reut2-008.sgm-251.txt,2.2081790273476245,tfidf,true,19
reut2-008.sgm-270.txt,0.0,binary,false,1
reut2-008.sgm-270.txt,0.0,binary,true,1
reut2-008.sgm-270.txt,0.0,count,false,1
reut2-008.sgm-270.txt,0.0,count,true,1
reut2-008.sgm-270.txt,0.0,gfidf,false,1
reut2-008.sgm-270.txt,0.0,gfidf,true,1
reut2-008.sgm-270.txt,0.0,idf,false,1
reut2-008.sgm-270.txt,0.0,idf,true,9
reut2-008.sgm-270.txt,0.0,logEntropy,false,1
reut2-008.sgm-270.txt,0.0,logEntropy,true,1
reut2-008.sgm-270.txt,0.0,normal,false,1
reut2-008.sgm-270.txt,0.0,normal,true,1
reut2-008.sgm-270.txt,0.0,tfidf,false,3
reut2-008.sgm-270.txt,0.0,tfidf,true,9
reut2-008.sgm-271.txt,0.0,binary,false,3
reut2-008.sgm-271.txt,0.0,binary,true,3
reut2-008.sgm-271.txt,0.0,count,false,0
reut2-008.sgm-271.txt,0.0,count,true,0
reut2-008.sgm-271.txt,0.0,gfidf,false,0
reut2-008.sgm-271.txt,0.0,gfidf,true,8
reut2-008.sgm-271.txt,0.0,idf,false,46
reut2-008.sgm-271.txt,0.0,idf,true,48
reut2-008.sgm-271.txt,0.0,logEntropy,false,0
reut2-008.sgm-271.txt,0.0,logEntropy,true,0
reut2-008.sgm-271.txt,0.0,normal,false,3
reut2-008.sgm-271.txt,0.0,normal,true,8
reut2-008.sgm-271.txt,0.0,tfidf,false,48
reut2-008.sgm-271.txt,0.0,tfidf,true,48
reut2-008.sgm-28.txt,0.0,binary,false,13
reut2-008.sgm-28.txt,0.0,binary,true,13
reut2-008.sgm-28.txt,0.0,count,false,13
reut2-008.sgm-28.txt,0.0,count,true,13
reut2-008.sgm-28.txt,0.0,gfidf,false,13
reut2-008.sgm-28.txt,0.0,gfidf,true,13
reut2-008.sgm-28.txt,0.0,idf,false,13
reut2-008.sgm-28.txt,0.0,idf,true,13
reut2-008.sgm-28.txt,0.0,logEntropy,false,13
reut2-008.sgm-28.txt,0.0,logEntropy,true,13
reut2-008.sgm-28.txt,0.0,normal,false,13
reut2-008.sgm-28.txt,0.0,normal,true,13
reut2-008.sgm-28.txt,0.0,tfidf,false,11
reut2-008.sgm-28.txt,0.0,tfidf,true,9
reut2-008.sgm-3.txt,0.0,binary,false,7
reut2-008.sgm-3.txt,0.0,binary,true,2
reut2-008.sgm-3.txt,0.0,count,false,23
reut2-008.sgm-3.txt,0.0,count,true,23
reut2-008.sgm-3.txt,0.0,gfidf,false,7
reut2-008.sgm-3.txt,0.0,gfidf,true,2
reut2-008.sgm-3.txt,0.0,idf,false,7
reut2-008.sgm-3.txt,0.0,idf,true,2
reut2-008.sgm-3.txt,0.0,logEntropy,false,23
reut2-008.sgm-3.txt,0.0,logEntropy,true,23
reut2-008.sgm-3.txt,0.0,normal,false,23
reut2-008.sgm-3.txt,0.0,normal,true,23
reut2-008.sgm-3.txt,0.0,tfidf,false,2
reut2-008.sgm-3.txt,0.0,tfidf,true,2
reut2-008.sgm-309.txt,0.0,binary,false,5
reut2-008.sgm-309.txt,0.0,binary,true,5
reut2-008.sgm-309.txt,0.0,count,false,5
reut2-008.sgm-309.txt,0.0,count,true,21
reut2-008.sgm-309.txt,0.0,gfidf,false,5
reut2-008.sgm-309.txt,0.0,gfidf,true,21
reut2-008.sgm-309.txt,0.0,idf,false,5
reut2-008.sgm-309.txt,0.0,idf,true,5
reut2-008.sgm-309.txt,0.0,logEntropy,false,5
reut2-008.sgm-309.txt,0.0,logEntropy,true,21
reut2-008.sgm-309.txt,0.0,normal,false,5
reut2-008.sgm-309.txt,0.0,normal,true,21
reut2-008.sgm-309.txt,0.0,tfidf,false,5
reut2-008.sgm-309.txt,0.0,tfidf,true,28
reut2-008.sgm-313.txt,2.0,binary,false,1
reut2-008.sgm-313.txt,2.0,binary,true,1
reut2-008.sgm-313.txt,2.0,count,false,1
reut2-008.sgm-313.txt,2.0,count,true,1
reut2-008.sgm-313.txt,2.0,gfidf,false,1
reut2-008.sgm-313.txt,2.0,gfidf,true,1
reut2-008.sgm-313.txt,2.0,idf,false,1
reut2-008.sgm-313.txt,2.0,idf,true,1
reut2-008.sgm-313.txt,2.0,logEntropy,false,1
reut2-008.sgm-313.txt,2.0,logEntropy,true,1
reut2-008.sgm-313.txt,2.0,normal,false,1
reut2-008.sgm-313.txt,2.0,normal,true,1
reut2-008.sgm-313.txt,2.0,tfidf,false,2
reut2-008.sgm-313.txt,2.0,tfidf,true,1
reut2-008.sgm-314.txt,0.0,binary,false,16
reut2-008.sgm-314.txt,0.0,binary,true,16
reut2-008.sgm-314.txt,0.0,count,false,16
reut2-008.sgm-314.txt,0.0,count,true,16
reut2-008.sgm-314.txt,0.0,gfidf,false,16
reut2-008.sgm-314.txt,0.0,gfidf,true,16
reut2-008.sgm-314.txt,0.0,idf,false,16
reut2-008.sgm-314.txt,0.0,idf,true,7
reut2-008.sgm-314.txt,0.0,logEntropy,false,16
reut2-008.sgm-314.txt,0.0,logEntropy,true,16
reut2-008.sgm-314.txt,0.0,normal,false,16
reut2-008.sgm-314.txt,0.0,normal,true,16
reut2-008.sgm-314.txt,0.0,tfidf,false,16
reut2-008.sgm-314.txt,0.0,tfidf,true,16
reut2-008.sgm-32.txt,1.8114473285278132,binary,false,5
reut2-008.sgm-32.txt,1.8114473285278132,binary,true,11
reut2-008.sgm-32.txt,1.8114473285278132,count,false,5
reut2-008.sgm-32.txt,1.8114473285278132,count,true,5
reut2-008.sgm-32.txt,1.8114473285278132,gfidf,false,1
reut2-008.sgm-32.txt,1.8114473285278132,gfidf,true,11
reut2-008.sgm-32.txt,1.8114473285278132,idf,false,11
reut2-008.sgm-32.txt,1.8114473285278132,idf,true,11
reut2-008.sgm-32.txt,1.8114473285278132,logEntropy,false,5
reut2-008.sgm-32.txt,1.8114473285278132,logEntropy,true,5
reut2-008.sgm-32.txt,1.8114473285278132,normal,false,1
reut2-008.sgm-32.txt,1.8114473285278132,normal,true,1
reut2-008.sgm-32.txt,1.8114473285278132,tfidf,false,11
reut2-008.sgm-32.txt,1.8114473285278132,tfidf,true,11
reut2-008.sgm-324.txt,2.9719885782738973,binary,false,0
reut2-008.sgm-324.txt,2.9719885782738973,binary,true,0
reut2-008.sgm-324.txt,2.9719885782738973,count,false,5
reut2-008.sgm-324.txt,2.9719885782738973,count,true,0
reut2-008.sgm-324.txt,2.9719885782738973,gfidf,false,5
reut2-008.sgm-324.txt,2.9719885782738973,gfidf,true,0
reut2-008.sgm-324.txt,2.9719885782738973,idf,false,5
reut2-008.sgm-324.txt,2.9719885782738973,idf,true,0
reut2-008.sgm-324.txt,2.9719885782738973,logEntropy,false,5
reut2-008.sgm-324.txt,2.9719885782738973,logEntropy,true,0
reut2-008.sgm-324.txt,2.9719885782738973,normal,false,0
reut2-008.sgm-324.txt,2.9719885782738973,normal,true,0
reut2-008.sgm-324.txt,2.9719885782738973,tfidf,false,5
reut2-008.sgm-324.txt,2.9719885782738973,tfidf,true,5
reut2-008.sgm-383.txt,1.640670712015276,binary,false,7
reut2-008.sgm-383.txt,1.640670712015276,binary,true,7
reut2-008.sgm-383.txt,1.640670712015276,count,false,7
reut2-008.sgm-383.txt,1.640670712015276,count,true,8
reut2-008.sgm-383.txt,1.640670712015276,gfidf,false,7
reut2-008.sgm-383.txt,1.640670712015276,gfidf,true,7
reut2-008.sgm-383.txt,1.640670712015276,idf,false,7
reut2-008.sgm-383.txt,1.640670712015276,idf,true,7
reut2-008.sgm-383.txt,1.640670712015276,logEntropy,false,7
reut2-008.sgm-383.txt,1.640670712015276,logEntropy,true,7
reut2-008.sgm-383.txt,1.640670712015276,normal,false,1
reut2-008.sgm-383.txt,1.640670712015276,normal,true,8
reut2-008.sgm-383.txt,1.640670712015276,tfidf,false,7
reut2-008.sgm-383.txt,1.640670712015276,tfidf,true,7
reut2-008.sgm-389.txt,0.0,binary,false,10
reut2-008.sgm-389.txt,0.0,binary,true,4
reut2-008.sgm-389.txt,0.0,count,false,4
reut2-008.sgm-389.txt,0.0,count,true,4
reut2-008.sgm-389.txt,0.0,gfidf,false,4
reut2-008.sgm-389.txt,0.0,gfidf,true,4
reut2-008.sgm-389.txt,0.0,idf,false,4
reut2-008.sgm-389.txt,0.0,idf,true,4
reut2-008.sgm-389.txt,0.0,logEntropy,false,4
reut2-008.sgm-389.txt,0.0,logEntropy,true,4
reut2-008.sgm-389.txt,0.0,normal,false,10
reut2-008.sgm-389.txt,0.0,normal,true,10
reut2-008.sgm-389.txt,0.0,tfidf,false,4
reut2-008.sgm-389.txt,0.0,tfidf,true,4
reut2-008.sgm-391.txt,0.0,binary,false,13
reut2-008.sgm-391.txt,0.0,binary,true,13
reut2-008.sgm-391.txt,0.0,count,false,13
reut2-008.sgm-391.txt,0.0,count,true,13
reut2-008.sgm-391.txt,0.0,gfidf,false,13
reut2-008.sgm-391.txt,0.0,gfidf,true,7
reut2-008.sgm-391.txt,0.0,idf,false,13
reut2-008.sgm-391.txt,0.0,idf,true,13
reut2-008.sgm-391.txt,0.0,logEntropy,false,13
reut2-008.sgm-391.txt,0.0,logEntropy,true,13
reut2-008.sgm-391.txt,0.0,normal,false,13
reut2-008.sgm-391.txt,0.0,normal,true,13
reut2-008.sgm-391.txt,0.0,tfidf,false,7
reut2-008.sgm-391.txt,0.0,tfidf,true,7
reut2-008.sgm-40.txt,0.0,binary,false,4
reut2-008.sgm-40.txt,0.0,binary,true,7
reut2-008.sgm-40.txt,0.0,count,false,11
reut2-008.sgm-40.txt,0.0,count,true,12
reut2-008.sgm-40.txt,0.0,gfidf,false,11
reut2-008.sgm-40.txt,0.0,gfidf,true,7
reut2-008.sgm-40.txt,0.0,idf,false,7
reut2-008.sgm-40.txt,0.0,idf,true,7
reut2-008.sgm-40.txt,0.0,logEntropy,false,4
reut2-008.sgm-40.txt,0.0,logEntropy,true,7
reut2-008.sgm-40.txt,0.0,normal,false,9
reut2-008.sgm-40.txt,0.0,normal,true,7
reut2-008.sgm-40.txt,0.0,tfidf,false,11
reut2-008.sgm-40.txt,0.0,tfidf,true,8
reut2-008.sgm-415.txt,1.9033903060212392,binary,false,1
reut2-008.sgm-415.txt,1.9033903060212392,binary,true,1
reut2-008.sgm-415.txt,1.9033903060212392,count,false,1
reut2-008.sgm-415.txt,1.9033903060212392,count,true,1
reut2-008.sgm-415.txt,1.9033903060212392,gfidf,false,1
reut2-008.sgm-415.txt,1.9033903060212392,gfidf,true,1
reut2-008.sgm-415.txt,1.9033903060212392,idf,false,1
reut2-008.sgm-415.txt,1.9033903060212392,idf,true,1
reut2-008.sgm-415.txt,1.9033903060212392,logEntropy,false,1
reut2-008.sgm-415.txt,1.9033903060212392,logEntropy,true,1
reut2-008.sgm-415.txt,1.9033903060212392,normal,false,3
reut2-008.sgm-415.txt,1.9033903060212392,normal,true,3
reut2-008.sgm-415.txt,1.9033903060212392,tfidf,false,1
reut2-008.sgm-415.txt,1.9033903060212392,tfidf,true,1
reut2-008.sgm-420.txt,0.0,binary,false,24
reut2-008.sgm-420.txt,0.0,binary,true,10
reut2-008.sgm-420.txt,0.0,count,false,22
reut2-008.sgm-420.txt,0.0,count,true,10
reut2-008.sgm-420.txt,0.0,gfidf,false,22
reut2-008.sgm-420.txt,0.0,gfidf,true,10
reut2-008.sgm-420.txt,0.0,idf,false,24
reut2-008.sgm-420.txt,0.0,idf,true,24
reut2-008.sgm-420.txt,0.0,logEntropy,false,22
reut2-008.sgm-420.txt,0.0,logEntropy,true,10
reut2-008.sgm-420.txt,0.0,normal,false,17
reut2-008.sgm-420.txt,0.0,normal,true,10
reut2-008.sgm-420.txt,0.0,tfidf,false,24
reut2-008.sgm-420.txt,0.0,tfidf,true,24
reut2-008.sgm-426.txt,0.0,binary,false,8
reut2-008.sgm-426.txt,0.0,binary,true,4
reut2-008.sgm-426.txt,0.0,count,false,8
reut2-008.sgm-426.txt,0.0,count,true,4
reut2-008.sgm-426.txt,0.0,gfidf,false,8
reut2-008.sgm-426.txt,0.0,gfidf,true,4
reut2-008.sgm-426.txt,0.0,idf,false,8
reut2-008.sgm-426.txt,0.0,idf,true,4
reut2-008.sgm-426.txt,0.0,logEntropy,false,8
reut2-008.sgm-426.txt,0.0,logEntropy,true,4
reut2-008.sgm-426.txt,0.0,normal,false,0
reut2-008.sgm-426.txt,0.0,normal,true,0
reut2-008.sgm-426.txt,0.0,tfidf,false,8
reut2-008.sgm-426.txt,0.0,tfidf,true,4
reut2-008.sgm-43.txt,1.3459001926323562,binary,false,17
reut2-008.sgm-43.txt,1.3459001926323562,binary,true,17
reut2-008.sgm-43.txt,1.3459001926323562,count,false,1
reut2-008.sgm-43.txt,1.3459001926323562,count,true,8
reut2-008.sgm-43.txt,1.3459001926323562,gfidf,false,1
reut2-008.sgm-43.txt,1.3459001926323562,gfidf,true,17
reut2-008.sgm-43.txt,1.3459001926323562,idf,false,15
reut2-008.sgm-43.txt,1.3459001926323562,idf,true,17
reut2-008.sgm-43.txt,1.3459001926323562,logEntropy,false,1
reut2-008.sgm-43.txt,1.3459001926323562,logEntropy,true,8
reut2-008.sgm-43.txt,1.3459001926323562,normal,false,17
reut2-008.sgm-43.txt,1.3459001926323562,normal,true,17
reut2-008.sgm-43.txt,1.3459001926323562,tfidf,false,1
reut2-008.sgm-43.txt,1.3459001926323562,tfidf,true,15
reut2-008.sgm-438.txt,0.0,binary,false,19
reut2-008.sgm-438.txt,0.0,binary,true,19
reut2-008.sgm-438.txt,0.0,count,false,10
reut2-008.sgm-438.txt,0.0,count,true,10
reut2-008.sgm-438.txt,0.0,gfidf,false,10
reut2-008.sgm-438.txt,0.0,gfidf,true,19
reut2-008.sgm-438.txt,0.0,idf,false,0
reut2-008.sgm-438.txt,0.0,idf,true,0
reut2-008.sgm-438.txt,0.0,logEntropy,false,10
reut2-008.sgm-438.txt,0.0,logEntropy,true,19
reut2-008.sgm-438.txt,0.0,normal,false,19
reut2-008.sgm-438.txt,0.0,normal,true,19
reut2-008.sgm-438.txt,0.0,tfidf,false,10
reut2-008.sgm-438.txt,0.0,tfidf,true,9
reut2-008.sgm-439.txt,0.0,binary,false,9
reut2-008.sgm-439.txt,0.0,binary,true,7
reut2-008.sgm-439.txt,0.0,count,false,13
reut2-008.sgm-439.txt,0.0,count,true,13
reut2-008.sgm-439.txt,0.0,gfidf,false,9
reut2-008.sgm-439.txt,0.0,gfidf,true,7
reut2-008.sgm-439.txt,0.0,idf,false,2
reut2-008.sgm-439.txt,0.0,idf,true,12
reut2-008.sgm-439.txt,0.0,logEntropy,false,13
reut2-008.sgm-439.txt,0.0,logEntropy,true,13
reut2-008.sgm-439.txt,0.0,normal,false,13
reut2-008.sgm-439.txt,0.0,normal,true,13
reut2-008.sgm-439.txt,0.0,tfidf,false,2
reut2-008.sgm-439.txt,0.0,tfidf,true,10
reut2-008.sgm-440.txt,0.0,binary,false,5
reut2-008.sgm-440.txt,0.0,binary,true,5
reut2-008.sgm-440.txt,0.0,count,false,16
reut2-008.sgm-440.txt,0.0,count,true,16
reut2-008.sgm-440.txt,0.0,gfidf,false,8
reut2-008.sgm-440.txt,0.0,gfidf,true,5
reut2-008.sgm-440.txt,0.0,idf,false,10
reut2-008.sgm-440.txt,0.0,idf,true,5
reut2-008.sgm-440.txt,0.0,logEntropy,false,5
reut2-008.sgm-440.txt,0.0,logEntropy,true,16
reut2-008.sgm-440.txt,0.0,normal,false,5
reut2-008.sgm-440.txt,0.0,normal,true,5
reut2-008.sgm-440.txt,0.0,tfidf,false,8
reut2-008.sgm-440.txt,0.0,tfidf,true,5
reut2-008.sgm-443.txt,0.0,binary,false,9
reut2-008.sgm-443.txt,0.0,binary,true,9
reut2-008.sgm-443.txt,0.0,count,false,3
reut2-008.sgm-443.txt,0.0,count,true,3
reut2-008.sgm-443.txt,0.0,gfidf,false,9
reut2-008.sgm-443.txt,0.0,gfidf,true,9
reut2-008.sgm-443.txt,0.0,idf,false,9
reut2-008.sgm-443.txt,0.0,idf,true,33
reut2-008.sgm-443.txt,0.0,logEntropy,false,3
reut2-008.sgm-443.txt,0.0,logEntropy,true,3
reut2-008.sgm-443.txt,0.0,normal,false,24
reut2-008.sgm-443.txt,0.0,normal,true,24
reut2-008.sgm-443.txt,0.0,tfidf,false,33
reut2-008.sgm-443.txt,0.0,tfidf,true,33
reut2-008.sgm-460.txt,0.0,binary,false,14
reut2-008.sgm-460.txt,0.0,binary,true,14
reut2-008.sgm-460.txt,0.0,count,false,14
reut2-008.sgm-460.txt,0.0,count,true,7
reut2-008.sgm-460.txt,0.0,gfidf,false,14
reut2-008.sgm-460.txt,0.0,gfidf,true,14
reut2-008.sgm-460.txt,0.0,idf,false,14
reut2-008.sgm-460.txt,0.0,idf,true,14
reut2-008.sgm-460.txt,0.0,logEntropy,false,14
reut2-008.sgm-460.txt,0.0,logEntropy,true,14
reut2-008.sgm-460.txt,0.0,normal,false,14
reut2-008.sgm-460.txt,0.0,normal,true,14
reut2-008.sgm-460.txt,0.0,tfidf,false,14
reut2-008.sgm-460.txt,0.0,tfidf,true,13
reut2-008.sgm-482.txt,0.0,binary,false,5
reut2-008.sgm-482.txt,0.0,binary,true,5
reut2-008.sgm-482.txt,0.0,count,false,20
reut2-008.sgm-482.txt,0.0,count,true,25
reut2-008.sgm-482.txt,0.0,gfidf,false,20
reut2-008.sgm-482.txt,0.0,gfidf,true,20
reut2-008.sgm-482.txt,0.0,idf,false,5
reut2-008.sgm-482.txt,0.0,idf,true,5
reut2-008.sgm-482.txt,0.0,logEntropy,false,20
reut2-008.sgm-482.txt,0.0,logEntropy,true,2
reut2-008.sgm-482.txt,0.0,normal,false,2
reut2-008.sgm-482.txt,0.0,normal,true,2
reut2-008.sgm-482.txt,0.0,tfidf,false,5
reut2-008.sgm-482.txt,0.0,tfidf,true,5
reut2-008.sgm-484.txt,0.0,binary,false,5
reut2-008.sgm-484.txt,0.0,binary,true,4
reut2-008.sgm-484.txt,0.0,count,false,4
reut2-008.sgm-484.txt,0.0,count,true,4
reut2-008.sgm-484.txt,0.0,gfidf,false,4
reut2-008.sgm-484.txt,0.0,gfidf,true,4
reut2-008.sgm-484.txt,0.0,idf,false,5
reut2-008.sgm-484.txt,0.0,idf,true,5
reut2-008.sgm-484.txt,0.0,logEntropy,false,4
reut2-008.sgm-484.txt,0.0,logEntropy,true,4
reut2-008.sgm-484.txt,0.0,normal,false,4
reut2-008.sgm-484.txt,0.0,normal,true,4
reut2-008.sgm-484.txt,0.0,tfidf,false,5
reut2-008.sgm-484.txt,0.0,tfidf,true,10
reut2-008.sgm-505.txt,0.0,binary,false,23
reut2-008.sgm-505.txt,0.0,binary,true,0
reut2-008.sgm-505.txt,0.0,count,false,23
reut2-008.sgm-505.txt,0.0,count,true,0
reut2-008.sgm-505.txt,0.0,gfidf,false,23
reut2-008.sgm-505.txt,0.0,gfidf,true,0
reut2-008.sgm-505.txt,0.0,idf,false,23
reut2-008.sgm-505.txt,0.0,idf,true,0
reut2-008.sgm-505.txt,0.0,logEntropy,false,23
reut2-008.sgm-505.txt,0.0,logEntropy,true,0
reut2-008.sgm-505.txt,0.0,normal,false,3
reut2-008.sgm-505.txt,0.0,normal,true,3
reut2-008.sgm-505.txt,0.0,tfidf,false,23
reut2-008.sgm-505.txt,0.0,tfidf,true,23
reut2-008.sgm-509.txt,0.0,binary,false,4
reut2-008.sgm-509.txt,0.0,binary,true,4
reut2-008.sgm-509.txt,0.0,count,false,4
reut2-008.sgm-509.txt,0.0,count,true,4
reut2-008.sgm-509.txt,0.0,gfidf,false,4
reut2-008.sgm-509.txt,0.0,gfidf,true,4
reut2-008.sgm-509.txt,0.0,idf,false,5
reut2-008.sgm-509.txt,0.0,idf,true,4
reut2-008.sgm-509.txt,0.0,logEntropy,false,4
reut2-008.sgm-509.txt,0.0,logEntropy,true,4
reut2-008.sgm-509.txt,0.0,normal,false,4
reut2-008.sgm-509.txt,0.0,normal,true,4
reut2-008.sgm-509.txt,0.0,tfidf,false,4
reut2-008.sgm-509.txt,0.0,tfidf,true,4
reut2-008.sgm-515.txt,0.0,binary,false,9
reut2-008.sgm-515.txt,0.0,binary,true,7
reut2-008.sgm-515.txt,0.0,count,false,9
reut2-008.sgm-515.txt,0.0,count,true,7
reut2-008.sgm-515.txt,0.0,gfidf,false,9
reut2-008.sgm-515.txt,0.0,gfidf,true,7
reut2-008.sgm-515.txt,0.0,idf,false,2
reut2-008.sgm-515.txt,0.0,idf,true,7
reut2-008.sgm-515.txt,0.0,logEntropy,false,9
reut2-008.sgm-515.txt,0.0,logEntropy,true,7
reut2-008.sgm-515.txt,0.0,normal,false,7
reut2-008.sgm-515.txt,0.0,normal,true,7
reut2-008.sgm-515.txt,0.0,tfidf,false,2
reut2-008.sgm-515.txt,0.0,tfidf,true,1
reut2-008.sgm-54.txt,0.0,binary,false,0
reut2-008.sgm-54.txt,0.0,binary,true,9
reut2-008.sgm-54.txt,0.0,count,false,0
reut2-008.sgm-54.txt,0.0,count,true,5
reut2-008.sgm-54.txt,0.0,gfidf,false,0
reut2-008.sgm-54.txt,0.0,gfidf,true,22
reut2-008.sgm-54.txt,0.0,idf,false,0
reut2-008.sgm-54.txt,0.0,idf,true,9
reut2-008.sgm-54.txt,0.0,logEntropy,false,0
reut2-008.sgm-54.txt,0.0,logEntropy,true,9
reut2-008.sgm-54.txt,0.0,normal,false,9
reut2-008.sgm-54.txt,0.0,normal,true,9
reut2-008.sgm-54.txt,0.0,tfidf,false,0
reut2-008.sgm-54.txt,0.0,tfidf,true,3
reut2-008.sgm-547.txt,0.0,binary,false,18
reut2-008.sgm-547.txt,0.0,binary,true,2
reut2-008.sgm-547.txt,0.0,count,false,12
reut2-008.sgm-547.txt,0.0,count,true,12
reut2-008.sgm-547.txt,0.0,gfidf,false,18
reut2-008.sgm-547.txt,0.0,gfidf,true,18
reut2-008.sgm-547.txt,0.0,idf,false,2
reut2-008.sgm-547.txt,0.0,idf,true,2
reut2-008.sgm-547.txt,0.0,logEntropy,false,12
reut2-008.sgm-547.txt,0.0,logEntropy,true,12
reut2-008.sgm-547.txt,0.0,normal,false,18
reut2-008.sgm-547.txt,0.0,normal,true,18
reut2-008.sgm-547.txt,0.0,tfidf,false,2
reut2-008.sgm-547.txt,0.0,tfidf,true,2
reut2-008.sgm-560.txt,0.0,binary,false,25
reut2-008.sgm-560.txt,0.0,binary,true,25
reut2-008.sgm-560.txt,0.0,count,false,25
reut2-008.sgm-560.txt,0.0,count,true,25
reut2-008.sgm-560.txt,0.0,gfidf,false,25
reut2-008.sgm-560.txt,0.0,gfidf,true,25
reut2-008.sgm-560.txt,0.0,idf,false,25
reut2-008.sgm-560.txt,0.0,idf,true,25
reut2-008.sgm-560.txt,0.0,logEntropy,false,25
reut2-008.sgm-560.txt,0.0,logEntropy,true,25
reut2-008.sgm-560.txt,0.0,normal,false,17
reut2-008.sgm-560.txt,0.0,normal,true,17
reut2-008.sgm-560.txt,0.0,tfidf,false,25
reut2-008.sgm-560.txt,0.0,tfidf,true,25
reut2-008.sgm-562.txt,1.640670712015276,binary,false,10
reut2-008.sgm-562.txt,1.640670712015276,binary,true,10
reut2-008.sgm-562.txt,1.640670712015276,count,false,14
reut2-008.sgm-562.txt,1.640670712015276,count,true,10
reut2-008.sgm-562.txt,1.640670712015276,gfidf,false,17
reut2-008.sgm-562.txt,1.640670712015276,gfidf,true,10
reut2-008.sgm-562.txt,1.640670712015276,idf,false,10
reut2-008.sgm-562.txt,1.640670712015276,idf,true,10
reut2-008.sgm-562.txt,1.640670712015276,logEntropy,false,10
reut2-008.sgm-562.txt,1.640670712015276,logEntropy,true,10
reut2-008.sgm-562.txt,1.640670712015276,normal,false,17
reut2-008.sgm-562.txt,1.640670712015276,normal,true,17
reut2-008.sgm-562.txt,1.640670712015276,tfidf,false,0
reut2-008.sgm-562.txt,1.640670712015276,tfidf,true,10
reut2-008.sgm-568.txt,0.0,binary,false,2
reut2-008.sgm-568.txt,0.0,binary,true,7
reut2-008.sgm-568.txt,0.0,count,false,20
reut2-008.sgm-568.txt,0.0,count,true,7
reut2-008.sgm-568.txt,0.0,gfidf,false,2
reut2-008.sgm-568.txt,0.0,gfidf,true,7
reut2-008.sgm-568.txt,0.0,idf,false,20
reut2-008.sgm-568.txt,0.0,idf,true,7
reut2-008.sgm-568.txt,0.0,logEntropy,false,20
reut2-008.sgm-568.txt,0.0,logEntropy,true,7
reut2-008.sgm-568.txt,0.0,normal,false,2
reut2-008.sgm-568.txt,0.0,normal,true,13
reut2-008.sgm-568.txt,0.0,tfidf,false,20
reut2-008.sgm-568.txt,0.0,tfidf,true,7
reut2-008.sgm-584.txt,0.0,binary,false,16
reut2-008.sgm-584.txt,0.0,binary,true,17
reut2-008.sgm-584.txt,0.0,count,false,10
reut2-008.sgm-584.txt,0.0,count,true,10
reut2-008.sgm-584.txt,0.0,gfidf,false,17
reut2-008.sgm-584.txt,0.0,gfidf,true,17
reut2-008.sgm-584.txt,0.0,idf,false,16
reut2-008.sgm-584.txt,0.0,idf,true,17
reut2-008.sgm-584.txt,0.0,logEntropy,false,10
reut2-008.sgm-584.txt,0.0,logEntropy,true,10
reut2-008.sgm-584.txt,0.0,normal,false,10
reut2-008.sgm-584.txt,0.0,normal,true,12
reut2-008.sgm-584.txt,0.0,tfidf,false,17
reut2-008.sgm-584.txt,0.0,tfidf,true,17
reut2-008.sgm-59.txt,0.0,binary,false,5
reut2-008.sgm-59.txt,0.0,binary,true,0
reut2-008.sgm-59.txt,0.0,count,false,4
reut2-008.sgm-59.txt,0.0,count,true,4
reut2-008.sgm-59.txt,0.0,gfidf,false,8
reut2-008.sgm-59.txt,0.0,gfidf,true,8
reut2-008.sgm-59.txt,0.0,idf,false,4
reut2-008.sgm-59.txt,0.0,idf,true,0
reut2-008.sgm-59.txt,0.0,logEntropy,false,4
reut2-008.sgm-59.txt,0.0,logEntropy,true,4
reut2-008.sgm-59.txt,0.0,normal,false,8
reut2-008.sgm-59.txt,0.0,normal,true,8
reut2-008.sgm-59.txt,0.0,tfidf,false,16
reut2-008.sgm-59.txt,0.0,tfidf,true,1
reut2-008.sgm-591.txt,4.648119937493904,binary,false,0
reut2-008.sgm-591.txt,4.648119937493904,binary,true,0
reut2-008.sgm-591.txt,4.648119937493904,count,false,0
reut2-008.sgm-591.txt,4.648119937493904,count,true,0
reut2-008.sgm-591.txt,4.648119937493904,gfidf,false,0
reut2-008.sgm-591.txt,4.648119937493904,gfidf,true,0
reut2-008.sgm-591.txt,4.648119937493904,idf,false,1
reut2-008.sgm-591.txt,4.648119937493904,idf,true,1
reut2-008.sgm-591.txt,4.648119937493904,logEntropy,false,0
reut2-008.sgm-591.txt,4.648119937493904,logEntropy,true,0
reut2-008.sgm-591.txt,4.648119937493904,normal,false,0
reut2-008.sgm-591.txt,4.648119937493904,normal,true,0
reut2-008.sgm-591.txt,4.648119937493904,tfidf,false,0
reut2-008.sgm-591.txt,4.648119937493904,tfidf,true,0
reut2-008.sgm-594.txt,0.0,binary,false,24
reut2-008.sgm-594.txt,0.0,binary,true,25
reut2-008.sgm-594.txt,0.0,count,false,2
reut2-008.sgm-594.txt,0.0,count,true,6
reut2-008.sgm-594.txt,0.0,gfidf,false,6
reut2-008.sgm-594.txt,0.0,gfidf,true,6
reut2-008.sgm-594.txt,0.0,idf,false,25
reut2-008.sgm-594.txt,0.0,idf,true,25
reut2-008.sgm-594.txt,0.0,logEntropy,false,8
reut2-008.sgm-594.txt,0.0,logEntropy,true,8
reut2-008.sgm-594.txt,0.0,normal,false,17
reut2-008.sgm-594.txt,0.0,normal,true,17
reut2-008.sgm-594.txt,0.0,tfidf,false,6
reut2-008.sgm-594.txt,0.0,tfidf,true,25
reut2-008.sgm-596.txt,0.0,binary,false,10
reut2-008.sgm-596.txt,0.0,binary,true,3
reut2-008.sgm-596.txt,0.0,count,false,2
reut2-008.sgm-596.txt,0.0,count,true,23
reut2-008.sgm-596.txt,0.0,gfidf,false,10
reut2-008.sgm-596.txt,0.0,gfidf,true,3
reut2-008.sgm-596.txt,0.0,idf,false,10
reut2-008.sgm-596.txt,0.0,idf,true,3
reut2-008.sgm-596.txt,0.0,logEntropy,false,10
reut2-008.sgm-596.txt,0.0,logEntropy,true,3
reut2-008.sgm-596.txt,0.0,normal,false,0
reut2-008.sgm-596.txt,0.0,normal,true,0
reut2-008.sgm-596.txt,0.0,tfidf,false,10
reut2-008.sgm-596.txt,0.0,tfidf,true,3
reut2-008.sgm-597.txt,0.0,binary,false,6
reut2-008.sgm-597.txt,0.0,binary,true,6
reut2-008.sgm-597.txt,0.0,count,false,6
reut2-008.sgm-597.txt,0.0,count,true,6
reut2-008.sgm-597.txt,0.0,gfidf,false,6
reut2-008.sgm-597.txt,0.0,gfidf,true,6
reut2-008.sgm-597.txt,0.0,idf,false,6
reut2-008.sgm-597.txt,0.0,idf,true,6
reut2-008.sgm-597.txt,0.0,logEntropy,false,6
reut2-008.sgm-597.txt,0.0,logEntropy,true,6
reut2-008.sgm-597.txt,0.0,normal,false,6
reut2-008.sgm-597.txt,0.0,normal,true,6
reut2-008.sgm-597.txt,0.0,tfidf,false,6
reut2-008.sgm-597.txt,0.0,tfidf,true,6
reut2-008.sgm-599.txt,0.0,binary,false,6
reut2-008.sgm-599.txt,0.0,binary,true,6
reut2-008.sgm-599.txt,0.0,count,false,2
reut2-008.sgm-599.txt,0.0,count,true,2
reut2-008.sgm-599.txt,0.0,gfidf,false,6
reut2-008.sgm-599.txt,0.0,gfidf,true,6
reut2-008.sgm-599.txt,0.0,idf,false,6
reut2-008.sgm-599.txt,0.0,idf,true,6
reut2-008.sgm-599.txt,0.0,logEntropy,false,6
reut2-008.sgm-599.txt,0.0,logEntropy,true,6
reut2-008.sgm-599.txt,0.0,normal,false,10
reut2-008.sgm-599.txt,0.0,normal,true,6
reut2-008.sgm-599.txt,0.0,tfidf,false,6
reut2-008.sgm-599.txt,0.0,tfidf,true,6
reut2-008.sgm-600.txt,0.0,binary,false,25
reut2-008.sgm-600.txt,0.0,binary,true,25
reut2-008.sgm-600.txt,0.0,count,false,9
reut2-008.sgm-600.txt,0.0,count,true,9
reut2-008.sgm-600.txt,0.0,gfidf,false,14
reut2-008.sgm-600.txt,0.0,gfidf,true,14
reut2-008.sgm-600.txt,0.0,idf,false,14
reut2-008.sgm-600.txt,0.0,idf,true,25
reut2-008.sgm-600.txt,0.0,logEntropy,false,14
reut2-008.sgm-600.txt,0.0,logEntropy,true,9
reut2-008.sgm-600.txt,0.0,normal,false,9
reut2-008.sgm-600.txt,0.0,normal,true,6
reut2-008.sgm-600.txt,0.0,tfidf,false,14
reut2-008.sgm-600.txt,0.0,tfidf,true,14
reut2-008.sgm-614.txt,0.0,binary,false,13
reut2-008.sgm-614.txt,0.0,binary,true,13
reut2-008.sgm-614.txt,0.0,count,false,13
reut2-008.sgm-614.txt,0.0,count,true,13
reut2-008.sgm-614.txt,0.0,gfidf,false,13
reut2-008.sgm-614.txt,0.0,gfidf,true,13
reut2-008.sgm-614.txt,0.0,idf,false,13
reut2-008.sgm-614.txt,0.0,idf,true,13
reut2-008.sgm-614.txt,0.0,logEntropy,false,13
reut2-008.sgm-614.txt,0.0,logEntropy,true,13
reut2-008.sgm-614.txt,0.0,normal,false,13
reut2-008.sgm-614.txt,0.0,normal,true,13
reut2-008.sgm-614.txt,0.0,tfidf,false,13
reut2-008.sgm-614.txt,0.0,tfidf,true,13
reut2-008.sgm-617.txt,0.0,binary,false,4
reut2-008.sgm-617.txt,0.0,binary,true,4
reut2-008.sgm-617.txt,0.0,count,false,4
reut2-008.sgm-617.txt,0.0,count,true,4
reut2-008.sgm-617.txt,0.0,gfidf,false,4
reut2-008.sgm-617.txt,0.0,gfidf,true,4
reut2-008.sgm-617.txt,0.0,idf,false,9
reut2-008.sgm-617.txt,0.0,idf,true,4
reut2-008.sgm-617.txt,0.0,logEntropy,false,4
reut2-008.sgm-617.txt,0.0,logEntropy,true,4
reut2-008.sgm-617.txt,0.0,normal,false,13
reut2-008.sgm-617.txt,0.0,normal,true,13
reut2-008.sgm-617.txt,0.0,tfidf,false,9
reut2-008.sgm-617.txt,0.0,tfidf,true,4
reut2-008.sgm-620.txt,2.561773379528545,binary,false,21
reut2-008.sgm-620.txt,2.561773379528545,binary,true,4
reut2-008.sgm-620.txt,2.561773379528545,count,false,0
reut2-008.sgm-620.txt,2.561773379528545,count,true,4
reut2-008.sgm-620.txt,2.561773379528545,gfidf,false,0
reut2-008.sgm-620.txt,2.561773379528545,gfidf,true,0
reut2-008.sgm-620.txt,2.561773379528545,idf,false,21
reut2-008.sgm-620.txt,2.561773379528545,idf,true,4
reut2-008.sgm-620.txt,2.561773379528545,logEntropy,false,0
reut2-008.sgm-620.txt,2.561773379528545,logEntropy,true,4
reut2-008.sgm-620.txt,2.561773379528545,normal,false,0
reut2-008.sgm-620.txt,2.561773379528545,normal,true,0
reut2-008.sgm-620.txt,2.561773379528545,tfidf,false,9
reut2-008.sgm-620.txt,2.561773379528545,tfidf,true,0
reut2-008.sgm-626.txt,0.0,binary,false,24
reut2-008.sgm-626.txt,0.0,binary,true,0
reut2-008.sgm-626.txt,0.0,count,false,1
reut2-008.sgm-626.txt,0.0,count,true,1
reut2-008.sgm-626.txt,0.0,gfidf,false,24
reut2-008.sgm-626.txt,0.0,gfidf,true,0
reut2-008.sgm-626.txt,0.0,idf,false,24
reut2-008.sgm-626.txt,0.0,idf,true,24
reut2-008.sgm-626.txt,0.0,logEntropy,false,24
reut2-008.sgm-626.txt,0.0,logEntropy,true,0
reut2-008.sgm-626.txt,0.0,normal,false,7
reut2-008.sgm-626.txt,0.0,normal,true,7
reut2-008.sgm-626.txt,0.0,tfidf,false,24
reut2-008.sgm-626.txt,0.0,tfidf,true,20
reut2-008.sgm-627.txt,0.0,binary,false,3
reut2-008.sgm-627.txt,0.0,binary,true,3
reut2-008.sgm-627.txt,0.0,count,false,3
reut2-008.sgm-627.txt,0.0,count,true,0
reut2-008.sgm-627.txt,0.0,gfidf,false,3
reut2-008.sgm-627.txt,0.0,gfidf,true,3
reut2-008.sgm-627.txt,0.0,idf,false,3
reut2-008.sgm-627.txt,0.0,idf,true,7
reut2-008.sgm-627.txt,0.0,logEntropy,false,3
reut2-008.sgm-627.txt,0.0,logEntropy,true,0
reut2-008.sgm-627.txt,0.0,normal,false,3
reut2-008.sgm-627.txt,0.0,normal,true,3
reut2-008.sgm-627.txt,0.0,tfidf,false,7
reut2-008.sgm-627.txt,0.0,tfidf,true,7
reut2-008.sgm-629.txt,0.0,binary,false,3
reut2-008.sgm-629.txt,0.0,binary,true,3
reut2-008.sgm-629.txt,0.0,count,false,3
reut2-008.sgm-629.txt,0.0,count,true,3
reut2-008.sgm-629.txt,0.0,gfidf,false,3
reut2-008.sgm-629.txt,0.0,gfidf,true,3
reut2-008.sgm-629.txt,0.0,idf,false,3
reut2-008.sgm-629.txt,0.0,idf,true,3
reut2-008.sgm-629.txt,0.0,logEntropy,false,3
reut2-008.sgm-629.txt,0.0,logEntropy,true,3
reut2-008.sgm-629.txt,0.0,normal,false,3
reut2-008.sgm-629.txt,0.0,normal,true,3
reut2-008.sgm-629.txt,0.0,tfidf,false,3
reut2-008.sgm-629.txt,0.0,tfidf,true,3
reut2-008.sgm-632.txt,0.0,binary,false,0
reut2-008.sgm-632.txt,0.0,binary,true,0
reut2-008.sgm-632.txt,0.0,count,false,0
reut2-008.sgm-632.txt,0.0,count,true,0
reut2-008.sgm-632.txt,0.0,gfidf,false,5
reut2-008.sgm-632.txt,0.0,gfidf,true,5
reut2-008.sgm-632.txt,0.0,idf,false,0
reut2-008.sgm-632.txt,0.0,idf,true,0
reut2-008.sgm-632.txt,0.0,logEntropy,false,0
reut2-008.sgm-632.txt,0.0,logEntropy,true,0
reut2-008.sgm-632.txt,0.0,normal,false,5
reut2-008.sgm-632.txt,0.0,normal,true,5
reut2-008.sgm-632.txt,0.0,tfidf,false,0
reut2-008.sgm-632.txt,0.0,tfidf,true,0
reut2-008.sgm-661.txt,4.648119937493904,binary,false,0
reut2-008.sgm-661.txt,4.648119937493904,binary,true,0
reut2-008.sgm-661.txt,4.648119937493904,count,false,0
reut2-008.sgm-661.txt,4.648119937493904,count,true,0
reut2-008.sgm-661.txt,4.648119937493904,gfidf,false,0
reut2-008.sgm-661.txt,4.648119937493904,gfidf,true,0
reut2-008.sgm-661.txt,4.648119937493904,idf,false,1
reut2-008.sgm-661.txt,4.648119937493904,idf,true,1
reut2-008.sgm-661.txt,4.648119937493904,logEntropy,false,0
reut2-008.sgm-661.txt,4.648119937493904,logEntropy,true,0
reut2-008.sgm-661.txt,4.648119937493904,normal,false,0
reut2-008.sgm-661.txt,4.648119937493904,normal,true,0
reut2-008.sgm-661.txt,4.648119937493904,tfidf,false,0
reut2-008.sgm-661.txt,4.648119937493904,tfidf,true,0
reut2-008.sgm-663.txt,2.561773379528545,binary,false,21
reut2-008.sgm-663.txt,2.561773379528545,binary,true,4
reut2-008.sgm-663.txt,2.561773379528545,count,false,0
reut2-008.sgm-663.txt,2.561773379528545,count,true,4
reut2-008.sgm-663.txt,2.561773379528545,gfidf,false,0
reut2-008.sgm-663.txt,2.561773379528545,gfidf,true,0
reut2-008.sgm-663.txt,2.561773379528545,idf,false,21
reut2-008.sgm-663.txt,2.561773379528545,idf,true,4
reut2-008.sgm-663.txt,2.561773379528545,logEntropy,false,0
reut2-008.sgm-663.txt,2.561773379528545,logEntropy,true,4
reut2-008.sgm-663.txt,2.561773379528545,normal,false,0
reut2-008.sgm-663.txt,2.561773379528545,normal,true,0
reut2-008.sgm-663.txt,2.561773379528545,tfidf,false,9
reut2-008.sgm-663.txt,2.561773379528545,tfidf,true,0
reut2-008.sgm-665.txt,0.0,binary,false,3
reut2-008.sgm-665.txt,0.0,binary,true,3
reut2-008.sgm-665.txt,0.0,count,false,3
reut2-008.sgm-665.txt,0.0,count,true,0
reut2-008.sgm-665.txt,0.0,gfidf,false,3
reut2-008.sgm-665.txt,0.0,gfidf,true,3
reut2-008.sgm-665.txt,0.0,idf,false,3
reut2-008.sgm-665.txt,0.0,idf,true,7
reut2-008.sgm-665.txt,0.0,logEntropy,false,3
reut2-008.sgm-665.txt,0.0,logEntropy,true,0
reut2-008.sgm-665.txt,0.0,normal,false,3
reut2-008.sgm-665.txt,0.0,normal,true,3
reut2-008.sgm-665.txt,0.0,tfidf,false,7
reut2-008.sgm-665.txt,0.0,tfidf,true,7
reut2-008.sgm-68.txt,0.0,binary,false,0
reut2-008.sgm-68.txt,0.0,binary,true,0
reut2-008.sgm-68.txt,0.0,count,false,0
reut2-008.sgm-68.txt,0.0,count,true,0
reut2-008.sgm-68.txt,0.0,gfidf,false,0
reut2-008.sgm-68.txt,0.0,gfidf,true,0
reut2-008.sgm-68.txt,0.0,idf,false,7
reut2-008.sgm-68.txt,0.0,idf,true,0
reut2-008.sgm-68.txt,0.0,logEntropy,false,0
reut2-008.sgm-68.txt,0.0,logEntropy,true,0
reut2-008.sgm-68.txt,0.0,normal,false,0
reut2-008.sgm-68.txt,0.0,normal,true,0
reut2-008.sgm-68.txt,0.0,tfidf,false,7
reut2-008.sgm-68.txt,0.0,tfidf,true,16
reut2-008.sgm-704.txt,2.561773379528545,binary,false,12
reut2-008.sgm-704.txt,2.561773379528545,binary,true,12
reut2-008.sgm-704.txt,2.561773379528545,count,false,11
reut2-008.sgm-704.txt,2.561773379528545,count,true,11
reut2-008.sgm-704.txt,2.561773379528545,gfidf,false,0
reut2-008.sgm-704.txt,2.561773379528545,gfidf,true,0
reut2-008.sgm-704.txt,2.561773379528545,idf,false,12
reut2-008.sgm-704.txt,2.561773379528545,idf,true,12
reut2-008.sgm-704.txt,2.561773379528545,logEntropy,false,11
reut2-008.sgm-704.txt,2.561773379528545,logEntropy,true,0
reut2-008.sgm-704.txt,2.561773379528545,normal,false,0
reut2-008.sgm-704.txt,2.561773379528545,normal,true,0
reut2-008.sgm-704.txt,2.561773379528545,tfidf,false,12
reut2-008.sgm-704.txt,2.561773379528545,tfidf,true,12
reut2-008.sgm-705.txt,0.0,binary,false,5
reut2-008.sgm-705.txt,0.0,binary,true,5
reut2-008.sgm-705.txt,0.0,count,false,5
reut2-008.sgm-705.txt,0.0,count,true,5
reut2-008.sgm-705.txt,0.0,gfidf,false,5
reut2-008.sgm-705.txt,0.0,gfidf,true,5
reut2-008.sgm-705.txt,0.0,idf,false,5
reut2-008.sgm-705.txt,0.0,idf,true,5
reut2-008.sgm-705.txt,0.0,logEntropy,false,5
reut2-008.sgm-705.txt,0.0,logEntropy,true,5
reut2-008.sgm-705.txt,0.0,normal,false,8
reut2-008.sgm-705.txt,0.0,normal,true,11
reut2-008.sgm-705.txt,0.0,tfidf,false,5
reut2-008.sgm-705.txt,0.0,tfidf,true,5
reut2-008.sgm-706.txt,0.0,binary,false,6
reut2-008.sgm-706.txt,0.0,binary,true,6
reut2-008.sgm-706.txt,0.0,count,false,6
reut2-008.sgm-706.txt,0.0,count,true,6
reut2-008.sgm-706.txt,0.0,gfidf,false,6
reut2-008.sgm-706.txt,0.0,gfidf,true,6
reut2-008.sgm-706.txt,0.0,idf,false,6
reut2-008.sgm-706.txt,0.0,idf,true,6
reut2-008.sgm-706.txt,0.0,logEntropy,false,6
reut2-008.sgm-706.txt,0.0,logEntropy,true,6
reut2-008.sgm-706.txt,0.0,normal,false,3
reut2-008.sgm-706.txt,0.0,normal,true,3
reut2-008.sgm-706.txt,0.0,tfidf,false,6
reut2-008.sgm-706.txt,0.0,tfidf,true,6
reut2-008.sgm-71.txt,1.640670712015276,binary,false,4
reut2-008.sgm-71.txt,1.640670712015276,binary,true,1
reut2-008.sgm-71.txt,1.640670712015276,count,false,6
reut2-008.sgm-71.txt,1.640670712015276,count,true,6
reut2-008.sgm-71.txt,1.640670712015276,gfidf,false,6
reut2-008.sgm-71.txt,1.640670712015276,gfidf,true,6
reut2-008.sgm-71.txt,1.640670712015276,idf,false,4
reut2-008.sgm-71.txt,1.640670712015276,idf,true,1
reut2-008.sgm-71.txt,1.640670712015276,logEntropy,false,6
reut2-008.sgm-71.txt,1.640670712015276,logEntropy,true,6
reut2-008.sgm-71.txt,1.640670712015276,normal,false,4
reut2-008.sgm-71.txt,1.640670712015276,normal,true,4
reut2-008.sgm-71.txt,1.640670712015276,tfidf,false,6
reut2-008.sgm-71.txt,1.640670712015276,tfidf,true,6
reut2-008.sgm-713.txt,0.0,binary,false,18
reut2-008.sgm-713.txt,0.0,binary,true,0
reut2-008.sgm-713.txt,0.0,count,false,22
reut2-008.sgm-713.txt,0.0,count,true,0
reut2-008.sgm-713.txt,0.0,gfidf,false,22
reut2-008.sgm-713.txt,0.0,gfidf,true,0
reut2-008.sgm-713.txt,0.0,idf,false,18
reut2-008.sgm-713.txt,0.0,idf,true,0
reut2-008.sgm-713.txt,0.0,logEntropy,false,22
reut2-008.sgm-713.txt,0.0,logEntropy,true,0
reut2-008.sgm-713.txt,0.0,normal,false,22
reut2-008.sgm-713.txt,0.0,normal,true,22
reut2-008.sgm-713.txt,0.0,tfidf,false,35
reut2-008.sgm-713.txt,0.0,tfidf,true,35
reut2-008.sgm-73.txt,0.0,binary,false,14
reut2-008.sgm-73.txt,0.0,binary,true,19
reut2-008.sgm-73.txt,0.0,count,false,14
reut2-008.sgm-73.txt,0.0,count,true,19
reut2-008.sgm-73.txt,0.0,gfidf,false,14
reut2-008.sgm-73.txt,0.0,gfidf,true,19
reut2-008.sgm-73.txt,0.0,idf,false,14
reut2-008.sgm-73.txt,0.0,idf,true,17
reut2-008.sgm-73.txt,0.0,logEntropy,false,14
reut2-008.sgm-73.txt,0.0,logEntropy,true,19
reut2-008.sgm-73.txt,0.0,normal,false,0
reut2-008.sgm-73.txt,0.0,normal,true,0
reut2-008.sgm-73.txt,0.0,tfidf,false,14
reut2-008.sgm-73.txt,0.0,tfidf,true,17
reut2-008.sgm-74.txt,0.0,binary,false,9
reut2-008.sgm-74.txt,0.0,binary,true,0
reut2-008.sgm-74.txt,0.0,count,false,12
reut2-008.sgm-74.txt,0.0,count,true,4
reut2-008.sgm-74.txt,0.0,gfidf,false,0
reut2-008.sgm-74.txt,0.0,gfidf,true,0
reut2-008.sgm-74.txt,0.0,idf,false,9
reut2-008.sgm-74.txt,0.0,idf,true,14
reut2-008.sgm-74.txt,0.0,logEntropy,false,12
reut2-008.sgm-74.txt,0.0,logEntropy,true,4
reut2-008.sgm-74.txt,0.0,normal,false,4
reut2-008.sgm-74.txt,0.0,normal,true,4
reut2-008.sgm-74.txt,0.0,tfidf,false,9
reut2-008.sgm-74.txt,0.0,tfidf,true,14
reut2-008.sgm-742.txt,0.0,binary,false,7
reut2-008.sgm-742.txt,0.0,binary,true,7
reut2-008.sgm-742.txt,0.0,count,false,12
reut2-008.sgm-742.txt,0.0,count,true,12
reut2-008.sgm-742.txt,0.0,gfidf,false,12
reut2-008.sgm-742.txt,0.0,gfidf,true,12
reut2-008.sgm-742.txt,0.0,idf,false,7
reut2-008.sgm-742.txt,0.0,idf,true,18
reut2-008.sgm-742.txt,0.0,logEntropy,false,12
reut2-008.sgm-742.txt,0.0,logEntropy,true,12
reut2-008.sgm-742.txt,0.0,normal,false,7
reut2-008.sgm-742.txt,0.0,normal,true,13
reut2-008.sgm-742.txt,0.0,tfidf,false,12
reut2-008.sgm-742.txt,0.0,tfidf,true,12
reut2-008.sgm-745.txt,0.0,binary,false,8
reut2-008.sgm-745.txt,0.0,binary,true,8
reut2-008.sgm-745.txt,0.0,count,false,2
reut2-008.sgm-745.txt,0.0,count,true,8
reut2-008.sgm-745.txt,0.0,gfidf,false,8
reut2-008.sgm-745.txt,0.0,gfidf,true,8
reut2-008.sgm-745.txt,0.0,idf,false,8
reut2-008.sgm-745.txt,0.0,idf,true,8
reut2-008.sgm-745.txt,0.0,logEntropy,false,8
reut2-008.sgm-745.txt,0.0,logEntropy,true,8
reut2-008.sgm-745.txt,0.0,normal,false,36
reut2-008.sgm-745.txt,0.0,normal,true,36
reut2-008.sgm-745.txt,0.0,tfidf,false,30
reut2-008.sgm-745.txt,0.0,tfidf,true,8
reut2-008.sgm-746.txt,2.561773379528545,binary,false,0
reut2-008.sgm-746.txt,2.561773379528545,binary,true,15
reut2-008.sgm-746.txt,2.561773379528545,count,false,0
reut2-008.sgm-746.txt,2.561773379528545,count,true,0
reut2-008.sgm-746.txt,2.561773379528545,gfidf,false,15
reut2-008.sgm-746.txt,2.561773379528545,gfidf,true,15
reut2-008.sgm-746.txt,2.561773379528545,idf,false,15
reut2-008.sgm-746.txt,2.561773379528545,idf,true,15
reut2-008.sgm-746.txt,2.561773379528545,logEntropy,false,0
reut2-008.sgm-746.txt,2.561773379528545,logEntropy,true,0
reut2-008.sgm-746.txt,2.561773379528545,normal,false,15
reut2-008.sgm-746.txt,2.561773379528545,normal,true,0
reut2-008.sgm-746.txt,2.561773379528545,tfidf,false,15
reut2-008.sgm-746.txt,2.561773379528545,tfidf,true,15
reut2-008.sgm-75.txt,0.0,binary,false,0
reut2-008.sgm-75.txt,0.0,binary,true,4
reut2-008.sgm-75.txt,0.0,count,false,6
reut2-008.sgm-75.txt,0.0,count,true,6
reut2-008.sgm-75.txt,0.0,gfidf,false,0
reut2-008.sgm-75.txt,0.0,gfidf,true,1
reut2-008.sgm-75.txt,0.0,idf,false,0
reut2-008.sgm-75.txt,0.0,idf,true,1
reut2-008.sgm-75.txt,0.0,logEntropy,false,0
reut2-008.sgm-75.txt,0.0,logEntropy,true,16
reut2-008.sgm-75.txt,0.0,normal,false,0
reut2-008.sgm-75.txt,0.0,normal,true,0
reut2-008.sgm-75.txt,0.0,tfidf,false,14
reut2-008.sgm-75.txt,0.0,tfidf,true,1
reut2-008.sgm-76.txt,0.0,binary,false,7
reut2-008.sgm-76.txt,0.0,binary,true,7
reut2-008.sgm-76.txt,0.0,count,false,7
reut2-008.sgm-76.txt,0.0,count,true,7
reut2-008.sgm-76.txt,0.0,gfidf,false,7
reut2-008.sgm-76.txt,0.0,gfidf,true,6
reut2-008.sgm-76.txt,0.0,idf,false,7
reut2-008.sgm-76.txt,0.0,idf,true,7
reut2-008.sgm-76.txt,0.0,logEntropy,false,7
reut2-008.sgm-76.txt,0.0,logEntropy,true,7
reut2-008.sgm-76.txt,0.0,normal,false,7
reut2-008.sgm-76.txt,0.0,normal,true,7
reut2-008.sgm-76.txt,0.0,tfidf,false,6
reut2-008.sgm-76.txt,0.0,tfidf,true,6
reut2-008.sgm-762.txt,0.0,binary,false,9
reut2-008.sgm-762.txt,0.0,binary,true,9
reut2-008.sgm-762.txt,0.0,count,false,2
reut2-008.sgm-762.txt,0.0,count,true,2
reut2-008.sgm-762.txt,0.0,gfidf,false,9
reut2-008.sgm-762.txt,0.0,gfidf,true,9
reut2-008.sgm-762.txt,0.0,idf,false,9
reut2-008.sgm-762.txt,0.0,idf,true,9
reut2-008.sgm-762.txt,0.0,logEntropy,false,9
reut2-008.sgm-762.txt,0.0,logEntropy,true,2
reut2-008.sgm-762.txt,0.0,normal,false,14
reut2-008.sgm-762.txt,0.0,normal,true,2
reut2-008.sgm-762.txt,0.0,tfidf,false,13
reut2-008.sgm-762.txt,0.0,tfidf,true,9
reut2-008.sgm-768.txt,0.0,binary,false,18
reut2-008.sgm-768.txt,0.0,binary,true,18
reut2-008.sgm-768.txt,0.0,count,false,18
reut2-008.sgm-768.txt,0.0,count,true,0
reut2-008.sgm-768.txt,0.0,gfidf,false,18
reut2-008.sgm-768.txt,0.0,gfidf,true,18
reut2-008.sgm-768.txt,0.0,idf,false,18
reut2-008.sgm-768.txt,0.0,idf,true,14
reut2-008.sgm-768.txt,0.0,logEntropy,false,18
reut2-008.sgm-768.txt,0.0,logEntropy,true,18
reut2-008.sgm-768.txt,0.0,normal,false,0
reut2-008.sgm-768.txt,0.0,normal,true,0
reut2-008.sgm-768.txt,0.0,tfidf,false,14
reut2-008.sgm-768.txt,0.0,tfidf,true,14
reut2-008.sgm-781.txt,0.0,binary,false,0
reut2-008.sgm-781.txt,0.0,binary,true,0
reut2-008.sgm-781.txt,0.0,count,false,2
reut2-008.sgm-781.txt,0.0,count,true,2
reut2-008.sgm-781.txt,0.0,gfidf,false,2
reut2-008.sgm-781.txt,0.0,gfidf,true,2
reut2-008.sgm-781.txt,0.0,idf,false,6
reut2-008.sgm-781.txt,0.0,idf,true,2
reut2-008.sgm-781.txt,0.0,logEntropy,false,2
reut2-008.sgm-781.txt,0.0,logEntropy,true,2
reut2-008.sgm-781.txt,0.0,normal,false,2
reut2-008.sgm-781.txt,0.0,normal,true,0
reut2-008.sgm-781.txt,0.0,tfidf,false,6
reut2-008.sgm-781.txt,0.0,tfidf,true,2
reut2-008.sgm-79.txt,0.0,binary,false,14
reut2-008.sgm-79.txt,0.0,binary,true,23
reut2-008.sgm-79.txt,0.0,count,false,10
reut2-008.sgm-79.txt,0.0,count,true,10
reut2-008.sgm-79.txt,0.0,gfidf,false,10
reut2-008.sgm-79.txt,0.0,gfidf,true,10
reut2-008.sgm-79.txt,0.0,idf,false,14
reut2-008.sgm-79.txt,0.0,idf,true,10
reut2-008.sgm-79.txt,0.0,logEntropy,false,10
reut2-008.sgm-79.txt,0.0,logEntropy,true,10
reut2-008.sgm-79.txt,0.0,normal,false,1
reut2-008.sgm-79.txt,0.0,normal,true,23
reut2-008.sgm-79.txt,0.0,tfidf,false,10
reut2-008.sgm-79.txt,0.0,tfidf,true,10
reut2-008.sgm-795.txt,0.0,binary,false,9
reut2-008.sgm-795.txt,0.0,binary,true,9
reut2-008.sgm-795.txt,0.0,count,false,9
reut2-008.sgm-795.txt,0.0,count,true,9
reut2-008.sgm-795.txt,0.0,gfidf,false,9
reut2-008.sgm-795.txt,0.0,gfidf,true,9
reut2-008.sgm-795.txt,0.0,idf,false,9
reut2-008.sgm-795.txt,0.0,idf,true,11
reut2-008.sgm-795.txt,0.0,logEntropy,false,9
reut2-008.sgm-795.txt,0.0,logEntropy,true,11
reut2-008.sgm-795.txt,0.0,normal,false,10
reut2-008.sgm-795.txt,0.0,normal,true,10
reut2-008.sgm-795.txt,0.0,tfidf,false,9
reut2-008.sgm-795.txt,0.0,tfidf,true,9
reut2-008.sgm-8.txt,0.0,binary,false,1
reut2-008.sgm-8.txt,0.0,binary,true,8
reut2-008.sgm-8.txt,0.0,count,false,13
reut2-008.sgm-8.txt,0.0,count,true,13
reut2-008.sgm-8.txt,0.0,gfidf,false,1
reut2-008.sgm-8.txt,0.0,gfidf,true,1
reut2-008.sgm-8.txt,0.0,idf,false,8
reut2-008.sgm-8.txt,0.0,idf,true,8
reut2-008.sgm-8.txt,0.0,logEntropy,false,1
reut2-008.sgm-8.txt,0.0,logEntropy,true,1
reut2-008.sgm-8.txt,0.0,normal,false,1
reut2-008.sgm-8.txt,0.0,normal,true,1
reut2-008.sgm-8.txt,0.0,tfidf,false,8
reut2-008.sgm-8.txt,0.0,tfidf,true,8
reut2-008.sgm-814.txt,2.0,binary,false,1
reut2-008.sgm-814.txt,2.0,binary,true,1
reut2-008.sgm-814.txt,2.0,count,false,1
reut2-008.sgm-814.txt,2.0,count,true,1
reut2-008.sgm-814.txt,2.0,gfidf,false,3
reut2-008.sgm-814.txt,2.0,gfidf,true,3
reut2-008.sgm-814.txt,2.0,idf,false,8
reut2-008.sgm-814.txt,2.0,idf,true,1
reut2-008.sgm-814.txt,2.0,logEntropy,false,1
reut2-008.sgm-814.txt,2.0,logEntropy,true,1
reut2-008.sgm-814.txt,2.0,normal,false,0
reut2-008.sgm-814.txt,2.0,normal,true,3
reut2-008.sgm-814.txt,2.0,tfidf,false,8
reut2-008.sgm-814.txt,2.0,tfidf,true,8
reut2-008.sgm-819.txt,0.0,binary,false,23
reut2-008.sgm-819.txt,0.0,binary,true,23
reut2-008.sgm-819.txt,0.0,count,false,23
reut2-008.sgm-819.txt,0.0,count,true,23
reut2-008.sgm-819.txt,0.0,gfidf,false,23
reut2-008.sgm-819.txt,0.0,gfidf,true,23
reut2-008.sgm-819.txt,0.0,idf,false,23
reut2-008.sgm-819.txt,0.0,idf,true,23
reut2-008.sgm-819.txt,0.0,logEntropy,false,23
reut2-008.sgm-819.txt,0.0,logEntropy,true,23
reut2-008.sgm-819.txt,0.0,normal,false,27
reut2-008.sgm-819.txt,0.0,normal,true,1
reut2-008.sgm-819.txt,0.0,tfidf,false,17
reut2-008.sgm-819.txt,0.0,tfidf,true,17
reut2-008.sgm-838.txt,0.0,binary,false,26
reut2-008.sgm-838.txt,0.0,binary,true,26
reut2-008.sgm-838.txt,0.0,count,false,15
reut2-008.sgm-838.txt,0.0,count,true,37
reut2-008.sgm-838.txt,0.0,gfidf,false,26
reut2-008.sgm-838.txt,0.0,gfidf,true,26
reut2-008.sgm-838.txt,0.0,idf,false,26
reut2-008.sgm-838.txt,0.0,idf,true,26
reut2-008.sgm-838.txt,0.0,logEntropy,false,26
reut2-008.sgm-838.txt,0.0,logEntropy,true,26
reut2-008.sgm-838.txt,0.0,normal,false,1
reut2-008.sgm-838.txt,0.0,normal,true,26
reut2-008.sgm-838.txt,0.0,tfidf,false,26
reut2-008.sgm-838.txt,0.0,tfidf,true,26
reut2-008.sgm-84.txt,2.1980229824209534,binary,false,3
reut2-008.sgm-84.txt,2.1980229824209534,binary,true,1
reut2-008.sgm-84.txt,2.1980229824209534,count,false,3
reut2-008.sgm-84.txt,2.1980229824209534,count,true,1
reut2-008.sgm-84.txt,2.1980229824209534,gfidf,false,3
reut2-008.sgm-84.txt,2.1980229824209534,gfidf,true,1
reut2-008.sgm-84.txt,2.1980229824209534,idf,false,3
reut2-008.sgm-84.txt,2.1980229824209534,idf,true,1
reut2-008.sgm-84.txt,2.1980229824209534,logEntropy,false,3
reut2-008.sgm-84.txt,2.1980229824209534,logEntropy,true,1
reut2-008.sgm-84.txt,2.1980229824209534,normal,false,0
reut2-008.sgm-84.txt,2.1980229824209534,normal,true,1
reut2-008.sgm-84.txt,2.1980229824209534,tfidf,false,3
reut2-008.sgm-84.txt,2.1980229824209534,tfidf,true,3
reut2-008.sgm-880.txt,0.0,binary,false,10
reut2-008.sgm-880.txt,0.0,binary,true,10
reut2-008.sgm-880.txt,0.0,count,false,10
reut2-008.sgm-880.txt,0.0,count,true,10
reut2-008.sgm-880.txt,0.0,gfidf,false,10
reut2-008.sgm-880.txt,0.0,gfidf,true,10
reut2-008.sgm-880.txt,0.0,idf,false,10
reut2-008.sgm-880.txt,0.0,idf,true,10
reut2-008.sgm-880.txt,0.0,logEntropy,false,10
reut2-008.sgm-880.txt,0.0,logEntropy,true,10
reut2-008.sgm-880.txt,0.0,normal,false,10
reut2-008.sgm-880.txt,0.0,normal,true,10
reut2-008.sgm-880.txt,0.0,tfidf,false,10
reut2-008.sgm-880.txt,0.0,tfidf,true,10
reut2-008.sgm-881.txt,2.101513277306439,binary,false,10
reut2-008.sgm-881.txt,2.101513277306439,binary,true,0
reut2-008.sgm-881.txt,2.101513277306439,count,false,10
reut2-008.sgm-881.txt,2.101513277306439,count,true,13
reut2-008.sgm-881.txt,2.101513277306439,gfidf,false,10
reut2-008.sgm-881.txt,2.101513277306439,gfidf,true,0
reut2-008.sgm-881.txt,2.101513277306439,idf,false,10
reut2-008.sgm-881.txt,2.101513277306439,idf,true,20
reut2-008.sgm-881.txt,2.101513277306439,logEntropy,false,10
reut2-008.sgm-881.txt,2.101513277306439,logEntropy,true,0
reut2-008.sgm-881.txt,2.101513277306439,normal,false,0
reut2-008.sgm-881.txt,2.101513277306439,normal,true,0
reut2-008.sgm-881.txt,2.101513277306439,tfidf,false,10
reut2-008.sgm-881.txt,2.101513277306439,tfidf,true,20
reut2-008.sgm-883.txt,0.0,binary,false,0
reut2-008.sgm-883.txt,0.0,binary,true,0
reut2-008.sgm-883.txt,0.0,count,false,2
reut2-008.sgm-883.txt,0.0,count,true,0
reut2-008.sgm-883.txt,0.0,gfidf,false,2
reut2-008.sgm-883.txt,0.0,gfidf,true,0
reut2-008.sgm-883.txt,0.0,idf,false,17
reut2-008.sgm-883.txt,0.0,idf,true,17
reut2-008.sgm-883.txt,0.0,logEntropy,false,2
reut2-008.sgm-883.txt,0.0,logEntropy,true,0
reut2-008.sgm-883.txt,0.0,normal,false,0
reut2-008.sgm-883.txt,0.0,normal,true,0
reut2-008.sgm-883.txt,0.0,tfidf,false,17
reut2-008.sgm-883.txt,0.0,tfidf,true,17
reut2-008.sgm-895.txt,0.0,binary,false,10
reut2-008.sgm-895.txt,0.0,binary,true,7
reut2-008.sgm-895.txt,0.0,count,false,10
reut2-008.sgm-895.txt,0.0,count,true,3
reut2-008.sgm-895.txt,0.0,gfidf,false,10
reut2-008.sgm-895.txt,0.0,gfidf,true,10
reut2-008.sgm-895.txt,0.0,idf,false,10
reut2-008.sgm-895.txt,0.0,idf,true,10
reut2-008.sgm-895.txt,0.0,logEntropy,false,10
reut2-008.sgm-895.txt,0.0,logEntropy,true,3
reut2-008.sgm-895.txt,0.0,normal,false,5
reut2-008.sgm-895.txt,0.0,normal,true,5
reut2-008.sgm-895.txt,0.0,tfidf,false,10
reut2-008.sgm-895.txt,0.0,tfidf,true,6
reut2-008.sgm-90.txt,0.0,binary,false,10
reut2-008.sgm-90.txt,0.0,binary,true,10
reut2-008.sgm-90.txt,0.0,count,false,7
reut2-008.sgm-90.txt,0.0,count,true,10
reut2-008.sgm-90.txt,0.0,gfidf,false,10
reut2-008.sgm-90.txt,0.0,gfidf,true,10
reut2-008.sgm-90.txt,0.0,idf,false,10
reut2-008.sgm-90.txt,0.0,idf,true,10
reut2-008.sgm-90.txt,0.0,logEntropy,false,10
reut2-008.sgm-90.txt,0.0,logEntropy,true,10
reut2-008.sgm-90.txt,0.0,normal,false,8
reut2-008.sgm-90.txt,0.0,normal,true,8
reut2-008.sgm-90.txt,0.0,tfidf,false,10
reut2-008.sgm-90.txt,0.0,tfidf,true,10
reut2-008.sgm-900.txt,0.0,binary,false,0
reut2-008.sgm-900.txt,0.0,binary,true,0
reut2-008.sgm-900.txt,0.0,count,false,7
reut2-008.sgm-900.txt,0.0,count,true,0
reut2-008.sgm-900.txt,0.0,gfidf,false,0
reut2-008.sgm-900.txt,0.0,gfidf,true,0
reut2-008.sgm-900.txt,0.0,idf,false,17
reut2-008.sgm-900.txt,0.0,idf,true,17
reut2-008.sgm-900.txt,0.0,logEntropy,false,0
reut2-008.sgm-900.txt,0.0,logEntropy,true,0
reut2-008.sgm-900.txt,0.0,normal,false,0
reut2-008.sgm-900.txt,0.0,normal,true,0
reut2-008.sgm-900.txt,0.0,tfidf,false,19
reut2-008.sgm-900.txt,0.0,tfidf,true,19
reut2-008.sgm-901.txt,0.0,binary,false,8
reut2-008.sgm-901.txt,0.0,binary,true,8
reut2-008.sgm-901.txt,0.0,count,false,8
reut2-008.sgm-901.txt,0.0,count,true,8
reut2-008.sgm-901.txt,0.0,gfidf,false,8
reut2-008.sgm-901.txt,0.0,gfidf,true,8
reut2-008.sgm-901.txt,0.0,idf,false,8
reut2-008.sgm-901.txt,0.0,idf,true,8
reut2-008.sgm-901.txt,0.0,logEntropy,false,8
reut2-008.sgm-901.txt,0.0,logEntropy,true,8
reut2-008.sgm-901.txt,0.0,normal,false,8
reut2-008.sgm-901.txt,0.0,normal,true,8
reut2-008.sgm-901.txt,0.0,tfidf,false,8
reut2-008.sgm-901.txt,0.0,tfidf,true,8
reut2-008.sgm-931.txt,0.0,binary,false,12
reut2-008.sgm-931.txt,0.0,binary,true,12
reut2-008.sgm-931.txt,0.0,count,false,2
reut2-008.sgm-931.txt,0.0,count,true,12
reut2-008.sgm-931.txt,0.0,gfidf,false,2
reut2-008.sgm-931.txt,0.0,gfidf,true,12
reut2-008.sgm-931.txt,0.0,idf,false,12
reut2-008.sgm-931.txt,0.0,idf,true,12
reut2-008.sgm-931.txt,0.0,logEntropy,false,2
reut2-008.sgm-931.txt,0.0,logEntropy,true,12
reut2-008.sgm-931.txt,0.0,normal,false,13
reut2-008.sgm-931.txt,0.0,normal,true,13
reut2-008.sgm-931.txt,0.0,tfidf,false,12
reut2-008.sgm-931.txt,0.0,tfidf,true,12
reut2-008.sgm-939.txt,0.0,binary,false,6
reut2-008.sgm-939.txt,0.0,binary,true,6
reut2-008.sgm-939.txt,0.0,count,false,6
reut2-008.sgm-939.txt,0.0,count,true,6
reut2-008.sgm-939.txt,0.0,gfidf,false,6
reut2-008.sgm-939.txt,0.0,gfidf,true,6
reut2-008.sgm-939.txt,0.0,idf,false,6
reut2-008.sgm-939.txt,0.0,idf,true,6
reut2-008.sgm-939.txt,0.0,logEntropy,false,6
reut2-008.sgm-939.txt,0.0,logEntropy,true,6
reut2-008.sgm-939.txt,0.0,normal,false,6
reut2-008.sgm-939.txt,0.0,normal,true,6
reut2-008.sgm-939.txt,0.0,tfidf,false,1
reut2-008.sgm-939.txt,0.0,tfidf,true,1
reut2-008.sgm-94.txt,2.3596300946612505,binary,false,1
reut2-008.sgm-94.txt,2.3596300946612505,binary,true,1
reut2-008.sgm-94.txt,2.3596300946612505,count,false,1
reut2-008.sgm-94.txt,2.3596300946612505,count,true,8
reut2-008.sgm-94.txt,2.3596300946612505,gfidf,false,1
reut2-008.sgm-94.txt,2.3596300946612505,gfidf,true,1
reut2-008.sgm-94.txt,2.3596300946612505,idf,false,1
reut2-008.sgm-94.txt,2.3596300946612505,idf,true,1
reut2-008.sgm-94.txt,2.3596300946612505,logEntropy,false,1
reut2-008.sgm-94.txt,2.3596300946612505,logEntropy,true,1
reut2-008.sgm-94.txt,2.3596300946612505,normal,false,0
reut2-008.sgm-94.txt,2.3596300946612505,normal,true,13
reut2-008.sgm-94.txt,2.3596300946612505,tfidf,false,1
reut2-008.sgm-94.txt,2.3596300946612505,tfidf,true,1
reut2-008.sgm-942.txt,0.0,binary,false,32
reut2-008.sgm-942.txt,0.0,binary,true,20
reut2-008.sgm-942.txt,0.0,count,false,20
reut2-008.sgm-942.txt,0.0,count,true,20
reut2-008.sgm-942.txt,0.0,gfidf,false,32
reut2-008.sgm-942.txt,0.0,gfidf,true,46
reut2-008.sgm-942.txt,0.0,idf,false,32
reut2-008.sgm-942.txt,0.0,idf,true,20
reut2-008.sgm-942.txt,0.0,logEntropy,false,32
reut2-008.sgm-942.txt,0.0,logEntropy,true,20
reut2-008.sgm-942.txt,0.0,normal,false,31
reut2-008.sgm-942.txt,0.0,normal,true,46
reut2-008.sgm-942.txt,0.0,tfidf,false,32
reut2-008.sgm-942.txt,0.0,tfidf,true,32
reut2-008.sgm-943.txt,2.101513277306439,binary,false,17
reut2-008.sgm-943.txt,2.101513277306439,binary,true,17
reut2-008.sgm-943.txt,2.101513277306439,count,false,1
reut2-008.sgm-943.txt,2.101513277306439,count,true,1
reut2-008.sgm-943.txt,2.101513277306439,gfidf,false,1
reut2-008.sgm-943.txt,2.101513277306439,gfidf,true,1
reut2-008.sgm-943.txt,2.101513277306439,idf,false,17
reut2-008.sgm-943.txt,2.101513277306439,idf,true,17
reut2-008.sgm-943.txt,2.101513277306439,logEntropy,false,1
reut2-008.sgm-943.txt,2.101513277306439,logEntropy,true,17
reut2-008.sgm-943.txt,2.101513277306439,normal,false,17
reut2-008.sgm-943.txt,2.101513277306439,normal,true,0
reut2-008.sgm-943.txt,2.101513277306439,tfidf,false,1
reut2-008.sgm-943.txt,2.101513277306439,tfidf,true,1
reut2-008.sgm-959.txt,2.958319555450707,binary,false,0
reut2-008.sgm-959.txt,2.958319555450707,binary,true,0
reut2-008.sgm-959.txt,2.958319555450707,count,false,1
reut2-008.sgm-959.txt,2.958319555450707,count,true,1
reut2-008.sgm-959.txt,2.958319555450707,gfidf,false,0
reut2-008.sgm-959.txt,2.958319555450707,gfidf,true,0
reut2-008.sgm-959.txt,2.958319555450707,idf,false,19
reut2-008.sgm-959.txt,2.958319555450707,idf,true,19
reut2-008.sgm-959.txt,2.958319555450707,logEntropy,false,0
reut2-008.sgm-959.txt,2.958319555450707,logEntropy,true,0
reut2-008.sgm-959.txt,2.958319555450707,normal,false,0
reut2-008.sgm-959.txt,2.958319555450707,normal,true,0
reut2-008.sgm-959.txt,2.958319555450707,tfidf,false,19
reut2-008.sgm-959.txt,2.958319555450707,tfidf,true,19
reut2-008.sgm-960.txt,0.0,binary,false,21
reut2-008.sgm-960.txt,0.0,binary,true,21
reut2-008.sgm-960.txt,0.0,count,false,21
reut2-008.sgm-960.txt,0.0,count,true,21
reut2-008.sgm-960.txt,0.0,gfidf,false,21
reut2-008.sgm-960.txt,0.0,gfidf,true,21
reut2-008.sgm-960.txt,0.0,idf,false,6
reut2-008.sgm-960.txt,0.0,idf,true,21
reut2-008.sgm-960.txt,0.0,logEntropy,false,21
reut2-008.sgm-960.txt,0.0,logEntropy,true,21
reut2-008.sgm-960.txt,0.0,normal,false,0
reut2-008.sgm-960.txt,0.0,normal,true,17
reut2-008.sgm-960.txt,0.0,tfidf,false,6
reut2-008.sgm-960.txt,0.0,tfidf,true,11
reut2-008.sgm-962.txt,0.0,binary,false,6
reut2-008.sgm-962.txt,0.0,binary,true,6
reut2-008.sgm-962.txt,0.0,count,false,6
reut2-008.sgm-962.txt,0.0,count,true,6
reut2-008.sgm-962.txt,0.0,gfidf,false,8
reut2-008.sgm-962.txt,0.0,gfidf,true,6
reut2-008.sgm-962.txt,0.0,idf,false,6
reut2-008.sgm-962.txt,0.0,idf,true,6
reut2-008.sgm-962.txt,0.0,logEntropy,false,6
reut2-008.sgm-962.txt,0.0,logEntropy,true,6
reut2-008.sgm-962.txt,0.0,normal,false,8
reut2-008.sgm-962.txt,0.0,normal,true,6
reut2-008.sgm-962.txt,0.0,tfidf,false,8
reut2-008.sgm-962.txt,0.0,tfidf,true,6
reut2-008.sgm-97.txt,0.0,binary,false,21
reut2-008.sgm-97.txt,0.0,binary,true,24
reut2-008.sgm-97.txt,0.0,count,false,4
reut2-008.sgm-97.txt,0.0,count,true,4
reut2-008.sgm-97.txt,0.0,gfidf,false,24
reut2-008.sgm-97.txt,0.0,gfidf,true,4
reut2-008.sgm-97.txt,0.0,idf,false,21
reut2-008.sgm-97.txt,0.0,idf,true,24
reut2-008.sgm-97.txt,0.0,logEntropy,false,4
reut2-008.sgm-97.txt,0.0,logEntropy,true,4
reut2-008.sgm-97.txt,0.0,normal,false,24
reut2-008.sgm-97.txt,0.0,normal,true,2
reut2-008.sgm-97.txt,0.0,tfidf,false,29
reut2-008.sgm-97.txt,0.0,tfidf,true,24
reut2-008.sgm-970.txt,0.0,binary,false,3
reut2-008.sgm-970.txt,0.0,binary,true,3
reut2-008.sgm-970.txt,0.0,count,false,3
reut2-008.sgm-970.txt,0.0,count,true,12
reut2-008.sgm-970.txt,0.0,gfidf,false,3
reut2-008.sgm-970.txt,0.0,gfidf,true,3
reut2-008.sgm-970.txt,0.0,idf,false,3
reut2-008.sgm-970.txt,0.0,idf,true,3
reut2-008.sgm-970.txt,0.0,logEntropy,false,3
reut2-008.sgm-970.txt,0.0,logEntropy,true,3
reut2-008.sgm-970.txt,0.0,normal,false,3
reut2-008.sgm-970.txt,0.0,normal,true,3
reut2-008.sgm-970.txt,0.0,tfidf,false,3
reut2-008.sgm-970.txt,0.0,tfidf,true,12
reut2-008.sgm-973.txt,0.0,binary,false,4
reut2-008.sgm-973.txt,0.0,binary,true,4
reut2-008.sgm-973.txt,0.0,count,false,4
reut2-008.sgm-973.txt,0.0,count,true,4
reut2-008.sgm-973.txt,0.0,gfidf,false,4
reut2-008.sgm-973.txt,0.0,gfidf,true,4
reut2-008.sgm-973.txt,0.0,idf,false,4
reut2-008.sgm-973.txt,0.0,idf,true,4
reut2-008.sgm-973.txt,0.0,logEntropy,false,4
reut2-008.sgm-973.txt,0.0,logEntropy,true,4
reut2-008.sgm-973.txt,0.0,normal,false,4
reut2-008.sgm-973.txt,0.0,normal,true,4
reut2-008.sgm-973.txt,0.0,tfidf,false,0
reut2-008.sgm-973.txt,0.0,tfidf,true,4
reut2-008.sgm-979.txt,2.82842712474619,binary,false,0
reut2-008.sgm-979.txt,2.82842712474619,binary,true,0
reut2-008.sgm-979.txt,2.82842712474619,count,false,30
reut2-008.sgm-979.txt,2.82842712474619,count,true,30
reut2-008.sgm-979.txt,2.82842712474619,gfidf,false,23
reut2-008.sgm-979.txt,2.82842712474619,gfidf,true,0
reut2-008.sgm-979.txt,2.82842712474619,idf,false,0
reut2-008.sgm-979.txt,2.82842712474619,idf,true,0
reut2-008.sgm-979.txt,2.82842712474619,logEntropy,false,0
reut2-008.sgm-979.txt,2.82842712474619,logEntropy,true,0
reut2-008.sgm-979.txt,2.82842712474619,normal,false,0
reut2-008.sgm-979.txt,2.82842712474619,normal,true,0
reut2-008.sgm-979.txt,2.82842712474619,tfidf,false,25
reut2-008.sgm-979.txt,2.82842712474619,tfidf,true,25
reut2-008.sgm-98.txt,0.0,binary,false,5
reut2-008.sgm-98.txt,0.0,binary,true,5
reut2-008.sgm-98.txt,0.0,count,false,6
reut2-008.sgm-98.txt,0.0,count,true,5
reut2-008.sgm-98.txt,0.0,gfidf,false,9
reut2-008.sgm-98.txt,0.0,gfidf,true,5
reut2-008.sgm-98.txt,0.0,idf,false,5
reut2-008.sgm-98.txt,0.0,idf,true,5
reut2-008.sgm-98.txt,0.0,logEntropy,false,6
reut2-008.sgm-98.txt,0.0,logEntropy,true,5
reut2-008.sgm-98.txt,0.0,normal,false,6
reut2-008.sgm-98.txt,0.0,normal,true,6
reut2-008.sgm-98.txt,0.0,tfidf,false,5
reut2-008.sgm-98.txt,0.0,tfidf,true,5
reut2-008.sgm-989.txt,0.0,binary,false,0
reut2-008.sgm-989.txt,0.0,binary,true,0
reut2-008.sgm-989.txt,0.0,count,false,0
reut2-008.sgm-989.txt,0.0,count,true,0
reut2-008.sgm-989.txt,0.0,gfidf,false,0
reut2-008.sgm-989.txt,0.0,gfidf,true,0
reut2-008.sgm-989.txt,0.0,idf,false,10
reut2-008.sgm-989.txt,0.0,idf,true,0
reut2-008.sgm-989.txt,0.0,logEntropy,false,0
reut2-008.sgm-989.txt,0.0,logEntropy,true,0
reut2-008.sgm-989.txt,0.0,normal,false,0
reut2-008.sgm-989.txt,0.0,normal,true,0
reut2-008.sgm-989.txt,0.0,tfidf,false,12
reut2-008.sgm-989.txt,0.0,tfidf,true,10
reut2-008.sgm-99.txt,0.0,binary,false,4
reut2-008.sgm-99.txt,0.0,binary,true,4
reut2-008.sgm-99.txt,0.0,count,false,4
reut2-008.sgm-99.txt,0.0,count,true,4
reut2-008.sgm-99.txt,0.0,gfidf,false,4
reut2-008.sgm-99.txt,0.0,gfidf,true,4
reut2-008.sgm-99.txt,0.0,idf,false,4
reut2-008.sgm-99.txt,0.0,idf,true,4
reut2-008.sgm-99.txt,0.0,logEntropy,false,4
reut2-008.sgm-99.txt,0.0,logEntropy,true,4
reut2-008.sgm-99.txt,0.0,normal,false,4
reut2-008.sgm-99.txt,0.0,normal,true,4
reut2-008.sgm-99.txt,0.0,tfidf,false,4
reut2-008.sgm-99.txt,0.0,tfidf,true,4
reut2-009.sgm-109.txt,0.0,binary,false,1
reut2-009.sgm-109.txt,0.0,binary,true,3
reut2-009.sgm-109.txt,0.0,count,false,1
reut2-009.sgm-109.txt,0.0,count,true,4
reut2-009.sgm-109.txt,0.0,gfidf,false,1
reut2-009.sgm-109.txt,0.0,gfidf,true,4
reut2-009.sgm-109.txt,0.0,idf,false,9
reut2-009.sgm-109.txt,0.0,idf,true,3
reut2-009.sgm-109.txt,0.0,logEntropy,false,1
reut2-009.sgm-109.txt,0.0,logEntropy,true,4
reut2-009.sgm-109.txt,0.0,normal,false,23
reut2-009.sgm-109.txt,0.0,normal,true,14
reut2-009.sgm-109.txt,0.0,tfidf,false,9
reut2-009.sgm-109.txt,0.0,tfidf,true,3
reut2-009.sgm-111.txt,0.0,binary,false,2
reut2-009.sgm-111.txt,0.0,binary,true,2
reut2-009.sgm-111.txt,0.0,count,false,2
reut2-009.sgm-111.txt,0.0,count,true,2
reut2-009.sgm-111.txt,0.0,gfidf,false,2
reut2-009.sgm-111.txt,0.0,gfidf,true,2
reut2-009.sgm-111.txt,0.0,idf,false,2
reut2-009.sgm-111.txt,0.0,idf,true,2
reut2-009.sgm-111.txt,0.0,logEntropy,false,2
reut2-009.sgm-111.txt,0.0,logEntropy,true,2
reut2-009.sgm-111.txt,0.0,normal,false,2
reut2-009.sgm-111.txt,0.0,normal,true,2
reut2-009.sgm-111.txt,0.0,tfidf,false,2
reut2-009.sgm-111.txt,0.0,tfidf,true,2
reut2-009.sgm-138.txt,0.0,binary,false,6
reut2-009.sgm-138.txt,0.0,binary,true,12
reut2-009.sgm-138.txt,0.0,count,false,12
reut2-009.sgm-138.txt,0.0,count,true,12
reut2-009.sgm-138.txt,0.0,gfidf,false,6
reut2-009.sgm-138.txt,0.0,gfidf,true,12
reut2-009.sgm-138.txt,0.0,idf,false,6
reut2-009.sgm-138.txt,0.0,idf,true,6
reut2-009.sgm-138.txt,0.0,logEntropy,false,12
reut2-009.sgm-138.txt,0.0,logEntropy,true,12
reut2-009.sgm-138.txt,0.0,normal,false,7
reut2-009.sgm-138.txt,0.0,normal,true,12
reut2-009.sgm-138.txt,0.0,tfidf,false,6
reut2-009.sgm-138.txt,0.0,tfidf,true,6
reut2-009.sgm-141.txt,0.0,binary,false,15
reut2-009.sgm-141.txt,0.0,binary,true,15
reut2-009.sgm-141.txt,0.0,count,false,15
reut2-009.sgm-141.txt,0.0,count,true,15
reut2-009.sgm-141.txt,0.0,gfidf,false,15
reut2-009.sgm-141.txt,0.0,gfidf,true,10
reut2-009.sgm-141.txt,0.0,idf,false,15
reut2-009.sgm-141.txt,0.0,idf,true,10
reut2-009.sgm-141.txt,0.0,logEntropy,false,15
reut2-009.sgm-141.txt,0.0,logEntropy,true,15
reut2-009.sgm-141.txt,0.0,normal,false,15
reut2-009.sgm-141.txt,0.0,normal,true,15
reut2-009.sgm-141.txt,0.0,tfidf,false,10
reut2-009.sgm-141.txt,0.0,tfidf,true,10
reut2-009.sgm-148.txt,0.0,binary,false,11
reut2-009.sgm-148.txt,0.0,binary,true,18
reut2-009.sgm-148.txt,0.0,count,false,18
reut2-009.sgm-148.txt,0.0,count,true,17
reut2-009.sgm-148.txt,0.0,gfidf,false,18
reut2-009.sgm-148.txt,0.0,gfidf,true,18
reut2-009.sgm-148.txt,0.0,idf,false,11
reut2-009.sgm-148.txt,0.0,idf,true,18
reut2-009.sgm-148.txt,0.0,logEntropy,false,18
reut2-009.sgm-148.txt,0.0,logEntropy,true,18
reut2-009.sgm-148.txt,0.0,normal,false,15
reut2-009.sgm-148.txt,0.0,normal,true,15
reut2-009.sgm-148.txt,0.0,tfidf,false,18
reut2-009.sgm-148.txt,0.0,tfidf,true,18
reut2-009.sgm-153.txt,0.0,binary,false,16
reut2-009.sgm-153.txt,0.0,binary,true,16
reut2-009.sgm-153.txt,0.0,count,false,16
reut2-009.sgm-153.txt,0.0,count,true,16
reut2-009.sgm-153.txt,0.0,gfidf,false,16
reut2-009.sgm-153.txt,0.0,gfidf,true,16
reut2-009.sgm-153.txt,0.0,idf,false,16
reut2-009.sgm-153.txt,0.0,idf,true,16
reut2-009.sgm-153.txt,0.0,logEntropy,false,16
reut2-009.sgm-153.txt,0.0,logEntropy,true,16
reut2-009.sgm-153.txt,0.0,normal,false,16
reut2-009.sgm-153.txt,0.0,normal,true,16
reut2-009.sgm-153.txt,0.0,tfidf,false,16
reut2-009.sgm-153.txt,0.0,tfidf,true,16
reut2-009.sgm-162.txt,0.0,binary,false,13
reut2-009.sgm-162.txt,0.0,binary,true,13
reut2-009.sgm-162.txt,0.0,count,false,5
reut2-009.sgm-162.txt,0.0,count,true,5
reut2-009.sgm-162.txt,0.0,gfidf,false,5
reut2-009.sgm-162.txt,0.0,gfidf,true,5
reut2-009.sgm-162.txt,0.0,idf,false,13
reut2-009.sgm-162.txt,0.0,idf,true,13
reut2-009.sgm-162.txt,0.0,logEntropy,false,5
reut2-009.sgm-162.txt,0.0,logEntropy,true,5
reut2-009.sgm-162.txt,0.0,normal,false,0
reut2-009.sgm-162.txt,0.0,normal,true,2
reut2-009.sgm-162.txt,0.0,tfidf,false,13
reut2-009.sgm-162.txt,0.0,tfidf,true,13
reut2-009.sgm-169.txt,0.0,binary,false,21
reut2-009.sgm-169.txt,0.0,binary,true,21
reut2-009.sgm-169.txt,0.0,count,false,21
reut2-009.sgm-169.txt,0.0,count,true,21
reut2-009.sgm-169.txt,0.0,gfidf,false,21
reut2-009.sgm-169.txt,0.0,gfidf,true,17
reut2-009.sgm-169.txt,0.0,idf,false,21
reut2-009.sgm-169.txt,0.0,idf,true,21
reut2-009.sgm-169.txt,0.0,logEntropy,false,21
reut2-009.sgm-169.txt,0.0,logEntropy,true,21
reut2-009.sgm-169.txt,0.0,normal,false,17
reut2-009.sgm-169.txt,0.0,normal,true,17
reut2-009.sgm-169.txt,0.0,tfidf,false,21
reut2-009.sgm-169.txt,0.0,tfidf,true,17
reut2-009.sgm-173.txt,0.0,binary,false,9
reut2-009.sgm-173.txt,0.0,binary,true,5
reut2-009.sgm-173.txt,0.0,count,false,13
reut2-009.sgm-173.txt,0.0,count,true,13
reut2-009.sgm-173.txt,0.0,gfidf,false,5
reut2-009.sgm-173.txt,0.0,gfidf,true,5
reut2-009.sgm-173.txt,0.0,idf,false,9
reut2-009.sgm-173.txt,0.0,idf,true,9
reut2-009.sgm-173.txt,0.0,logEntropy,false,13
reut2-009.sgm-173.txt,0.0,logEntropy,true,13
reut2-009.sgm-173.txt,0.0,normal,false,0
reut2-009.sgm-173.txt,0.0,normal,true,13
reut2-009.sgm-173.txt,0.0,tfidf,false,5
reut2-009.sgm-173.txt,0.0,tfidf,true,5
reut2-009.sgm-179.txt,1.8114473285278132,binary,false,9
reut2-009.sgm-179.txt,1.8114473285278132,binary,true,9
reut2-009.sgm-179.txt,1.8114473285278132,count,false,27
reut2-009.sgm-179.txt,1.8114473285278132,count,true,25
reut2-009.sgm-179.txt,1.8114473285278132,gfidf,false,9
reut2-009.sgm-179.txt,1.8114473285278132,gfidf,true,1
reut2-009.sgm-179.txt,1.8114473285278132,idf,false,9
reut2-009.sgm-179.txt,1.8114473285278132,idf,true,1
reut2-009.sgm-179.txt,1.8114473285278132,logEntropy,false,9
reut2-009.sgm-179.txt,1.8114473285278132,logEntropy,true,25
reut2-009.sgm-179.txt,1.8114473285278132,normal,false,0
reut2-009.sgm-179.txt,1.8114473285278132,normal,true,0
reut2-009.sgm-179.txt,1.8114473285278132,tfidf,false,1
reut2-009.sgm-179.txt,1.8114473285278132,tfidf,true,1
reut2-009.sgm-181.txt,2.0,binary,false,1
reut2-009.sgm-181.txt,2.0,binary,true,1
reut2-009.sgm-181.txt,2.0,count,false,1
reut2-009.sgm-181.txt,2.0,count,true,1
reut2-009.sgm-181.txt,2.0,gfidf,false,1
reut2-009.sgm-181.txt,2.0,gfidf,true,1
reut2-009.sgm-181.txt,2.0,idf,false,1
reut2-009.sgm-181.txt,2.0,idf,true,1
reut2-009.sgm-181.txt,2.0,logEntropy,false,1
reut2-009.sgm-181.txt,2.0,logEntropy,true,1
reut2-009.sgm-181.txt,2.0,normal,false,1
reut2-009.sgm-181.txt,2.0,normal,true,1
reut2-009.sgm-181.txt,2.0,tfidf,false,1
reut2-009.sgm-181.txt,2.0,tfidf,true,1
reut2-009.sgm-202.txt,0.0,binary,false,0
reut2-009.sgm-202.txt,0.0,binary,true,0
reut2-009.sgm-202.txt,0.0,count,false,17
reut2-009.sgm-202.txt,0.0,count,true,17
reut2-009.sgm-202.txt,0.0,gfidf,false,17
reut2-009.sgm-202.txt,0.0,gfidf,true,6
reut2-009.sgm-202.txt,0.0,idf,false,0
reut2-009.sgm-202.txt,0.0,idf,true,0
reut2-009.sgm-202.txt,0.0,logEntropy,false,17
reut2-009.sgm-202.txt,0.0,logEntropy,true,17
reut2-009.sgm-202.txt,0.0,normal,false,18
reut2-009.sgm-202.txt,0.0,normal,true,18
reut2-009.sgm-202.txt,0.0,tfidf,false,0
reut2-009.sgm-202.txt,0.0,tfidf,true,0
reut2-009.sgm-205.txt,0.0,binary,false,10
reut2-009.sgm-205.txt,0.0,binary,true,19
reut2-009.sgm-205.txt,0.0,count,false,10
reut2-009.sgm-205.txt,0.0,count,true,10
reut2-009.sgm-205.txt,0.0,gfidf,false,10
reut2-009.sgm-205.txt,0.0,gfidf,true,19
reut2-009.sgm-205.txt,0.0,idf,false,10
reut2-009.sgm-205.txt,0.0,idf,true,10
reut2-009.sgm-205.txt,0.0,logEntropy,false,10
reut2-009.sgm-205.txt,0.0,logEntropy,true,10
reut2-009.sgm-205.txt,0.0,normal,false,19
reut2-009.sgm-205.txt,0.0,normal,true,19
reut2-009.sgm-205.txt,0.0,tfidf,false,10
reut2-009.sgm-205.txt,0.0,tfidf,true,10
reut2-009.sgm-207.txt,2.320258772320326,binary,false,8
reut2-009.sgm-207.txt,2.320258772320326,binary,true,8
reut2-009.sgm-207.txt,2.320258772320326,count,false,8
reut2-009.sgm-207.txt,2.320258772320326,count,true,8
reut2-009.sgm-207.txt,2.320258772320326,gfidf,false,0
reut2-009.sgm-207.txt,2.320258772320326,gfidf,true,8
reut2-009.sgm-207.txt,2.320258772320326,idf,false,8
reut2-009.sgm-207.txt,2.320258772320326,idf,true,8
reut2-009.sgm-207.txt,2.320258772320326,logEntropy,false,8
reut2-009.sgm-207.txt,2.320258772320326,logEntropy,true,8
reut2-009.sgm-207.txt,2.320258772320326,normal,false,0
reut2-009.sgm-207.txt,2.320258772320326,normal,true,0
reut2-009.sgm-207.txt,2.320258772320326,tfidf,false,8
reut2-009.sgm-207.txt,2.320258772320326,tfidf,true,8
reut2-009.sgm-21.txt,0.0,binary,false,7
reut2-009.sgm-21.txt,0.0,binary,true,2
reut2-009.sgm-21.txt,0.0,count,false,19
reut2-009.sgm-21.txt,0.0,count,true,2
reut2-009.sgm-21.txt,0.0,gfidf,false,2
reut2-009.sgm-21.txt,0.0,gfidf,true,2
reut2-009.sgm-21.txt,0.0,idf,false,19
reut2-009.sgm-21.txt,0.0,idf,true,2
reut2-009.sgm-21.txt,0.0,logEntropy,false,19
reut2-009.sgm-21.txt,0.0,logEntropy,true,2
reut2-009.sgm-21.txt,0.0,normal,false,3
reut2-009.sgm-21.txt,0.0,normal,true,3
reut2-009.sgm-21.txt,0.0,tfidf,false,19
reut2-009.sgm-21.txt,0.0,tfidf,true,2
reut2-009.sgm-210.txt,0.0,binary,false,6
reut2-009.sgm-210.txt,0.0,binary,true,6
reut2-009.sgm-210.txt,0.0,count,false,6
reut2-009.sgm-210.txt,0.0,count,true,6
reut2-009.sgm-210.txt,0.0,gfidf,false,6
reut2-009.sgm-210.txt,0.0,gfidf,true,6
reut2-009.sgm-210.txt,0.0,idf,false,4
reut2-009.sgm-210.txt,0.0,idf,true,6
reut2-009.sgm-210.txt,0.0,logEntropy,false,6
reut2-009.sgm-210.txt,0.0,logEntropy,true,6
reut2-009.sgm-210.txt,0.0,normal,false,8
reut2-009.sgm-210.txt,0.0,normal,true,8
reut2-009.sgm-210.txt,0.0,tfidf,false,4
reut2-009.sgm-210.txt,0.0,tfidf,true,6
reut2-009.sgm-212.txt,0.0,binary,false,11
reut2-009.sgm-212.txt,0.0,binary,true,18
reut2-009.sgm-212.txt,0.0,count,false,18
reut2-009.sgm-212.txt,0.0,count,true,17
reut2-009.sgm-212.txt,0.0,gfidf,false,18
reut2-009.sgm-212.txt,0.0,gfidf,true,18
reut2-009.sgm-212.txt,0.0,idf,false,11
reut2-009.sgm-212.txt,0.0,idf,true,18
reut2-009.sgm-212.txt,0.0,logEntropy,false,18
reut2-009.sgm-212.txt,0.0,logEntropy,true,18
reut2-009.sgm-212.txt,0.0,normal,false,15
reut2-009.sgm-212.txt,0.0,normal,true,15
reut2-009.sgm-212.txt,0.0,tfidf,false,18
reut2-009.sgm-212.txt,0.0,tfidf,true,18
reut2-009.sgm-224.txt,0.0,binary,false,10
reut2-009.sgm-224.txt,0.0,binary,true,10
reut2-009.sgm-224.txt,0.0,count,false,10
reut2-009.sgm-224.txt,0.0,count,true,10
reut2-009.sgm-224.txt,0.0,gfidf,false,6
reut2-009.sgm-224.txt,0.0,gfidf,true,6
reut2-009.sgm-224.txt,0.0,idf,false,10
reut2-009.sgm-224.txt,0.0,idf,true,10
reut2-009.sgm-224.txt,0.0,logEntropy,false,10
reut2-009.sgm-224.txt,0.0,logEntropy,true,10
reut2-009.sgm-224.txt,0.0,normal,false,6
reut2-009.sgm-224.txt,0.0,normal,true,6
reut2-009.sgm-224.txt,0.0,tfidf,false,10
reut2-009.sgm-224.txt,0.0,tfidf,true,10
reut2-009.sgm-243.txt,0.0,binary,false,36
reut2-009.sgm-243.txt,0.0,binary,true,32
reut2-009.sgm-243.txt,0.0,count,false,6
reut2-009.sgm-243.txt,0.0,count,true,6
reut2-009.sgm-243.txt,0.0,gfidf,false,6
reut2-009.sgm-243.txt,0.0,gfidf,true,6
reut2-009.sgm-243.txt,0.0,idf,false,43
reut2-009.sgm-243.txt,0.0,idf,true,43
reut2-009.sgm-243.txt,0.0,logEntropy,false,32
reut2-009.sgm-243.txt,0.0,logEntropy,true,32
reut2-009.sgm-243.txt,0.0,normal,false,23
reut2-009.sgm-243.txt,0.0,normal,true,32
reut2-009.sgm-243.txt,0.0,tfidf,false,6
reut2-009.sgm-243.txt,0.0,tfidf,true,6
reut2-009.sgm-252.txt,1.640670712015276,binary,false,7
reut2-009.sgm-252.txt,1.640670712015276,binary,true,1
reut2-009.sgm-252.txt,1.640670712015276,count,false,7
reut2-009.sgm-252.txt,1.640670712015276,count,true,1
reut2-009.sgm-252.txt,1.640670712015276,gfidf,false,7
reut2-009.sgm-252.txt,1.640670712015276,gfidf,true,1
reut2-009.sgm-252.txt,1.640670712015276,idf,false,7
reut2-009.sgm-252.txt,1.640670712015276,idf,true,1
reut2-009.sgm-252.txt,1.640670712015276,logEntropy,false,7
reut2-009.sgm-252.txt,1.640670712015276,logEntropy,true,1
reut2-009.sgm-252.txt,1.640670712015276,normal,false,0
reut2-009.sgm-252.txt,1.640670712015276,normal,true,3
reut2-009.sgm-252.txt,1.640670712015276,tfidf,false,7
reut2-009.sgm-252.txt,1.640670712015276,tfidf,true,1
reut2-009.sgm-274.txt,0.0,binary,false,16
reut2-009.sgm-274.txt,0.0,binary,true,16
reut2-009.sgm-274.txt,0.0,count,false,1
reut2-009.sgm-274.txt,0.0,count,true,16
reut2-009.sgm-274.txt,0.0,gfidf,false,16
reut2-009.sgm-274.txt,0.0,gfidf,true,16
reut2-009.sgm-274.txt,0.0,idf,false,16
reut2-009.sgm-274.txt,0.0,idf,true,16
reut2-009.sgm-274.txt,0.0,logEntropy,false,16
reut2-009.sgm-274.txt,0.0,logEntropy,true,16
reut2-009.sgm-274.txt,0.0,normal,false,1
reut2-009.sgm-274.txt,0.0,normal,true,1
reut2-009.sgm-274.txt,0.0,tfidf,false,16
reut2-009.sgm-274.txt,0.0,tfidf,true,16
reut2-009.sgm-278.txt,0.0,binary,false,18
reut2-009.sgm-278.txt,0.0,binary,true,18
reut2-009.sgm-278.txt,0.0,count,false,18
reut2-009.sgm-278.txt,0.0,count,true,18
reut2-009.sgm-278.txt,0.0,gfidf,false,18
reut2-009.sgm-278.txt,0.0,gfidf,true,18
reut2-009.sgm-278.txt,0.0,idf,false,5
reut2-009.sgm-278.txt,0.0,idf,true,18
reut2-009.sgm-278.txt,0.0,logEntropy,false,18
reut2-009.sgm-278.txt,0.0,logEntropy,true,18
reut2-009.sgm-278.txt,0.0,normal,false,18
reut2-009.sgm-278.txt,0.0,normal,true,18
reut2-009.sgm-278.txt,0.0,tfidf,false,18
reut2-009.sgm-278.txt,0.0,tfidf,true,5
reut2-009.sgm-280.txt,0.0,binary,false,17
reut2-009.sgm-280.txt,0.0,binary,true,2
reut2-009.sgm-280.txt,0.0,count,false,2
reut2-009.sgm-280.txt,0.0,count,true,2
reut2-009.sgm-280.txt,0.0,gfidf,false,2
reut2-009.sgm-280.txt,0.0,gfidf,true,2
reut2-009.sgm-280.txt,0.0,idf,false,18
reut2-009.sgm-280.txt,0.0,idf,true,18
reut2-009.sgm-280.txt,0.0,logEntropy,false,2
reut2-009.sgm-280.txt,0.0,logEntropy,true,2
reut2-009.sgm-280.txt,0.0,normal,false,2
reut2-009.sgm-280.txt,0.0,normal,true,2
reut2-009.sgm-280.txt,0.0,tfidf,false,18
reut2-009.sgm-280.txt,0.0,tfidf,true,18
reut2-009.sgm-294.txt,0.0,binary,false,5
reut2-009.sgm-294.txt,0.0,binary,true,5
reut2-009.sgm-294.txt,0.0,count,false,5
reut2-009.sgm-294.txt,0.0,count,true,5
reut2-009.sgm-294.txt,0.0,gfidf,false,5
reut2-009.sgm-294.txt,0.0,gfidf,true,5
reut2-009.sgm-294.txt,0.0,idf,false,5
reut2-009.sgm-294.txt,0.0,idf,true,5
reut2-009.sgm-294.txt,0.0,logEntropy,false,5
reut2-009.sgm-294.txt,0.0,logEntropy,true,5
reut2-009.sgm-294.txt,0.0,normal,false,5
reut2-009.sgm-294.txt,0.0,normal,true,5
reut2-009.sgm-294.txt,0.0,tfidf,false,12
reut2-009.sgm-294.txt,0.0,tfidf,true,12
reut2-009.sgm-306.txt,0.0,binary,false,6
reut2-009.sgm-306.txt,0.0,binary,true,6
reut2-009.sgm-306.txt,0.0,count,false,6
reut2-009.sgm-306.txt,0.0,count,true,16
reut2-009.sgm-306.txt,0.0,gfidf,false,6
reut2-009.sgm-306.txt,0.0,gfidf,true,6
reut2-009.sgm-306.txt,0.0,idf,false,6
reut2-009.sgm-306.txt,0.0,idf,true,6
reut2-009.sgm-306.txt,0.0,logEntropy,false,6
reut2-009.sgm-306.txt,0.0,logEntropy,true,6
reut2-009.sgm-306.txt,0.0,normal,false,6
reut2-009.sgm-306.txt,0.0,normal,true,6
reut2-009.sgm-306.txt,0.0,tfidf,false,6
reut2-009.sgm-306.txt,0.0,tfidf,true,6
reut2-009.sgm-309.txt,0.0,binary,false,18
reut2-009.sgm-309.txt,0.0,binary,true,18
reut2-009.sgm-309.txt,0.0,count,false,18
reut2-009.sgm-309.txt,0.0,count,true,18
reut2-009.sgm-309.txt,0.0,gfidf,false,18
reut2-009.sgm-309.txt,0.0,gfidf,true,18
reut2-009.sgm-309.txt,0.0,idf,false,19
reut2-009.sgm-309.txt,0.0,idf,true,19
reut2-009.sgm-309.txt,0.0,logEntropy,false,18
reut2-009.sgm-309.txt,0.0,logEntropy,true,18
reut2-009.sgm-309.txt,0.0,normal,false,0
reut2-009.sgm-309.txt,0.0,normal,true,12
reut2-009.sgm-309.txt,0.0,tfidf,false,19
reut2-009.sgm-309.txt,0.0,tfidf,true,19
reut2-009.sgm-31.txt,1.7239456424939554,binary,false,7
reut2-009.sgm-31.txt,1.7239456424939554,binary,true,7
reut2-009.sgm-31.txt,1.7239456424939554,count,false,7
reut2-009.sgm-31.txt,1.7239456424939554,count,true,7
reut2-009.sgm-31.txt,1.7239456424939554,gfidf,false,7
reut2-009.sgm-31.txt,1.7239456424939554,gfidf,true,7
reut2-009.sgm-31.txt,1.7239456424939554,idf,false,7
reut2-009.sgm-31.txt,1.7239456424939554,idf,true,7
reut2-009.sgm-31.txt,1.7239456424939554,logEntropy,false,7
reut2-009.sgm-31.txt,1.7239456424939554,logEntropy,true,7
reut2-009.sgm-31.txt,1.7239456424939554,normal,false,7
reut2-009.sgm-31.txt,1.7239456424939554,normal,true,0
reut2-009.sgm-31.txt,1.7239456424939554,tfidf,false,7
reut2-009.sgm-31.txt,1.7239456424939554,tfidf,true,7
reut2-009.sgm-327.txt,0.0,binary,false,9
reut2-009.sgm-327.txt,0.0,binary,true,9
reut2-009.sgm-327.txt,0.0,count,false,7
reut2-009.sgm-327.txt,0.0,count,true,8
reut2-009.sgm-327.txt,0.0,gfidf,false,9
reut2-009.sgm-327.txt,0.0,gfidf,true,9
reut2-009.sgm-327.txt,0.0,idf,false,9
reut2-009.sgm-327.txt,0.0,idf,true,9
reut2-009.sgm-327.txt,0.0,logEntropy,false,7
reut2-009.sgm-327.txt,0.0,logEntropy,true,9
reut2-009.sgm-327.txt,0.0,normal,false,6
reut2-009.sgm-327.txt,0.0,normal,true,8
reut2-009.sgm-327.txt,0.0,tfidf,false,9
reut2-009.sgm-327.txt,0.0,tfidf,true,9
reut2-009.sgm-335.txt,0.0,binary,false,18
reut2-009.sgm-335.txt,0.0,binary,true,18
reut2-009.sgm-335.txt,0.0,count,false,18
reut2-009.sgm-335.txt,0.0,count,true,18
reut2-009.sgm-335.txt,0.0,gfidf,false,18
reut2-009.sgm-335.txt,0.0,gfidf,true,18
reut2-009.sgm-335.txt,0.0,idf,false,19
reut2-009.sgm-335.txt,0.0,idf,true,19
reut2-009.sgm-335.txt,0.0,logEntropy,false,18
reut2-009.sgm-335.txt,0.0,logEntropy,true,18
reut2-009.sgm-335.txt,0.0,normal,false,0
reut2-009.sgm-335.txt,0.0,normal,true,12
reut2-009.sgm-335.txt,0.0,tfidf,false,19
reut2-009.sgm-335.txt,0.0,tfidf,true,19
reut2-009.sgm-369.txt,1.9593219335154728,binary,false,1
reut2-009.sgm-369.txt,1.9593219335154728,binary,true,1
reut2-009.sgm-369.txt,1.9593219335154728,count,false,1
reut2-009.sgm-369.txt,1.9593219335154728,count,true,1
reut2-009.sgm-369.txt,1.9593219335154728,gfidf,false,1
reut2-009.sgm-369.txt,1.9593219335154728,gfidf,true,1
reut2-009.sgm-369.txt,1.9593219335154728,idf,false,1
reut2-009.sgm-369.txt,1.9593219335154728,idf,true,1
reut2-009.sgm-369.txt,1.9593219335154728,logEntropy,false,1
reut2-009.sgm-369.txt,1.9593219335154728,logEntropy,true,1
reut2-009.sgm-369.txt,1.9593219335154728,normal,false,1
reut2-009.sgm-369.txt,1.9593219335154728,normal,true,1
reut2-009.sgm-369.txt,1.9593219335154728,tfidf,false,14
reut2-009.sgm-369.txt,1.9593219335154728,tfidf,true,14
reut2-009.sgm-405.txt,0.0,binary,false,3
reut2-009.sgm-405.txt,0.0,binary,true,3
reut2-009.sgm-405.txt,0.0,count,false,6
reut2-009.sgm-405.txt,0.0,count,true,6
reut2-009.sgm-405.txt,0.0,gfidf,false,3
reut2-009.sgm-405.txt,0.0,gfidf,true,3
reut2-009.sgm-405.txt,0.0,idf,false,14
reut2-009.sgm-405.txt,0.0,idf,true,3
reut2-009.sgm-405.txt,0.0,logEntropy,false,3
reut2-009.sgm-405.txt,0.0,logEntropy,true,6
reut2-009.sgm-405.txt,0.0,normal,false,3
reut2-009.sgm-405.txt,0.0,normal,true,6
reut2-009.sgm-405.txt,0.0,tfidf,false,14
reut2-009.sgm-405.txt,0.0,tfidf,true,3
reut2-009.sgm-407.txt,0.0,binary,false,4
reut2-009.sgm-407.txt,0.0,binary,true,4
reut2-009.sgm-407.txt,0.0,count,false,4
reut2-009.sgm-407.txt,0.0,count,true,4
reut2-009.sgm-407.txt,0.0,gfidf,false,4
reut2-009.sgm-407.txt,0.0,gfidf,true,4
reut2-009.sgm-407.txt,0.0,idf,false,4
reut2-009.sgm-407.txt,0.0,idf,true,4
reut2-009.sgm-407.txt,0.0,logEntropy,false,4
reut2-009.sgm-407.txt,0.0,logEntropy,true,4
reut2-009.sgm-407.txt,0.0,normal,false,1
reut2-009.sgm-407.txt,0.0,normal,true,1
reut2-009.sgm-407.txt,0.0,tfidf,false,4
reut2-009.sgm-407.txt,0.0,tfidf,true,4
reut2-009.sgm-435.txt,0.0,binary,false,25
reut2-009.sgm-435.txt,0.0,binary,true,25
reut2-009.sgm-435.txt,0.0,count,false,24
reut2-009.sgm-435.txt,0.0,count,true,24
reut2-009.sgm-435.txt,0.0,gfidf,false,25
reut2-009.sgm-435.txt,0.0,gfidf,true,10
reut2-009.sgm-435.txt,0.0,idf,false,25
reut2-009.sgm-435.txt,0.0,idf,true,8
reut2-009.sgm-435.txt,0.0,logEntropy,false,25
reut2-009.sgm-435.txt,0.0,logEntropy,true,24
reut2-009.sgm-435.txt,0.0,normal,false,10
reut2-009.sgm-435.txt,0.0,normal,true,10
reut2-009.sgm-435.txt,0.0,tfidf,false,25
reut2-009.sgm-435.txt,0.0,tfidf,true,22
reut2-009.sgm-439.txt,0.0,binary,false,5
reut2-009.sgm-439.txt,0.0,binary,true,5
reut2-009.sgm-439.txt,0.0,count,false,1
reut2-009.sgm-439.txt,0.0,count,true,1
reut2-009.sgm-439.txt,0.0,gfidf,false,7
reut2-009.sgm-439.txt,0.0,gfidf,true,7
reut2-009.sgm-439.txt,0.0,idf,false,7
reut2-009.sgm-439.txt,0.0,idf,true,7
reut2-009.sgm-439.txt,0.0,logEntropy,false,1
reut2-009.sgm-439.txt,0.0,logEntropy,true,1
reut2-009.sgm-439.txt,0.0,normal,false,1
reut2-009.sgm-439.txt,0.0,normal,true,1
reut2-009.sgm-439.txt,0.0,tfidf,false,7
reut2-009.sgm-439.txt,0.0,tfidf,true,7
reut2-009.sgm-444.txt,0.0,binary,false,0
reut2-009.sgm-444.txt,0.0,binary,true,0
reut2-009.sgm-444.txt,0.0,count,false,11
reut2-009.sgm-444.txt,0.0,count,true,7
reut2-009.sgm-444.txt,0.0,gfidf,false,0
reut2-009.sgm-444.txt,0.0,gfidf,true,0
reut2-009.sgm-444.txt,0.0,idf,false,7
reut2-009.sgm-444.txt,0.0,idf,true,7
reut2-009.sgm-444.txt,0.0,logEntropy,false,0
reut2-009.sgm-444.txt,0.0,logEntropy,true,0
reut2-009.sgm-444.txt,0.0,normal,false,0
reut2-009.sgm-444.txt,0.0,normal,true,0
reut2-009.sgm-444.txt,0.0,tfidf,false,6
reut2-009.sgm-444.txt,0.0,tfidf,true,10
reut2-009.sgm-45.txt,0.0,binary,false,21
reut2-009.sgm-45.txt,0.0,binary,true,21
reut2-009.sgm-45.txt,0.0,count,false,21
reut2-009.sgm-45.txt,0.0,count,true,21
reut2-009.sgm-45.txt,0.0,gfidf,false,21
reut2-009.sgm-45.txt,0.0,gfidf,true,21
reut2-009.sgm-45.txt,0.0,idf,false,21
reut2-009.sgm-45.txt,0.0,idf,true,21
reut2-009.sgm-45.txt,0.0,logEntropy,false,21
reut2-009.sgm-45.txt,0.0,logEntropy,true,21
reut2-009.sgm-45.txt,0.0,normal,false,5
reut2-009.sgm-45.txt,0.0,normal,true,5
reut2-009.sgm-45.txt,0.0,tfidf,false,21
reut2-009.sgm-45.txt,0.0,tfidf,true,21
reut2-009.sgm-46.txt,0.0,binary,false,0
reut2-009.sgm-46.txt,0.0,binary,true,0
reut2-009.sgm-46.txt,0.0,count,false,0
reut2-009.sgm-46.txt,0.0,count,true,0
reut2-009.sgm-46.txt,0.0,gfidf,false,0
reut2-009.sgm-46.txt,0.0,gfidf,true,0
reut2-009.sgm-46.txt,0.0,idf,false,0
reut2-009.sgm-46.txt,0.0,idf,true,10
reut2-009.sgm-46.txt,0.0,logEntropy,false,0
reut2-009.sgm-46.txt,0.0,logEntropy,true,0
reut2-009.sgm-46.txt,0.0,normal,false,0
reut2-009.sgm-46.txt,0.0,normal,true,1
reut2-009.sgm-46.txt,0.0,tfidf,false,19
reut2-009.sgm-46.txt,0.0,tfidf,true,18
reut2-009.sgm-463.txt,0.0,binary,false,6
reut2-009.sgm-463.txt,0.0,binary,true,6
reut2-009.sgm-463.txt,0.0,count,false,6
reut2-009.sgm-463.txt,0.0,count,true,6
reut2-009.sgm-463.txt,0.0,gfidf,false,6
reut2-009.sgm-463.txt,0.0,gfidf,true,6
reut2-009.sgm-463.txt,0.0,idf,false,6
reut2-009.sgm-463.txt,0.0,idf,true,6
reut2-009.sgm-463.txt,0.0,logEntropy,false,6
reut2-009.sgm-463.txt,0.0,logEntropy,true,6
reut2-009.sgm-463.txt,0.0,normal,false,9
reut2-009.sgm-463.txt,0.0,normal,true,10
reut2-009.sgm-463.txt,0.0,tfidf,false,6
reut2-009.sgm-463.txt,0.0,tfidf,true,6
reut2-009.sgm-469.txt,0.0,binary,false,38
reut2-009.sgm-469.txt,0.0,binary,true,38
reut2-009.sgm-469.txt,0.0,count,false,38
reut2-009.sgm-469.txt,0.0,count,true,38
reut2-009.sgm-469.txt,0.0,gfidf,false,1
reut2-009.sgm-469.txt,0.0,gfidf,true,38
reut2-009.sgm-469.txt,0.0,idf,false,38
reut2-009.sgm-469.txt,0.0,idf,true,38
reut2-009.sgm-469.txt,0.0,logEntropy,false,38
reut2-009.sgm-469.txt,0.0,logEntropy,true,38
reut2-009.sgm-469.txt,0.0,normal,false,27
reut2-009.sgm-469.txt,0.0,normal,true,27
reut2-009.sgm-469.txt,0.0,tfidf,false,38
reut2-009.sgm-469.txt,0.0,tfidf,true,38
reut2-009.sgm-478.txt,0.0,binary,false,9
reut2-009.sgm-478.txt,0.0,binary,true,8
reut2-009.sgm-478.txt,0.0,count,false,8
reut2-009.sgm-478.txt,0.0,count,true,8
reut2-009.sgm-478.txt,0.0,gfidf,false,9
reut2-009.sgm-478.txt,0.0,gfidf,true,8
reut2-009.sgm-478.txt,0.0,idf,false,9
reut2-009.sgm-478.txt,0.0,idf,true,8
reut2-009.sgm-478.txt,0.0,logEntropy,false,8
reut2-009.sgm-478.txt,0.0,logEntropy,true,8
reut2-009.sgm-478.txt,0.0,normal,false,8
reut2-009.sgm-478.txt,0.0,normal,true,8
reut2-009.sgm-478.txt,0.0,tfidf,false,9
reut2-009.sgm-478.txt,0.0,tfidf,true,12
reut2-009.sgm-486.txt,0.0,binary,false,13
reut2-009.sgm-486.txt,0.0,binary,true,11
reut2-009.sgm-486.txt,0.0,count,false,13
reut2-009.sgm-486.txt,0.0,count,true,11
reut2-009.sgm-486.txt,0.0,gfidf,false,13
reut2-009.sgm-486.txt,0.0,gfidf,true,11
reut2-009.sgm-486.txt,0.0,idf,false,13
reut2-009.sgm-486.txt,0.0,idf,true,11
reut2-009.sgm-486.txt,0.0,logEntropy,false,13
reut2-009.sgm-486.txt,0.0,logEntropy,true,11
reut2-009.sgm-486.txt,0.0,normal,false,13
reut2-009.sgm-486.txt,0.0,normal,true,13
reut2-009.sgm-486.txt,0.0,tfidf,false,11
reut2-009.sgm-486.txt,0.0,tfidf,true,11
reut2-009.sgm-520.txt,2.058770528900245,binary,false,0
reut2-009.sgm-520.txt,2.058770528900245,binary,true,12
reut2-009.sgm-520.txt,2.058770528900245,count,false,1
reut2-009.sgm-520.txt,2.058770528900245,count,true,1
reut2-009.sgm-520.txt,2.058770528900245,gfidf,false,0
reut2-009.sgm-520.txt,2.058770528900245,gfidf,true,12
reut2-009.sgm-520.txt,2.058770528900245,idf,false,9
reut2-009.sgm-520.txt,2.058770528900245,idf,true,18
reut2-009.sgm-520.txt,2.058770528900245,logEntropy,false,1
reut2-009.sgm-520.txt,2.058770528900245,logEntropy,true,1
reut2-009.sgm-520.txt,2.058770528900245,normal,false,1
reut2-009.sgm-520.txt,2.058770528900245,normal,true,1
reut2-009.sgm-520.txt,2.058770528900245,tfidf,false,18
reut2-009.sgm-520.txt,2.058770528900245,tfidf,true,18
reut2-009.sgm-534.txt,4.103614125000108,binary,false,0
reut2-009.sgm-534.txt,4.103614125000108,binary,true,0
reut2-009.sgm-534.txt,4.103614125000108,count,false,0
reut2-009.sgm-534.txt,4.103614125000108,count,true,0
reut2-009.sgm-534.txt,4.103614125000108,gfidf,false,0
reut2-009.sgm-534.txt,4.103614125000108,gfidf,true,0
reut2-009.sgm-534.txt,4.103614125000108,idf,false,0
reut2-009.sgm-534.txt,4.103614125000108,idf,true,0
reut2-009.sgm-534.txt,4.103614125000108,logEntropy,false,0
reut2-009.sgm-534.txt,4.103614125000108,logEntropy,true,0
reut2-009.sgm-534.txt,4.103614125000108,normal,false,0
reut2-009.sgm-534.txt,4.103614125000108,normal,true,0
reut2-009.sgm-534.txt,4.103614125000108,tfidf,false,1
reut2-009.sgm-534.txt,4.103614125000108,tfidf,true,1
reut2-009.sgm-535.txt,2.01689712667475,binary,false,1
reut2-009.sgm-535.txt,2.01689712667475,binary,true,1
reut2-009.sgm-535.txt,2.01689712667475,count,false,1
reut2-009.sgm-535.txt,2.01689712667475,count,true,1
reut2-009.sgm-535.txt,2.01689712667475,gfidf,false,1
reut2-009.sgm-535.txt,2.01689712667475,gfidf,true,1
reut2-009.sgm-535.txt,2.01689712667475,idf,false,8
reut2-009.sgm-535.txt,2.01689712667475,idf,true,1
reut2-009.sgm-535.txt,2.01689712667475,logEntropy,false,1
reut2-009.sgm-535.txt,2.01689712667475,logEntropy,true,1
reut2-009.sgm-535.txt,2.01689712667475,normal,false,1
reut2-009.sgm-535.txt,2.01689712667475,normal,true,1
reut2-009.sgm-535.txt,2.01689712667475,tfidf,false,8
reut2-009.sgm-535.txt,2.01689712667475,tfidf,true,1
reut2-009.sgm-54.txt,0.0,binary,false,11
reut2-009.sgm-54.txt,0.0,binary,true,9
reut2-009.sgm-54.txt,0.0,count,false,11
reut2-009.sgm-54.txt,0.0,count,true,11
reut2-009.sgm-54.txt,0.0,gfidf,false,11
reut2-009.sgm-54.txt,0.0,gfidf,true,7
reut2-009.sgm-54.txt,0.0,idf,false,11
reut2-009.sgm-54.txt,0.0,idf,true,7
reut2-009.sgm-54.txt,0.0,logEntropy,false,11
reut2-009.sgm-54.txt,0.0,logEntropy,true,9
reut2-009.sgm-54.txt,0.0,normal,false,9
reut2-009.sgm-54.txt,0.0,normal,true,9
reut2-009.sgm-54.txt,0.0,tfidf,false,7
reut2-009.sgm-54.txt,0.0,tfidf,true,7
reut2-009.sgm-553.txt,0.0,binary,false,4
reut2-009.sgm-553.txt,0.0,binary,true,16
reut2-009.sgm-553.txt,0.0,count,false,4
reut2-009.sgm-553.txt,0.0,count,true,4
reut2-009.sgm-553.txt,0.0,gfidf,false,2
reut2-009.sgm-553.txt,0.0,gfidf,true,16
reut2-009.sgm-553.txt,0.0,idf,false,4
reut2-009.sgm-553.txt,0.0,idf,true,4
reut2-009.sgm-553.txt,0.0,logEntropy,false,2
reut2-009.sgm-553.txt,0.0,logEntropy,true,16
reut2-009.sgm-553.txt,0.0,normal,false,2
reut2-009.sgm-553.txt,0.0,normal,true,2
reut2-009.sgm-553.txt,0.0,tfidf,false,4
reut2-009.sgm-553.txt,0.0,tfidf,true,4
reut2-009.sgm-57.txt,0.0,binary,false,0
reut2-009.sgm-57.txt,0.0,binary,true,15
reut2-009.sgm-57.txt,0.0,count,false,0
reut2-009.sgm-57.txt,0.0,count,true,0
reut2-009.sgm-57.txt,0.0,gfidf,false,0
reut2-009.sgm-57.txt,0.0,gfidf,true,15
reut2-009.sgm-57.txt,0.0,idf,false,15
reut2-009.sgm-57.txt,0.0,idf,true,15
reut2-009.sgm-57.txt,0.0,logEntropy,false,0
reut2-009.sgm-57.txt,0.0,logEntropy,true,0
reut2-009.sgm-57.txt,0.0,normal,false,6
reut2-009.sgm-57.txt,0.0,normal,true,6
reut2-009.sgm-57.txt,0.0,tfidf,false,32
reut2-009.sgm-57.txt,0.0,tfidf,true,15
reut2-009.sgm-580.txt,0.0,binary,false,9
reut2-009.sgm-580.txt,0.0,binary,true,1
reut2-009.sgm-580.txt,0.0,count,false,9
reut2-009.sgm-580.txt,0.0,count,true,9
reut2-009.sgm-580.txt,0.0,gfidf,false,9
reut2-009.sgm-580.txt,0.0,gfidf,true,1
reut2-009.sgm-580.txt,0.0,idf,false,9
reut2-009.sgm-580.txt,0.0,idf,true,2
reut2-009.sgm-580.txt,0.0,logEntropy,false,9
reut2-009.sgm-580.txt,0.0,logEntropy,true,9
reut2-009.sgm-580.txt,0.0,normal,false,1
reut2-009.sgm-580.txt,0.0,normal,true,1
reut2-009.sgm-580.txt,0.0,tfidf,false,2
reut2-009.sgm-580.txt,0.0,tfidf,true,2
reut2-009.sgm-581.txt,0.0,binary,false,19
reut2-009.sgm-581.txt,0.0,binary,true,20
reut2-009.sgm-581.txt,0.0,count,false,0
reut2-009.sgm-581.txt,0.0,count,true,0
reut2-009.sgm-581.txt,0.0,gfidf,false,20
reut2-009.sgm-581.txt,0.0,gfidf,true,20
reut2-009.sgm-581.txt,0.0,idf,false,20
reut2-009.sgm-581.txt,0.0,idf,true,20
reut2-009.sgm-581.txt,0.0,logEntropy,false,20
reut2-009.sgm-581.txt,0.0,logEntropy,true,0
reut2-009.sgm-581.txt,0.0,normal,false,0
reut2-009.sgm-581.txt,0.0,normal,true,0
reut2-009.sgm-581.txt,0.0,tfidf,false,20
reut2-009.sgm-581.txt,0.0,tfidf,true,20
reut2-009.sgm-582.txt,0.0,binary,false,2
reut2-009.sgm-582.txt,0.0,binary,true,2
reut2-009.sgm-582.txt,0.0,count,false,3
reut2-009.sgm-582.txt,0.0,count,true,2
reut2-009.sgm-582.txt,0.0,gfidf,false,2
reut2-009.sgm-582.txt,0.0,gfidf,true,2
reut2-009.sgm-582.txt,0.0,idf,false,2
reut2-009.sgm-582.txt,0.0,idf,true,2
reut2-009.sgm-582.txt,0.0,logEntropy,false,3
reut2-009.sgm-582.txt,0.0,logEntropy,true,2
reut2-009.sgm-582.txt,0.0,normal,false,5
reut2-009.sgm-582.txt,0.0,normal,true,5
reut2-009.sgm-582.txt,0.0,tfidf,false,2
reut2-009.sgm-582.txt,0.0,tfidf,true,2
reut2-009.sgm-590.txt,2.5597075924978663,binary,false,1
reut2-009.sgm-590.txt,2.5597075924978663,binary,true,1
reut2-009.sgm-590.txt,2.5597075924978663,count,false,1
reut2-009.sgm-590.txt,2.5597075924978663,count,true,1
reut2-009.sgm-590.txt,2.5597075924978663,gfidf,false,1
reut2-009.sgm-590.txt,2.5597075924978663,gfidf,true,1
reut2-009.sgm-590.txt,2.5597075924978663,idf,false,1
reut2-009.sgm-590.txt,2.5597075924978663,idf,true,1
reut2-009.sgm-590.txt,2.5597075924978663,logEntropy,false,1
reut2-009.sgm-590.txt,2.5597075924978663,logEntropy,true,1
reut2-009.sgm-590.txt,2.5597075924978663,normal,false,0
reut2-009.sgm-590.txt,2.5597075924978663,normal,true,0
reut2-009.sgm-590.txt,2.5597075924978663,tfidf,false,13
reut2-009.sgm-590.txt,2.5597075924978663,tfidf,true,1
reut2-009.sgm-606.txt,0.0,binary,false,4
reut2-009.sgm-606.txt,0.0,binary,true,4
reut2-009.sgm-606.txt,0.0,count,false,6
reut2-009.sgm-606.txt,0.0,count,true,4
reut2-009.sgm-606.txt,0.0,gfidf,false,4
reut2-009.sgm-606.txt,0.0,gfidf,true,4
reut2-009.sgm-606.txt,0.0,idf,false,4
reut2-009.sgm-606.txt,0.0,idf,true,10
reut2-009.sgm-606.txt,0.0,logEntropy,false,6
reut2-009.sgm-606.txt,0.0,logEntropy,true,4
reut2-009.sgm-606.txt,0.0,normal,false,4
reut2-009.sgm-606.txt,0.0,normal,true,4
reut2-009.sgm-606.txt,0.0,tfidf,false,4
reut2-009.sgm-606.txt,0.0,tfidf,true,4
reut2-009.sgm-616.txt,0.0,binary,false,4
reut2-009.sgm-616.txt,0.0,binary,true,0
reut2-009.sgm-616.txt,0.0,count,false,14
reut2-009.sgm-616.txt,0.0,count,true,14
reut2-009.sgm-616.txt,0.0,gfidf,false,4
reut2-009.sgm-616.txt,0.0,gfidf,true,14
reut2-009.sgm-616.txt,0.0,idf,false,4
reut2-009.sgm-616.txt,0.0,idf,true,0
reut2-009.sgm-616.txt,0.0,logEntropy,false,14
reut2-009.sgm-616.txt,0.0,logEntropy,true,14
reut2-009.sgm-616.txt,0.0,normal,false,4
reut2-009.sgm-616.txt,0.0,normal,true,14
reut2-009.sgm-616.txt,0.0,tfidf,false,8
reut2-009.sgm-616.txt,0.0,tfidf,true,14
reut2-009.sgm-629.txt,2.4289684489973387,binary,false,1
reut2-009.sgm-629.txt,2.4289684489973387,binary,true,1
reut2-009.sgm-629.txt,2.4289684489973387,count,false,1
reut2-009.sgm-629.txt,2.4289684489973387,count,true,1
reut2-009.sgm-629.txt,2.4289684489973387,gfidf,false,1
reut2-009.sgm-629.txt,2.4289684489973387,gfidf,true,1
reut2-009.sgm-629.txt,2.4289684489973387,idf,false,1
reut2-009.sgm-629.txt,2.4289684489973387,idf,true,1
reut2-009.sgm-629.txt,2.4289684489973387,logEntropy,false,1
reut2-009.sgm-629.txt,2.4289684489973387,logEntropy,true,1
reut2-009.sgm-629.txt,2.4289684489973387,normal,false,1
reut2-009.sgm-629.txt,2.4289684489973387,normal,true,0
reut2-009.sgm-629.txt,2.4289684489973387,tfidf,false,13
reut2-009.sgm-629.txt,2.4289684489973387,tfidf,true,1
reut2-009.sgm-635.txt,0.0,binary,false,26
reut2-009.sgm-635.txt,0.0,binary,true,26
reut2-009.sgm-635.txt,0.0,count,false,26
reut2-009.sgm-635.txt,0.0,count,true,26
reut2-009.sgm-635.txt,0.0,gfidf,false,26
reut2-009.sgm-635.txt,0.0,gfidf,true,26
reut2-009.sgm-635.txt,0.0,idf,false,15
reut2-009.sgm-635.txt,0.0,idf,true,15
reut2-009.sgm-635.txt,0.0,logEntropy,false,26
reut2-009.sgm-635.txt,0.0,logEntropy,true,26
reut2-009.sgm-635.txt,0.0,normal,false,32
reut2-009.sgm-635.txt,0.0,normal,true,26
reut2-009.sgm-635.txt,0.0,tfidf,false,15
reut2-009.sgm-635.txt,0.0,tfidf,true,15
reut2-009.sgm-636.txt,3.2813414240305514,binary,false,0
reut2-009.sgm-636.txt,3.2813414240305514,binary,true,0
reut2-009.sgm-636.txt,3.2813414240305514,count,false,0
reut2-009.sgm-636.txt,3.2813414240305514,count,true,0
reut2-009.sgm-636.txt,3.2813414240305514,gfidf,false,2
reut2-009.sgm-636.txt,3.2813414240305514,gfidf,true,0
reut2-009.sgm-636.txt,3.2813414240305514,idf,false,0
reut2-009.sgm-636.txt,3.2813414240305514,idf,true,0
reut2-009.sgm-636.txt,3.2813414240305514,logEntropy,false,0
reut2-009.sgm-636.txt,3.2813414240305514,logEntropy,true,0
reut2-009.sgm-636.txt,3.2813414240305514,normal,false,11
reut2-009.sgm-636.txt,3.2813414240305514,normal,true,11
reut2-009.sgm-636.txt,3.2813414240305514,tfidf,false,0
reut2-009.sgm-636.txt,3.2813414240305514,tfidf,true,0
reut2-009.sgm-637.txt,0.0,binary,false,21
reut2-009.sgm-637.txt,0.0,binary,true,21
reut2-009.sgm-637.txt,0.0,count,false,21
reut2-009.sgm-637.txt,0.0,count,true,21
reut2-009.sgm-637.txt,0.0,gfidf,false,21
reut2-009.sgm-637.txt,0.0,gfidf,true,21
reut2-009.sgm-637.txt,0.0,idf,false,21
reut2-009.sgm-637.txt,0.0,idf,true,21
reut2-009.sgm-637.txt,0.0,logEntropy,false,21
reut2-009.sgm-637.txt,0.0,logEntropy,true,21
reut2-009.sgm-637.txt,0.0,normal,false,0
reut2-009.sgm-637.txt,0.0,normal,true,0
reut2-009.sgm-637.txt,0.0,tfidf,false,21
reut2-009.sgm-637.txt,0.0,tfidf,true,21
reut2-009.sgm-638.txt,2.0,binary,false,1
reut2-009.sgm-638.txt,2.0,binary,true,1
reut2-009.sgm-638.txt,2.0,count,false,8
reut2-009.sgm-638.txt,2.0,count,true,8
reut2-009.sgm-638.txt,2.0,gfidf,false,1
reut2-009.sgm-638.txt,2.0,gfidf,true,8
reut2-009.sgm-638.txt,2.0,idf,false,1
reut2-009.sgm-638.txt,2.0,idf,true,1
reut2-009.sgm-638.txt,2.0,logEntropy,false,8
reut2-009.sgm-638.txt,2.0,logEntropy,true,8
reut2-009.sgm-638.txt,2.0,normal,false,8
reut2-009.sgm-638.txt,2.0,normal,true,8
reut2-009.sgm-638.txt,2.0,tfidf,false,15
reut2-009.sgm-638.txt,2.0,tfidf,true,1
reut2-009.sgm-645.txt,0.0,binary,false,18
reut2-009.sgm-645.txt,0.0,binary,true,3
reut2-009.sgm-645.txt,0.0,count,false,2
reut2-009.sgm-645.txt,0.0,count,true,2
reut2-009.sgm-645.txt,0.0,gfidf,false,18
reut2-009.sgm-645.txt,0.0,gfidf,true,3
reut2-009.sgm-645.txt,0.0,idf,false,18
reut2-009.sgm-645.txt,0.0,idf,true,18
reut2-009.sgm-645.txt,0.0,logEntropy,false,18
reut2-009.sgm-645.txt,0.0,logEntropy,true,2
reut2-009.sgm-645.txt,0.0,normal,false,3
reut2-009.sgm-645.txt,0.0,normal,true,3
reut2-009.sgm-645.txt,0.0,tfidf,false,2
reut2-009.sgm-645.txt,0.0,tfidf,true,2
reut2-009.sgm-649.txt,1.751643459517028,binary,false,12
reut2-009.sgm-649.txt,1.751643459517028,binary,true,12
reut2-009.sgm-649.txt,1.751643459517028,count,false,1
reut2-009.sgm-649.txt,1.751643459517028,count,true,12
reut2-009.sgm-649.txt,1.751643459517028,gfidf,false,1
reut2-009.sgm-649.txt,1.751643459517028,gfidf,true,12
reut2-009.sgm-649.txt,1.751643459517028,idf,false,12
reut2-009.sgm-649.txt,1.751643459517028,idf,true,12
reut2-009.sgm-649.txt,1.751643459517028,logEntropy,false,1
reut2-009.sgm-649.txt,1.751643459517028,logEntropy,true,12
reut2-009.sgm-649.txt,1.751643459517028,normal,false,0
reut2-009.sgm-649.txt,1.751643459517028,normal,true,0
reut2-009.sgm-649.txt,1.751643459517028,tfidf,false,1
reut2-009.sgm-649.txt,1.751643459517028,tfidf,true,12
reut2-009.sgm-650.txt,0.0,binary,false,12
reut2-009.sgm-650.txt,0.0,binary,true,12
reut2-009.sgm-650.txt,0.0,count,false,5
reut2-009.sgm-650.txt,0.0,count,true,14
reut2-009.sgm-650.txt,0.0,gfidf,false,12
reut2-009.sgm-650.txt,0.0,gfidf,true,2
reut2-009.sgm-650.txt,0.0,idf,false,12
reut2-009.sgm-650.txt,0.0,idf,true,12
reut2-009.sgm-650.txt,0.0,logEntropy,false,5
reut2-009.sgm-650.txt,0.0,logEntropy,true,14
reut2-009.sgm-650.txt,0.0,normal,false,1
reut2-009.sgm-650.txt,0.0,normal,true,14
reut2-009.sgm-650.txt,0.0,tfidf,false,12
reut2-009.sgm-650.txt,0.0,tfidf,true,12
reut2-009.sgm-657.txt,0.0,binary,false,3
reut2-009.sgm-657.txt,0.0,binary,true,3
reut2-009.sgm-657.txt,0.0,count,false,3
reut2-009.sgm-657.txt,0.0,count,true,3
reut2-009.sgm-657.txt,0.0,gfidf,false,3
reut2-009.sgm-657.txt,0.0,gfidf,true,3
reut2-009.sgm-657.txt,0.0,idf,false,16
reut2-009.sgm-657.txt,0.0,idf,true,3
reut2-009.sgm-657.txt,0.0,logEntropy,false,3
reut2-009.sgm-657.txt,0.0,logEntropy,true,3
reut2-009.sgm-657.txt,0.0,normal,false,3
reut2-009.sgm-657.txt,0.0,normal,true,3
reut2-009.sgm-657.txt,0.0,tfidf,false,16
reut2-009.sgm-657.txt,0.0,tfidf,true,16
reut2-009.sgm-666.txt,0.0,binary,false,12
reut2-009.sgm-666.txt,0.0,binary,true,12
reut2-009.sgm-666.txt,0.0,count,false,12
reut2-009.sgm-666.txt,0.0,count,true,12
reut2-009.sgm-666.txt,0.0,gfidf,false,12
reut2-009.sgm-666.txt,0.0,gfidf,true,12
reut2-009.sgm-666.txt,0.0,idf,false,12
reut2-009.sgm-666.txt,0.0,idf,true,12
reut2-009.sgm-666.txt,0.0,logEntropy,false,12
reut2-009.sgm-666.txt,0.0,logEntropy,true,12
reut2-009.sgm-666.txt,0.0,normal,false,21
reut2-009.sgm-666.txt,0.0,normal,true,10
reut2-009.sgm-666.txt,0.0,tfidf,false,10
reut2-009.sgm-666.txt,0.0,tfidf,true,10
reut2-009.sgm-669.txt,2.01689712667475,binary,false,1
reut2-009.sgm-669.txt,2.01689712667475,binary,true,1
reut2-009.sgm-669.txt,2.01689712667475,count,false,1
reut2-009.sgm-669.txt,2.01689712667475,count,true,1
reut2-009.sgm-669.txt,2.01689712667475,gfidf,false,1
reut2-009.sgm-669.txt,2.01689712667475,gfidf,true,1
reut2-009.sgm-669.txt,2.01689712667475,idf,false,1
reut2-009.sgm-669.txt,2.01689712667475,idf,true,1
reut2-009.sgm-669.txt,2.01689712667475,logEntropy,false,1
reut2-009.sgm-669.txt,2.01689712667475,logEntropy,true,1
reut2-009.sgm-669.txt,2.01689712667475,normal,false,0
reut2-009.sgm-669.txt,2.01689712667475,normal,true,5
reut2-009.sgm-669.txt,2.01689712667475,tfidf,false,16
reut2-009.sgm-669.txt,2.01689712667475,tfidf,true,12
reut2-009.sgm-671.txt,0.0,binary,false,3
reut2-009.sgm-671.txt,0.0,binary,true,3
reut2-009.sgm-671.txt,0.0,count,false,0
reut2-009.sgm-671.txt,0.0,count,true,0
reut2-009.sgm-671.txt,0.0,gfidf,false,3
reut2-009.sgm-671.txt,0.0,gfidf,true,3
reut2-009.sgm-671.txt,0.0,idf,false,5
reut2-009.sgm-671.txt,0.0,idf,true,5
reut2-009.sgm-671.txt,0.0,logEntropy,false,3
reut2-009.sgm-671.txt,0.0,logEntropy,true,3
reut2-009.sgm-671.txt,0.0,normal,false,3
reut2-009.sgm-671.txt,0.0,normal,true,3
reut2-009.sgm-671.txt,0.0,tfidf,false,5
reut2-009.sgm-671.txt,0.0,tfidf,true,5
reut2-009.sgm-672.txt,0.0,binary,false,4
reut2-009.sgm-672.txt,0.0,binary,true,4
reut2-009.sgm-672.txt,0.0,count,false,12
reut2-009.sgm-672.txt,0.0,count,true,12
reut2-009.sgm-672.txt,0.0,gfidf,false,4
reut2-009.sgm-672.txt,0.0,gfidf,true,4
reut2-009.sgm-672.txt,0.0,idf,false,4
reut2-009.sgm-672.txt,0.0,idf,true,4
reut2-009.sgm-672.txt,0.0,logEntropy,false,4
reut2-009.sgm-672.txt,0.0,logEntropy,true,4
reut2-009.sgm-672.txt,0.0,normal,false,12
reut2-009.sgm-672.txt,0.0,normal,true,12
reut2-009.sgm-672.txt,0.0,tfidf,false,4
reut2-009.sgm-672.txt,0.0,tfidf,true,4
reut2-009.sgm-678.txt,2.561773379528545,binary,false,0
reut2-009.sgm-678.txt,2.561773379528545,binary,true,0
reut2-009.sgm-678.txt,2.561773379528545,count,false,33
reut2-009.sgm-678.txt,2.561773379528545,count,true,7
reut2-009.sgm-678.txt,2.561773379528545,gfidf,false,0
reut2-009.sgm-678.txt,2.561773379528545,gfidf,true,0
reut2-009.sgm-678.txt,2.561773379528545,idf,false,0
reut2-009.sgm-678.txt,2.561773379528545,idf,true,0
reut2-009.sgm-678.txt,2.561773379528545,logEntropy,false,0
reut2-009.sgm-678.txt,2.561773379528545,logEntropy,true,7
reut2-009.sgm-678.txt,2.561773379528545,normal,false,33
reut2-009.sgm-678.txt,2.561773379528545,normal,true,7
reut2-009.sgm-678.txt,2.561773379528545,tfidf,false,0
reut2-009.sgm-678.txt,2.561773379528545,tfidf,true,29
reut2-009.sgm-68.txt,2.101513277306439,binary,false,14
reut2-009.sgm-68.txt,2.101513277306439,binary,true,14
reut2-009.sgm-68.txt,2.101513277306439,count,false,14
reut2-009.sgm-68.txt,2.101513277306439,count,true,14
reut2-009.sgm-68.txt,2.101513277306439,gfidf,false,14
reut2-009.sgm-68.txt,2.101513277306439,gfidf,true,14
reut2-009.sgm-68.txt,2.101513277306439,idf,false,14
reut2-009.sgm-68.txt,2.101513277306439,idf,true,14
reut2-009.sgm-68.txt,2.101513277306439,logEntropy,false,14
reut2-009.sgm-68.txt,2.101513277306439,logEntropy,true,14
reut2-009.sgm-68.txt,2.101513277306439,normal,false,14
reut2-009.sgm-68.txt,2.101513277306439,normal,true,14
reut2-009.sgm-68.txt,2.101513277306439,tfidf,false,16
reut2-009.sgm-68.txt,2.101513277306439,tfidf,true,0
reut2-009.sgm-686.txt,0.0,binary,false,6
reut2-009.sgm-686.txt,0.0,binary,true,10
reut2-009.sgm-686.txt,0.0,count,false,8
reut2-009.sgm-686.txt,0.0,count,true,8
reut2-009.sgm-686.txt,0.0,gfidf,false,4
reut2-009.sgm-686.txt,0.0,gfidf,true,8
reut2-009.sgm-686.txt,0.0,idf,false,6
reut2-009.sgm-686.txt,0.0,idf,true,8
reut2-009.sgm-686.txt,0.0,logEntropy,false,8
reut2-009.sgm-686.txt,0.0,logEntropy,true,8
reut2-009.sgm-686.txt,0.0,normal,false,4
reut2-009.sgm-686.txt,0.0,normal,true,5
reut2-009.sgm-686.txt,0.0,tfidf,false,6
reut2-009.sgm-686.txt,0.0,tfidf,true,8
reut2-009.sgm-687.txt,0.0,binary,false,3
reut2-009.sgm-687.txt,0.0,binary,true,3
reut2-009.sgm-687.txt,0.0,count,false,3
reut2-009.sgm-687.txt,0.0,count,true,3
reut2-009.sgm-687.txt,0.0,gfidf,false,3
reut2-009.sgm-687.txt,0.0,gfidf,true,3
reut2-009.sgm-687.txt,0.0,idf,false,7
reut2-009.sgm-687.txt,0.0,idf,true,16
reut2-009.sgm-687.txt,0.0,logEntropy,false,3
reut2-009.sgm-687.txt,0.0,logEntropy,true,3
reut2-009.sgm-687.txt,0.0,normal,false,3
reut2-009.sgm-687.txt,0.0,normal,true,3
reut2-009.sgm-687.txt,0.0,tfidf,false,7
reut2-009.sgm-687.txt,0.0,tfidf,true,3
reut2-009.sgm-688.txt,1.8114473285278132,binary,false,10
reut2-009.sgm-688.txt,1.8114473285278132,binary,true,10
reut2-009.sgm-688.txt,1.8114473285278132,count,false,10
reut2-009.sgm-688.txt,1.8114473285278132,count,true,10
reut2-009.sgm-688.txt,1.8114473285278132,gfidf,false,10
reut2-009.sgm-688.txt,1.8114473285278132,gfidf,true,10
reut2-009.sgm-688.txt,1.8114473285278132,idf,false,10
reut2-009.sgm-688.txt,1.8114473285278132,idf,true,10
reut2-009.sgm-688.txt,1.8114473285278132,logEntropy,false,10
reut2-009.sgm-688.txt,1.8114473285278132,logEntropy,true,10
reut2-009.sgm-688.txt,1.8114473285278132,normal,false,10
reut2-009.sgm-688.txt,1.8114473285278132,normal,true,10
reut2-009.sgm-688.txt,1.8114473285278132,tfidf,false,10
reut2-009.sgm-688.txt,1.8114473285278132,tfidf,true,10
reut2-009.sgm-690.txt,0.0,binary,false,12
reut2-009.sgm-690.txt,0.0,binary,true,12
reut2-009.sgm-690.txt,0.0,count,false,12
reut2-009.sgm-690.txt,0.0,count,true,12
reut2-009.sgm-690.txt,0.0,gfidf,false,12
reut2-009.sgm-690.txt,0.0,gfidf,true,12
reut2-009.sgm-690.txt,0.0,idf,false,9
reut2-009.sgm-690.txt,0.0,idf,true,12
reut2-009.sgm-690.txt,0.0,logEntropy,false,12
reut2-009.sgm-690.txt,0.0,logEntropy,true,12
reut2-009.sgm-690.txt,0.0,normal,false,12
reut2-009.sgm-690.txt,0.0,normal,true,12
reut2-009.sgm-690.txt,0.0,tfidf,false,9
reut2-009.sgm-690.txt,0.0,tfidf,true,12
reut2-009.sgm-700.txt,2.0,binary,false,1
reut2-009.sgm-700.txt,2.0,binary,true,1
reut2-009.sgm-700.txt,2.0,count,false,1
reut2-009.sgm-700.txt,2.0,count,true,1
reut2-009.sgm-700.txt,2.0,gfidf,false,1
reut2-009.sgm-700.txt,2.0,gfidf,true,1
reut2-009.sgm-700.txt,2.0,idf,false,1
reut2-009.sgm-700.txt,2.0,idf,true,1
reut2-009.sgm-700.txt,2.0,logEntropy,false,1
reut2-009.sgm-700.txt,2.0,logEntropy,true,1
reut2-009.sgm-700.txt,2.0,normal,false,1
reut2-009.sgm-700.txt,2.0,normal,true,1
reut2-009.sgm-700.txt,2.0,tfidf,false,1
reut2-009.sgm-700.txt,2.0,tfidf,true,1
reut2-009.sgm-703.txt,4.0,binary,false,0
reut2-009.sgm-703.txt,4.0,binary,true,0
reut2-009.sgm-703.txt,4.0,count,false,0
reut2-009.sgm-703.txt,4.0,count,true,0
reut2-009.sgm-703.txt,4.0,gfidf,false,0
reut2-009.sgm-703.txt,4.0,gfidf,true,0
reut2-009.sgm-703.txt,4.0,idf,false,0
reut2-009.sgm-703.txt,4.0,idf,true,0
reut2-009.sgm-703.txt,4.0,logEntropy,false,0
reut2-009.sgm-703.txt,4.0,logEntropy,true,0
reut2-009.sgm-703.txt,4.0,normal,false,0
reut2-009.sgm-703.txt,4.0,normal,true,0
reut2-009.sgm-703.txt,4.0,tfidf,false,0
reut2-009.sgm-703.txt,4.0,tfidf,true,0
reut2-009.sgm-705.txt,0.0,binary,false,12
reut2-009.sgm-705.txt,0.0,binary,true,7
reut2-009.sgm-705.txt,0.0,count,false,7
reut2-009.sgm-705.txt,0.0,count,true,7
reut2-009.sgm-705.txt,0.0,gfidf,false,7
reut2-009.sgm-705.txt,0.0,gfidf,true,7
reut2-009.sgm-705.txt,0.0,idf,false,12
reut2-009.sgm-705.txt,0.0,idf,true,7
reut2-009.sgm-705.txt,0.0,logEntropy,false,7
reut2-009.sgm-705.txt,0.0,logEntropy,true,7
reut2-009.sgm-705.txt,0.0,normal,false,17
reut2-009.sgm-705.txt,0.0,normal,true,17
reut2-009.sgm-705.txt,0.0,tfidf,false,7
reut2-009.sgm-705.txt,0.0,tfidf,true,7
reut2-009.sgm-713.txt,1.9339711753480695,binary,false,15
reut2-009.sgm-713.txt,1.9339711753480695,binary,true,4
reut2-009.sgm-713.txt,1.9339711753480695,count,false,0
reut2-009.sgm-713.txt,1.9339711753480695,count,true,0
reut2-009.sgm-713.txt,1.9339711753480695,gfidf,false,15
reut2-009.sgm-713.txt,1.9339711753480695,gfidf,true,4
reut2-009.sgm-713.txt,1.9339711753480695,idf,false,8
reut2-009.sgm-713.txt,1.9339711753480695,idf,true,0
reut2-009.sgm-713.txt,1.9339711753480695,logEntropy,false,15
reut2-009.sgm-713.txt,1.9339711753480695,logEntropy,true,4
reut2-009.sgm-713.txt,1.9339711753480695,normal,false,1
reut2-009.sgm-713.txt,1.9339711753480695,normal,true,4
reut2-009.sgm-713.txt,1.9339711753480695,tfidf,false,8
reut2-009.sgm-713.txt,1.9339711753480695,tfidf,true,0
reut2-009.sgm-716.txt,0.0,binary,false,31
reut2-009.sgm-716.txt,0.0,binary,true,4
reut2-009.sgm-716.txt,0.0,count,false,1
reut2-009.sgm-716.txt,0.0,count,true,1
reut2-009.sgm-716.txt,0.0,gfidf,false,31
reut2-009.sgm-716.txt,0.0,gfidf,true,19
reut2-009.sgm-716.txt,0.0,idf,false,31
reut2-009.sgm-716.txt,0.0,idf,true,19
reut2-009.sgm-716.txt,0.0,logEntropy,false,31
reut2-009.sgm-716.txt,0.0,logEntropy,true,1
reut2-009.sgm-716.txt,0.0,normal,false,1
reut2-009.sgm-716.txt,0.0,normal,true,1
reut2-009.sgm-716.txt,0.0,tfidf,false,31
reut2-009.sgm-716.txt,0.0,tfidf,true,22
reut2-009.sgm-721.txt,0.0,binary,false,6
reut2-009.sgm-721.txt,0.0,binary,true,10
reut2-009.sgm-721.txt,0.0,count,false,6
reut2-009.sgm-721.txt,0.0,count,true,26
reut2-009.sgm-721.txt,0.0,gfidf,false,6
reut2-009.sgm-721.txt,0.0,gfidf,true,10
reut2-009.sgm-721.txt,0.0,idf,false,6
reut2-009.sgm-721.txt,0.0,idf,true,6
reut2-009.sgm-721.txt,0.0,logEntropy,false,6
reut2-009.sgm-721.txt,0.0,logEntropy,true,10
reut2-009.sgm-721.txt,0.0,normal,false,13
reut2-009.sgm-721.txt,0.0,normal,true,22
reut2-009.sgm-721.txt,0.0,tfidf,false,6
reut2-009.sgm-721.txt,0.0,tfidf,true,6
reut2-009.sgm-731.txt,0.0,binary,false,11
reut2-009.sgm-731.txt,0.0,binary,true,11
reut2-009.sgm-731.txt,0.0,count,false,17
reut2-009.sgm-731.txt,0.0,count,true,11
reut2-009.sgm-731.txt,0.0,gfidf,false,11
reut2-009.sgm-731.txt,0.0,gfidf,true,11
reut2-009.sgm-731.txt,0.0,idf,false,11
reut2-009.sgm-731.txt,0.0,idf,true,11
reut2-009.sgm-731.txt,0.0,logEntropy,false,11
reut2-009.sgm-731.txt,0.0,logEntropy,true,11
reut2-009.sgm-731.txt,0.0,normal,false,7
reut2-009.sgm-731.txt,0.0,normal,true,7
reut2-009.sgm-731.txt,0.0,tfidf,false,14
reut2-009.sgm-731.txt,0.0,tfidf,true,11
reut2-009.sgm-732.txt,0.0,binary,false,35
reut2-009.sgm-732.txt,0.0,binary,true,35
reut2-009.sgm-732.txt,0.0,count,false,35
reut2-009.sgm-732.txt,0.0,count,true,35
reut2-009.sgm-732.txt,0.0,gfidf,false,35
reut2-009.sgm-732.txt,0.0,gfidf,true,35
reut2-009.sgm-732.txt,0.0,idf,false,35
reut2-009.sgm-732.txt,0.0,idf,true,35
reut2-009.sgm-732.txt,0.0,logEntropy,false,35
reut2-009.sgm-732.txt,0.0,logEntropy,true,35
reut2-009.sgm-732.txt,0.0,normal,false,24
reut2-009.sgm-732.txt,0.0,normal,true,33
reut2-009.sgm-732.txt,0.0,tfidf,false,35
reut2-009.sgm-732.txt,0.0,tfidf,true,35
reut2-009.sgm-733.txt,0.0,binary,false,17
reut2-009.sgm-733.txt,0.0,binary,true,17
reut2-009.sgm-733.txt,0.0,count,false,5
reut2-009.sgm-733.txt,0.0,count,true,5
reut2-009.sgm-733.txt,0.0,gfidf,false,17
reut2-009.sgm-733.txt,0.0,gfidf,true,19
reut2-009.sgm-733.txt,0.0,idf,false,10
reut2-009.sgm-733.txt,0.0,idf,true,17
reut2-009.sgm-733.txt,0.0,logEntropy,false,17
reut2-009.sgm-733.txt,0.0,logEntropy,true,17
reut2-009.sgm-733.txt,0.0,normal,false,17
reut2-009.sgm-733.txt,0.0,normal,true,17
reut2-009.sgm-733.txt,0.0,tfidf,false,10
reut2-009.sgm-733.txt,0.0,tfidf,true,19
reut2-009.sgm-748.txt,0.0,binary,false,23
reut2-009.sgm-748.txt,0.0,binary,true,0
reut2-009.sgm-748.txt,0.0,count,false,19
reut2-009.sgm-748.txt,0.0,count,true,19
reut2-009.sgm-748.txt,0.0,gfidf,false,11
reut2-009.sgm-748.txt,0.0,gfidf,true,11
reut2-009.sgm-748.txt,0.0,idf,false,23
reut2-009.sgm-748.txt,0.0,idf,true,20
reut2-009.sgm-748.txt,0.0,logEntropy,false,19
reut2-009.sgm-748.txt,0.0,logEntropy,true,19
reut2-009.sgm-748.txt,0.0,normal,false,15
reut2-009.sgm-748.txt,0.0,normal,true,0
reut2-009.sgm-748.txt,0.0,tfidf,false,23
reut2-009.sgm-748.txt,0.0,tfidf,true,11
reut2-009.sgm-75.txt,0.0,binary,false,24
reut2-009.sgm-75.txt,0.0,binary,true,18
reut2-009.sgm-75.txt,0.0,count,false,27
reut2-009.sgm-75.txt,0.0,count,true,27
reut2-009.sgm-75.txt,0.0,gfidf,false,24
reut2-009.sgm-75.txt,0.0,gfidf,true,18
reut2-009.sgm-75.txt,0.0,idf,false,24
reut2-009.sgm-75.txt,0.0,idf,true,7
reut2-009.sgm-75.txt,0.0,logEntropy,false,24
reut2-009.sgm-75.txt,0.0,logEntropy,true,18
reut2-009.sgm-75.txt,0.0,normal,false,21
reut2-009.sgm-75.txt,0.0,normal,true,21
reut2-009.sgm-75.txt,0.0,tfidf,false,7
reut2-009.sgm-75.txt,0.0,tfidf,true,7
reut2-009.sgm-753.txt,2.6918003852647123,binary,false,0
reut2-009.sgm-753.txt,2.6918003852647123,binary,true,0
reut2-009.sgm-753.txt,2.6918003852647123,count,false,8
reut2-009.sgm-753.txt,2.6918003852647123,count,true,8
reut2-009.sgm-753.txt,2.6918003852647123,gfidf,false,6
reut2-009.sgm-753.txt,2.6918003852647123,gfidf,true,0
reut2-009.sgm-753.txt,2.6918003852647123,idf,false,6
reut2-009.sgm-753.txt,2.6918003852647123,idf,true,0
reut2-009.sgm-753.txt,2.6918003852647123,logEntropy,false,8
reut2-009.sgm-753.txt,2.6918003852647123,logEntropy,true,8
reut2-009.sgm-753.txt,2.6918003852647123,normal,false,0
reut2-009.sgm-753.txt,2.6918003852647123,normal,true,0
reut2-009.sgm-753.txt,2.6918003852647123,tfidf,false,6
reut2-009.sgm-753.txt,2.6918003852647123,tfidf,true,0
reut2-009.sgm-757.txt,0.0,binary,false,31
reut2-009.sgm-757.txt,0.0,binary,true,31
reut2-009.sgm-757.txt,0.0,count,false,31
reut2-009.sgm-757.txt,0.0,count,true,31
reut2-009.sgm-757.txt,0.0,gfidf,false,31
reut2-009.sgm-757.txt,0.0,gfidf,true,31
reut2-009.sgm-757.txt,0.0,idf,false,31
reut2-009.sgm-757.txt,0.0,idf,true,31
reut2-009.sgm-757.txt,0.0,logEntropy,false,31
reut2-009.sgm-757.txt,0.0,logEntropy,true,31
reut2-009.sgm-757.txt,0.0,normal,false,0
reut2-009.sgm-757.txt,0.0,normal,true,1
reut2-009.sgm-757.txt,0.0,tfidf,false,31
reut2-009.sgm-757.txt,0.0,tfidf,true,1
reut2-009.sgm-758.txt,0.0,binary,false,0
reut2-009.sgm-758.txt,0.0,binary,true,24
reut2-009.sgm-758.txt,0.0,count,false,21
reut2-009.sgm-758.txt,0.0,count,true,21
reut2-009.sgm-758.txt,0.0,gfidf,false,0
reut2-009.sgm-758.txt,0.0,gfidf,true,7
reut2-009.sgm-758.txt,0.0,idf,false,24
reut2-009.sgm-758.txt,0.0,idf,true,24
reut2-009.sgm-758.txt,0.0,logEntropy,false,0
reut2-009.sgm-758.txt,0.0,logEntropy,true,24
reut2-009.sgm-758.txt,0.0,normal,false,0
reut2-009.sgm-758.txt,0.0,normal,true,0
reut2-009.sgm-758.txt,0.0,tfidf,false,24
reut2-009.sgm-758.txt,0.0,tfidf,true,24
reut2-009.sgm-759.txt,0.0,binary,false,12
reut2-009.sgm-759.txt,0.0,binary,true,11
reut2-009.sgm-759.txt,0.0,count,false,12
reut2-009.sgm-759.txt,0.0,count,true,12
reut2-009.sgm-759.txt,0.0,gfidf,false,12
reut2-009.sgm-759.txt,0.0,gfidf,true,12
reut2-009.sgm-759.txt,0.0,idf,false,12
reut2-009.sgm-759.txt,0.0,idf,true,11
reut2-009.sgm-759.txt,0.0,logEntropy,false,12
reut2-009.sgm-759.txt,0.0,logEntropy,true,12
reut2-009.sgm-759.txt,0.0,normal,false,12
reut2-009.sgm-759.txt,0.0,normal,true,12
reut2-009.sgm-759.txt,0.0,tfidf,false,1
reut2-009.sgm-759.txt,0.0,tfidf,true,1
reut2-009.sgm-760.txt,0.0,binary,false,6
reut2-009.sgm-760.txt,0.0,binary,true,6
reut2-009.sgm-760.txt,0.0,count,false,3
reut2-009.sgm-760.txt,0.0,count,true,3
reut2-009.sgm-760.txt,0.0,gfidf,false,11
reut2-009.sgm-760.txt,0.0,gfidf,true,11
reut2-009.sgm-760.txt,0.0,idf,false,14
reut2-009.sgm-760.txt,0.0,idf,true,6
reut2-009.sgm-760.txt,0.0,logEntropy,false,3
reut2-009.sgm-760.txt,0.0,logEntropy,true,3
reut2-009.sgm-760.txt,0.0,normal,false,11
reut2-009.sgm-760.txt,0.0,normal,true,11
reut2-009.sgm-760.txt,0.0,tfidf,false,14
reut2-009.sgm-760.txt,0.0,tfidf,true,6
reut2-009.sgm-763.txt,0.0,binary,false,9
reut2-009.sgm-763.txt,0.0,binary,true,4
reut2-009.sgm-763.txt,0.0,count,false,25
reut2-009.sgm-763.txt,0.0,count,true,25
reut2-009.sgm-763.txt,0.0,gfidf,false,4
reut2-009.sgm-763.txt,0.0,gfidf,true,4
reut2-009.sgm-763.txt,0.0,idf,false,9
reut2-009.sgm-763.txt,0.0,idf,true,4
reut2-009.sgm-763.txt,0.0,logEntropy,false,25
reut2-009.sgm-763.txt,0.0,logEntropy,true,25
reut2-009.sgm-763.txt,0.0,normal,false,28
reut2-009.sgm-763.txt,0.0,normal,true,28
reut2-009.sgm-763.txt,0.0,tfidf,false,9
reut2-009.sgm-763.txt,0.0,tfidf,true,12
reut2-009.sgm-768.txt,0.0,binary,false,3
reut2-009.sgm-768.txt,0.0,binary,true,5
reut2-009.sgm-768.txt,0.0,count,false,5
reut2-009.sgm-768.txt,0.0,count,true,5
reut2-009.sgm-768.txt,0.0,gfidf,false,5
reut2-009.sgm-768.txt,0.0,gfidf,true,5
reut2-009.sgm-768.txt,0.0,idf,false,3
reut2-009.sgm-768.txt,0.0,idf,true,3
reut2-009.sgm-768.txt,0.0,logEntropy,false,5
reut2-009.sgm-768.txt,0.0,logEntropy,true,5
reut2-009.sgm-768.txt,0.0,normal,false,5
reut2-009.sgm-768.txt,0.0,normal,true,5
reut2-009.sgm-768.txt,0.0,tfidf,false,3
reut2-009.sgm-768.txt,0.0,tfidf,true,3
reut2-009.sgm-769.txt,0.0,binary,false,5
reut2-009.sgm-769.txt,0.0,binary,true,5
reut2-009.sgm-769.txt,0.0,count,false,5
reut2-009.sgm-769.txt,0.0,count,true,5
reut2-009.sgm-769.txt,0.0,gfidf,false,5
reut2-009.sgm-769.txt,0.0,gfidf,true,5
reut2-009.sgm-769.txt,0.0,idf,false,5
reut2-009.sgm-769.txt,0.0,idf,true,5
reut2-009.sgm-769.txt,0.0,logEntropy,false,5
reut2-009.sgm-769.txt,0.0,logEntropy,true,5
reut2-009.sgm-769.txt,0.0,normal,false,7
reut2-009.sgm-769.txt,0.0,normal,true,5
reut2-009.sgm-769.txt,0.0,tfidf,false,5
reut2-009.sgm-769.txt,0.0,tfidf,true,5
reut2-009.sgm-773.txt,0.0,binary,false,1
reut2-009.sgm-773.txt,0.0,binary,true,1
reut2-009.sgm-773.txt,0.0,count,false,11
reut2-009.sgm-773.txt,0.0,count,true,11
reut2-009.sgm-773.txt,0.0,gfidf,false,1
reut2-009.sgm-773.txt,0.0,gfidf,true,3
reut2-009.sgm-773.txt,0.0,idf,false,1
reut2-009.sgm-773.txt,0.0,idf,true,1
reut2-009.sgm-773.txt,0.0,logEntropy,false,11
reut2-009.sgm-773.txt,0.0,logEntropy,true,11
reut2-009.sgm-773.txt,0.0,normal,false,0
reut2-009.sgm-773.txt,0.0,normal,true,0
reut2-009.sgm-773.txt,0.0,tfidf,false,1
reut2-009.sgm-773.txt,0.0,tfidf,true,1
reut2-009.sgm-781.txt,0.0,binary,false,5
reut2-009.sgm-781.txt,0.0,binary,true,5
reut2-009.sgm-781.txt,0.0,count,false,5
reut2-009.sgm-781.txt,0.0,count,true,0
reut2-009.sgm-781.txt,0.0,gfidf,false,5
reut2-009.sgm-781.txt,0.0,gfidf,true,5
reut2-009.sgm-781.txt,0.0,idf,false,11
reut2-009.sgm-781.txt,0.0,idf,true,11
reut2-009.sgm-781.txt,0.0,logEntropy,false,5
reut2-009.sgm-781.txt,0.0,logEntropy,true,5
reut2-009.sgm-781.txt,0.0,normal,false,5
reut2-009.sgm-781.txt,0.0,normal,true,5
reut2-009.sgm-781.txt,0.0,tfidf,false,11
reut2-009.sgm-781.txt,0.0,tfidf,true,11
reut2-009.sgm-783.txt,0.0,binary,false,4
reut2-009.sgm-783.txt,0.0,binary,true,4
reut2-009.sgm-783.txt,0.0,count,false,4
reut2-009.sgm-783.txt,0.0,count,true,4
reut2-009.sgm-783.txt,0.0,gfidf,false,4
reut2-009.sgm-783.txt,0.0,gfidf,true,4
reut2-009.sgm-783.txt,0.0,idf,false,4
reut2-009.sgm-783.txt,0.0,idf,true,4
reut2-009.sgm-783.txt,0.0,logEntropy,false,4
reut2-009.sgm-783.txt,0.0,logEntropy,true,4
reut2-009.sgm-783.txt,0.0,normal,false,15
reut2-009.sgm-783.txt,0.0,normal,true,2
reut2-009.sgm-783.txt,0.0,tfidf,false,4
reut2-009.sgm-783.txt,0.0,tfidf,true,4
reut2-009.sgm-787.txt,0.0,binary,false,12
reut2-009.sgm-787.txt,0.0,binary,true,4
reut2-009.sgm-787.txt,0.0,count,false,12
reut2-009.sgm-787.txt,0.0,count,true,12
reut2-009.sgm-787.txt,0.0,gfidf,false,12
reut2-009.sgm-787.txt,0.0,gfidf,true,16
reut2-009.sgm-787.txt,0.0,idf,false,10
reut2-009.sgm-787.txt,0.0,idf,true,4
reut2-009.sgm-787.txt,0.0,logEntropy,false,12
reut2-009.sgm-787.txt,0.0,logEntropy,true,12
reut2-009.sgm-787.txt,0.0,normal,false,0
reut2-009.sgm-787.txt,0.0,normal,true,0
reut2-009.sgm-787.txt,0.0,tfidf,false,10
reut2-009.sgm-787.txt,0.0,tfidf,true,7
reut2-009.sgm-792.txt,0.0,binary,false,1
reut2-009.sgm-792.txt,0.0,binary,true,0
reut2-009.sgm-792.txt,0.0,count,false,1
reut2-009.sgm-792.txt,0.0,count,true,0
reut2-009.sgm-792.txt,0.0,gfidf,false,1
reut2-009.sgm-792.txt,0.0,gfidf,true,0
reut2-009.sgm-792.txt,0.0,idf,false,10
reut2-009.sgm-792.txt,0.0,idf,true,0
reut2-009.sgm-792.txt,0.0,logEntropy,false,1
reut2-009.sgm-792.txt,0.0,logEntropy,true,0
reut2-009.sgm-792.txt,0.0,normal,false,1
reut2-009.sgm-792.txt,0.0,normal,true,1
reut2-009.sgm-792.txt,0.0,tfidf,false,10
reut2-009.sgm-792.txt,0.0,tfidf,true,5
reut2-009.sgm-795.txt,1.9339711753480695,binary,false,15
reut2-009.sgm-795.txt,1.9339711753480695,binary,true,4
reut2-009.sgm-795.txt,1.9339711753480695,count,false,0
reut2-009.sgm-795.txt,1.9339711753480695,count,true,0
reut2-009.sgm-795.txt,1.9339711753480695,gfidf,false,15
reut2-009.sgm-795.txt,1.9339711753480695,gfidf,true,4
reut2-009.sgm-795.txt,1.9339711753480695,idf,false,8
reut2-009.sgm-795.txt,1.9339711753480695,idf,true,0
reut2-009.sgm-795.txt,1.9339711753480695,logEntropy,false,15
reut2-009.sgm-795.txt,1.9339711753480695,logEntropy,true,4
reut2-009.sgm-795.txt,1.9339711753480695,normal,false,1
reut2-009.sgm-795.txt,1.9339711753480695,normal,true,4
reut2-009.sgm-795.txt,1.9339711753480695,tfidf,false,8
reut2-009.sgm-795.txt,1.9339711753480695,tfidf,true,0
reut2-009.sgm-834.txt,0.0,binary,false,4
reut2-009.sgm-834.txt,0.0,binary,true,31
reut2-009.sgm-834.txt,0.0,count,false,4
reut2-009.sgm-834.txt,0.0,count,true,4
reut2-009.sgm-834.txt,0.0,gfidf,false,4
reut2-009.sgm-834.txt,0.0,gfidf,true,31
reut2-009.sgm-834.txt,0.0,idf,false,4
reut2-009.sgm-834.txt,0.0,idf,true,31
reut2-009.sgm-834.txt,0.0,logEntropy,false,4
reut2-009.sgm-834.txt,0.0,logEntropy,true,31
reut2-009.sgm-834.txt,0.0,normal,false,4
reut2-009.sgm-834.txt,0.0,normal,true,31
reut2-009.sgm-834.txt,0.0,tfidf,false,10
reut2-009.sgm-834.txt,0.0,tfidf,true,8
reut2-009.sgm-847.txt,0.0,binary,false,4
reut2-009.sgm-847.txt,0.0,binary,true,4
reut2-009.sgm-847.txt,0.0,count,false,29
reut2-009.sgm-847.txt,0.0,count,true,4
reut2-009.sgm-847.txt,0.0,gfidf,false,4
reut2-009.sgm-847.txt,0.0,gfidf,true,1
reut2-009.sgm-847.txt,0.0,idf,false,4
reut2-009.sgm-847.txt,0.0,idf,true,4
reut2-009.sgm-847.txt,0.0,logEntropy,false,4
reut2-009.sgm-847.txt,0.0,logEntropy,true,4
reut2-009.sgm-847.txt,0.0,normal,false,15
reut2-009.sgm-847.txt,0.0,normal,true,1
reut2-009.sgm-847.txt,0.0,tfidf,false,4
reut2-009.sgm-847.txt,0.0,tfidf,true,4
reut2-009.sgm-872.txt,0.0,binary,false,1
reut2-009.sgm-872.txt,0.0,binary,true,1
reut2-009.sgm-872.txt,0.0,count,false,1
reut2-009.sgm-872.txt,0.0,count,true,1
reut2-009.sgm-872.txt,0.0,gfidf,false,1
reut2-009.sgm-872.txt,0.0,gfidf,true,1
reut2-009.sgm-872.txt,0.0,idf,false,1
reut2-009.sgm-872.txt,0.0,idf,true,1
reut2-009.sgm-872.txt,0.0,logEntropy,false,1
reut2-009.sgm-872.txt,0.0,logEntropy,true,1
reut2-009.sgm-872.txt,0.0,normal,false,8
reut2-009.sgm-872.txt,0.0,normal,true,13
reut2-009.sgm-872.txt,0.0,tfidf,false,1
reut2-009.sgm-872.txt,0.0,tfidf,true,1
reut2-009.sgm-898.txt,0.0,binary,false,1
reut2-009.sgm-898.txt,0.0,binary,true,1
reut2-009.sgm-898.txt,0.0,count,false,11
reut2-009.sgm-898.txt,0.0,count,true,11
reut2-009.sgm-898.txt,0.0,gfidf,false,1
reut2-009.sgm-898.txt,0.0,gfidf,true,9
reut2-009.sgm-898.txt,0.0,idf,false,1
reut2-009.sgm-898.txt,0.0,idf,true,1
reut2-009.sgm-898.txt,0.0,logEntropy,false,11
reut2-009.sgm-898.txt,0.0,logEntropy,true,11
reut2-009.sgm-898.txt,0.0,normal,false,9
reut2-009.sgm-898.txt,0.0,normal,true,9
reut2-009.sgm-898.txt,0.0,tfidf,false,1
reut2-009.sgm-898.txt,0.0,tfidf,true,1
reut2-009.sgm-922.txt,3.8083611513601956,binary,false,0
reut2-009.sgm-922.txt,3.8083611513601956,binary,true,0
reut2-009.sgm-922.txt,3.8083611513601956,count,false,3
reut2-009.sgm-922.txt,3.8083611513601956,count,true,1
reut2-009.sgm-922.txt,3.8083611513601956,gfidf,false,0
reut2-009.sgm-922.txt,3.8083611513601956,gfidf,true,0
reut2-009.sgm-922.txt,3.8083611513601956,idf,false,0
reut2-009.sgm-922.txt,3.8083611513601956,idf,true,0
reut2-009.sgm-922.txt,3.8083611513601956,logEntropy,false,0
reut2-009.sgm-922.txt,3.8083611513601956,logEntropy,true,0
reut2-009.sgm-922.txt,3.8083611513601956,normal,false,12
reut2-009.sgm-922.txt,3.8083611513601956,normal,true,0
reut2-009.sgm-922.txt,3.8083611513601956,tfidf,false,1
reut2-009.sgm-922.txt,3.8083611513601956,tfidf,true,1
reut2-009.sgm-945.txt,0.0,binary,false,0
reut2-009.sgm-945.txt,0.0,binary,true,0
reut2-009.sgm-945.txt,0.0,count,false,0
reut2-009.sgm-945.txt,0.0,count,true,0
reut2-009.sgm-945.txt,0.0,gfidf,false,0
reut2-009.sgm-945.txt,0.0,gfidf,true,0
reut2-009.sgm-945.txt,0.0,idf,false,15
reut2-009.sgm-945.txt,0.0,idf,true,0
reut2-009.sgm-945.txt,0.0,logEntropy,false,0
reut2-009.sgm-945.txt,0.0,logEntropy,true,0
reut2-009.sgm-945.txt,0.0,normal,false,0
reut2-009.sgm-945.txt,0.0,normal,true,0
reut2-009.sgm-945.txt,0.0,tfidf,false,15
reut2-009.sgm-945.txt,0.0,tfidf,true,16
reut2-009.sgm-968.txt,0.0,binary,false,3
reut2-009.sgm-968.txt,0.0,binary,true,5
reut2-009.sgm-968.txt,0.0,count,false,5
reut2-009.sgm-968.txt,0.0,count,true,5
reut2-009.sgm-968.txt,0.0,gfidf,false,5
reut2-009.sgm-968.txt,0.0,gfidf,true,5
reut2-009.sgm-968.txt,0.0,idf,false,11
reut2-009.sgm-968.txt,0.0,idf,true,5
reut2-009.sgm-968.txt,0.0,logEntropy,false,5
reut2-009.sgm-968.txt,0.0,logEntropy,true,5
reut2-009.sgm-968.txt,0.0,normal,false,5
reut2-009.sgm-968.txt,0.0,normal,true,5
reut2-009.sgm-968.txt,0.0,tfidf,false,5
reut2-009.sgm-968.txt,0.0,tfidf,true,5
reut2-009.sgm-974.txt,0.0,binary,false,13
reut2-009.sgm-974.txt,0.0,binary,true,0
reut2-009.sgm-974.txt,0.0,count,false,13
reut2-009.sgm-974.txt,0.0,count,true,13
reut2-009.sgm-974.txt,0.0,gfidf,false,13
reut2-009.sgm-974.txt,0.0,gfidf,true,0
reut2-009.sgm-974.txt,0.0,idf,false,13
reut2-009.sgm-974.txt,0.0,idf,true,17
reut2-009.sgm-974.txt,0.0,logEntropy,false,13
reut2-009.sgm-974.txt,0.0,logEntropy,true,13
reut2-009.sgm-974.txt,0.0,normal,false,0
reut2-009.sgm-974.txt,0.0,normal,true,0
reut2-009.sgm-974.txt,0.0,tfidf,false,17
reut2-009.sgm-974.txt,0.0,tfidf,true,17
reut2-009.sgm-977.txt,0.0,binary,false,20
reut2-009.sgm-977.txt,0.0,binary,true,20
reut2-009.sgm-977.txt,0.0,count,false,19
reut2-009.sgm-977.txt,0.0,count,true,20
reut2-009.sgm-977.txt,0.0,gfidf,false,20
reut2-009.sgm-977.txt,0.0,gfidf,true,20
reut2-009.sgm-977.txt,0.0,idf,false,17
reut2-009.sgm-977.txt,0.0,idf,true,20
reut2-009.sgm-977.txt,0.0,logEntropy,false,20
reut2-009.sgm-977.txt,0.0,logEntropy,true,20
reut2-009.sgm-977.txt,0.0,normal,false,20
reut2-009.sgm-977.txt,0.0,normal,true,20
reut2-009.sgm-977.txt,0.0,tfidf,false,19
reut2-009.sgm-977.txt,0.0,tfidf,true,10
reut2-009.sgm-995.txt,0.0,binary,false,5
reut2-009.sgm-995.txt,0.0,binary,true,5
reut2-009.sgm-995.txt,0.0,count,false,5
reut2-009.sgm-995.txt,0.0,count,true,5
reut2-009.sgm-995.txt,0.0,gfidf,false,5
reut2-009.sgm-995.txt,0.0,gfidf,true,5
reut2-009.sgm-995.txt,0.0,idf,false,10
reut2-009.sgm-995.txt,0.0,idf,true,10
reut2-009.sgm-995.txt,0.0,logEntropy,false,5
reut2-009.sgm-995.txt,0.0,logEntropy,true,5
reut2-009.sgm-995.txt,0.0,normal,false,5
reut2-009.sgm-995.txt,0.0,normal,true,5
reut2-009.sgm-995.txt,0.0,tfidf,false,10
reut2-009.sgm-995.txt,0.0,tfidf,true,5
reut2-010.sgm-102.txt,0.0,binary,false,10
reut2-010.sgm-102.txt,0.0,binary,true,15
reut2-010.sgm-102.txt,0.0,count,false,15
reut2-010.sgm-102.txt,0.0,count,true,15
reut2-010.sgm-102.txt,0.0,gfidf,false,15
reut2-010.sgm-102.txt,0.0,gfidf,true,15
reut2-010.sgm-102.txt,0.0,idf,false,15
reut2-010.sgm-102.txt,0.0,idf,true,15
reut2-010.sgm-102.txt,0.0,logEntropy,false,15
reut2-010.sgm-102.txt,0.0,logEntropy,true,15
reut2-010.sgm-102.txt,0.0,normal,false,6
reut2-010.sgm-102.txt,0.0,normal,true,0
reut2-010.sgm-102.txt,0.0,tfidf,false,15
reut2-010.sgm-102.txt,0.0,tfidf,true,15
reut2-010.sgm-105.txt,0.0,binary,false,0
reut2-010.sgm-105.txt,0.0,binary,true,0
reut2-010.sgm-105.txt,0.0,count,false,0
reut2-010.sgm-105.txt,0.0,count,true,4
reut2-010.sgm-105.txt,0.0,gfidf,false,0
reut2-010.sgm-105.txt,0.0,gfidf,true,0
reut2-010.sgm-105.txt,0.0,idf,false,0
reut2-010.sgm-105.txt,0.0,idf,true,4
reut2-010.sgm-105.txt,0.0,logEntropy,false,0
reut2-010.sgm-105.txt,0.0,logEntropy,true,0
reut2-010.sgm-105.txt,0.0,normal,false,0
reut2-010.sgm-105.txt,0.0,normal,true,0
reut2-010.sgm-105.txt,0.0,tfidf,false,4
reut2-010.sgm-105.txt,0.0,tfidf,true,4
reut2-010.sgm-117.txt,1.7239456424939554,binary,false,9
reut2-010.sgm-117.txt,1.7239456424939554,binary,true,1
reut2-010.sgm-117.txt,1.7239456424939554,count,false,1
reut2-010.sgm-117.txt,1.7239456424939554,count,true,1
reut2-010.sgm-117.txt,1.7239456424939554,gfidf,false,9
reut2-010.sgm-117.txt,1.7239456424939554,gfidf,true,1
reut2-010.sgm-117.txt,1.7239456424939554,idf,false,9
reut2-010.sgm-117.txt,1.7239456424939554,idf,true,1
reut2-010.sgm-117.txt,1.7239456424939554,logEntropy,false,1
reut2-010.sgm-117.txt,1.7239456424939554,logEntropy,true,1
reut2-010.sgm-117.txt,1.7239456424939554,normal,false,1
reut2-010.sgm-117.txt,1.7239456424939554,normal,true,1
reut2-010.sgm-117.txt,1.7239456424939554,tfidf,false,9
reut2-010.sgm-117.txt,1.7239456424939554,tfidf,true,1
reut2-010.sgm-121.txt,0.0,binary,false,4
reut2-010.sgm-121.txt,0.0,binary,true,4
reut2-010.sgm-121.txt,0.0,count,false,4
reut2-010.sgm-121.txt,0.0,count,true,4
reut2-010.sgm-121.txt,0.0,gfidf,false,4
reut2-010.sgm-121.txt,0.0,gfidf,true,4
reut2-010.sgm-121.txt,0.0,idf,false,4
reut2-010.sgm-121.txt,0.0,idf,true,4
reut2-010.sgm-121.txt,0.0,logEntropy,false,4
reut2-010.sgm-121.txt,0.0,logEntropy,true,4
reut2-010.sgm-121.txt,0.0,normal,false,0
reut2-010.sgm-121.txt,0.0,normal,true,0
reut2-010.sgm-121.txt,0.0,tfidf,false,4
reut2-010.sgm-121.txt,0.0,tfidf,true,4
reut2-010.sgm-122.txt,0.0,binary,false,26
reut2-010.sgm-122.txt,0.0,binary,true,26
reut2-010.sgm-122.txt,0.0,count,false,26
reut2-010.sgm-122.txt,0.0,count,true,26
reut2-010.sgm-122.txt,0.0,gfidf,false,26
reut2-010.sgm-122.txt,0.0,gfidf,true,26
reut2-010.sgm-122.txt,0.0,idf,false,26
reut2-010.sgm-122.txt,0.0,idf,true,26
reut2-010.sgm-122.txt,0.0,logEntropy,false,26
reut2-010.sgm-122.txt,0.0,logEntropy,true,26
reut2-010.sgm-122.txt,0.0,normal,false,26
reut2-010.sgm-122.txt,0.0,normal,true,26
reut2-010.sgm-122.txt,0.0,tfidf,false,26
reut2-010.sgm-122.txt,0.0,tfidf,true,26
reut2-010.sgm-123.txt,0.0,binary,false,2
reut2-010.sgm-123.txt,0.0,binary,true,2
reut2-010.sgm-123.txt,0.0,count,false,0
reut2-010.sgm-123.txt,0.0,count,true,2
reut2-010.sgm-123.txt,0.0,gfidf,false,2
reut2-010.sgm-123.txt,0.0,gfidf,true,2
reut2-010.sgm-123.txt,0.0,idf,false,7
reut2-010.sgm-123.txt,0.0,idf,true,7
reut2-010.sgm-123.txt,0.0,logEntropy,false,2
reut2-010.sgm-123.txt,0.0,logEntropy,true,2
reut2-010.sgm-123.txt,0.0,normal,false,0
reut2-010.sgm-123.txt,0.0,normal,true,6
reut2-010.sgm-123.txt,0.0,tfidf,false,7
reut2-010.sgm-123.txt,0.0,tfidf,true,7
reut2-010.sgm-130.txt,0.0,binary,false,32
reut2-010.sgm-130.txt,0.0,binary,true,11
reut2-010.sgm-130.txt,0.0,count,false,32
reut2-010.sgm-130.txt,0.0,count,true,32
reut2-010.sgm-130.txt,0.0,gfidf,false,32
reut2-010.sgm-130.txt,0.0,gfidf,true,32
reut2-010.sgm-130.txt,0.0,idf,false,32
reut2-010.sgm-130.txt,0.0,idf,true,21
reut2-010.sgm-130.txt,0.0,logEntropy,false,32
reut2-010.sgm-130.txt,0.0,logEntropy,true,32
reut2-010.sgm-130.txt,0.0,normal,false,32
reut2-010.sgm-130.txt,0.0,normal,true,32
reut2-010.sgm-130.txt,0.0,tfidf,false,32
reut2-010.sgm-130.txt,0.0,tfidf,true,10
reut2-010.sgm-132.txt,0.0,binary,false,9
reut2-010.sgm-132.txt,0.0,binary,true,9
reut2-010.sgm-132.txt,0.0,count,false,9
reut2-010.sgm-132.txt,0.0,count,true,9
reut2-010.sgm-132.txt,0.0,gfidf,false,9
reut2-010.sgm-132.txt,0.0,gfidf,true,9
reut2-010.sgm-132.txt,0.0,idf,false,9
reut2-010.sgm-132.txt,0.0,idf,true,9
reut2-010.sgm-132.txt,0.0,logEntropy,false,9
reut2-010.sgm-132.txt,0.0,logEntropy,true,9
reut2-010.sgm-132.txt,0.0,normal,false,9
reut2-010.sgm-132.txt,0.0,normal,true,9
reut2-010.sgm-132.txt,0.0,tfidf,false,9
reut2-010.sgm-132.txt,0.0,tfidf,true,11
reut2-010.sgm-140.txt,3.1084739121474714,binary,false,5
reut2-010.sgm-140.txt,3.1084739121474714,binary,true,0
reut2-010.sgm-140.txt,3.1084739121474714,count,false,1
reut2-010.sgm-140.txt,3.1084739121474714,count,true,0
reut2-010.sgm-140.txt,3.1084739121474714,gfidf,false,5
reut2-010.sgm-140.txt,3.1084739121474714,gfidf,true,0
reut2-010.sgm-140.txt,3.1084739121474714,idf,false,5
reut2-010.sgm-140.txt,3.1084739121474714,idf,true,0
reut2-010.sgm-140.txt,3.1084739121474714,logEntropy,false,1
reut2-010.sgm-140.txt,3.1084739121474714,logEntropy,true,0
reut2-010.sgm-140.txt,3.1084739121474714,normal,false,1
reut2-010.sgm-140.txt,3.1084739121474714,normal,true,0
reut2-010.sgm-140.txt,3.1084739121474714,tfidf,false,0
reut2-010.sgm-140.txt,3.1084739121474714,tfidf,true,0
reut2-010.sgm-16.txt,0.0,binary,false,25
reut2-010.sgm-16.txt,0.0,binary,true,6
reut2-010.sgm-16.txt,0.0,count,false,25
reut2-010.sgm-16.txt,0.0,count,true,25
reut2-010.sgm-16.txt,0.0,gfidf,false,25
reut2-010.sgm-16.txt,0.0,gfidf,true,6
reut2-010.sgm-16.txt,0.0,idf,false,25
reut2-010.sgm-16.txt,0.0,idf,true,6
reut2-010.sgm-16.txt,0.0,logEntropy,false,25
reut2-010.sgm-16.txt,0.0,logEntropy,true,6
reut2-010.sgm-16.txt,0.0,normal,false,25
reut2-010.sgm-16.txt,0.0,normal,true,25
reut2-010.sgm-16.txt,0.0,tfidf,false,25
reut2-010.sgm-16.txt,0.0,tfidf,true,25
reut2-010.sgm-167.txt,0.0,binary,false,9
reut2-010.sgm-167.txt,0.0,binary,true,3
reut2-010.sgm-167.txt,0.0,count,false,6
reut2-010.sgm-167.txt,0.0,count,true,5
reut2-010.sgm-167.txt,0.0,gfidf,false,6
reut2-010.sgm-167.txt,0.0,gfidf,true,9
reut2-010.sgm-167.txt,0.0,idf,false,3
reut2-010.sgm-167.txt,0.0,idf,true,3
reut2-010.sgm-167.txt,0.0,logEntropy,false,6
reut2-010.sgm-167.txt,0.0,logEntropy,true,6
reut2-010.sgm-167.txt,0.0,normal,false,9
reut2-010.sgm-167.txt,0.0,normal,true,9
reut2-010.sgm-167.txt,0.0,tfidf,false,6
reut2-010.sgm-167.txt,0.0,tfidf,true,3
reut2-010.sgm-174.txt,0.0,binary,false,10
reut2-010.sgm-174.txt,0.0,binary,true,10
reut2-010.sgm-174.txt,0.0,count,false,12
reut2-010.sgm-174.txt,0.0,count,true,12
reut2-010.sgm-174.txt,0.0,gfidf,false,12
reut2-010.sgm-174.txt,0.0,gfidf,true,12
reut2-010.sgm-174.txt,0.0,idf,false,10
reut2-010.sgm-174.txt,0.0,idf,true,10
reut2-010.sgm-174.txt,0.0,logEntropy,false,12
reut2-010.sgm-174.txt,0.0,logEntropy,true,12
reut2-010.sgm-174.txt,0.0,normal,false,5
reut2-010.sgm-174.txt,0.0,normal,true,5
reut2-010.sgm-174.txt,0.0,tfidf,false,12
reut2-010.sgm-174.txt,0.0,tfidf,true,11
reut2-010.sgm-194.txt,0.0,binary,false,6
reut2-010.sgm-194.txt,0.0,binary,true,6
reut2-010.sgm-194.txt,0.0,count,false,11
reut2-010.sgm-194.txt,0.0,count,true,11
reut2-010.sgm-194.txt,0.0,gfidf,false,6
reut2-010.sgm-194.txt,0.0,gfidf,true,2
reut2-010.sgm-194.txt,0.0,idf,false,6
reut2-010.sgm-194.txt,0.0,idf,true,6
reut2-010.sgm-194.txt,0.0,logEntropy,false,11
reut2-010.sgm-194.txt,0.0,logEntropy,true,11
reut2-010.sgm-194.txt,0.0,normal,false,11
reut2-010.sgm-194.txt,0.0,normal,true,2
reut2-010.sgm-194.txt,0.0,tfidf,false,6
reut2-010.sgm-194.txt,0.0,tfidf,true,6
reut2-010.sgm-227.txt,0.0,binary,false,20
reut2-010.sgm-227.txt,0.0,binary,true,20
reut2-010.sgm-227.txt,0.0,count,false,8
reut2-010.sgm-227.txt,0.0,count,true,8
reut2-010.sgm-227.txt,0.0,gfidf,false,20
reut2-010.sgm-227.txt,0.0,gfidf,true,20
reut2-010.sgm-227.txt,0.0,idf,false,20
reut2-010.sgm-227.txt,0.0,idf,true,20
reut2-010.sgm-227.txt,0.0,logEntropy,false,20
reut2-010.sgm-227.txt,0.0,logEntropy,true,20
reut2-010.sgm-227.txt,0.0,normal,false,8
reut2-010.sgm-227.txt,0.0,normal,true,20
reut2-010.sgm-227.txt,0.0,tfidf,false,20
reut2-010.sgm-227.txt,0.0,tfidf,true,20
reut2-010.sgm-229.txt,0.0,binary,false,15
reut2-010.sgm-229.txt,0.0,binary,true,15
reut2-010.sgm-229.txt,0.0,count,false,15
reut2-010.sgm-229.txt,0.0,count,true,15
reut2-010.sgm-229.txt,0.0,gfidf,false,15
reut2-010.sgm-229.txt,0.0,gfidf,true,15
reut2-010.sgm-229.txt,0.0,idf,false,15
reut2-010.sgm-229.txt,0.0,idf,true,15
reut2-010.sgm-229.txt,0.0,logEntropy,false,15
reut2-010.sgm-229.txt,0.0,logEntropy,true,15
reut2-010.sgm-229.txt,0.0,normal,false,15
reut2-010.sgm-229.txt,0.0,normal,true,15
reut2-010.sgm-229.txt,0.0,tfidf,false,15
reut2-010.sgm-229.txt,0.0,tfidf,true,15
reut2-010.sgm-238.txt,0.0,binary,false,26
reut2-010.sgm-238.txt,0.0,binary,true,0
reut2-010.sgm-238.txt,0.0,count,false,26
reut2-010.sgm-238.txt,0.0,count,true,26
reut2-010.sgm-238.txt,0.0,gfidf,false,26
reut2-010.sgm-238.txt,0.0,gfidf,true,26
reut2-010.sgm-238.txt,0.0,idf,false,24
reut2-010.sgm-238.txt,0.0,idf,true,24
reut2-010.sgm-238.txt,0.0,logEntropy,false,26
reut2-010.sgm-238.txt,0.0,logEntropy,true,26
reut2-010.sgm-238.txt,0.0,normal,false,0
reut2-010.sgm-238.txt,0.0,normal,true,0
reut2-010.sgm-238.txt,0.0,tfidf,false,26
reut2-010.sgm-238.txt,0.0,tfidf,true,26
reut2-010.sgm-245.txt,0.0,binary,false,0
reut2-010.sgm-245.txt,0.0,binary,true,6
reut2-010.sgm-245.txt,0.0,count,false,0
reut2-010.sgm-245.txt,0.0,count,true,0
reut2-010.sgm-245.txt,0.0,gfidf,false,0
reut2-010.sgm-245.txt,0.0,gfidf,true,0
reut2-010.sgm-245.txt,0.0,idf,false,6
reut2-010.sgm-245.txt,0.0,idf,true,6
reut2-010.sgm-245.txt,0.0,logEntropy,false,0
reut2-010.sgm-245.txt,0.0,logEntropy,true,0
reut2-010.sgm-245.txt,0.0,normal,false,14
reut2-010.sgm-245.txt,0.0,normal,true,14
reut2-010.sgm-245.txt,0.0,tfidf,false,6
reut2-010.sgm-245.txt,0.0,tfidf,true,6
reut2-010.sgm-246.txt,0.0,binary,false,9
reut2-010.sgm-246.txt,0.0,binary,true,9
reut2-010.sgm-246.txt,0.0,count,false,9
reut2-010.sgm-246.txt,0.0,count,true,9
reut2-010.sgm-246.txt,0.0,gfidf,false,9
reut2-010.sgm-246.txt,0.0,gfidf,true,9
reut2-010.sgm-246.txt,0.0,idf,false,9
reut2-010.sgm-246.txt,0.0,idf,true,9
reut2-010.sgm-246.txt,0.0,logEntropy,false,9
reut2-010.sgm-246.txt,0.0,logEntropy,true,9
reut2-010.sgm-246.txt,0.0,normal,false,14
reut2-010.sgm-246.txt,0.0,normal,true,9
reut2-010.sgm-246.txt,0.0,tfidf,false,9
reut2-010.sgm-246.txt,0.0,tfidf,true,9
reut2-010.sgm-254.txt,0.0,binary,false,6
reut2-010.sgm-254.txt,0.0,binary,true,6
reut2-010.sgm-254.txt,0.0,count,false,6
reut2-010.sgm-254.txt,0.0,count,true,0
reut2-010.sgm-254.txt,0.0,gfidf,false,6
reut2-010.sgm-254.txt,0.0,gfidf,true,6
reut2-010.sgm-254.txt,0.0,idf,false,6
reut2-010.sgm-254.txt,0.0,idf,true,6
reut2-010.sgm-254.txt,0.0,logEntropy,false,6
reut2-010.sgm-254.txt,0.0,logEntropy,true,6
reut2-010.sgm-254.txt,0.0,normal,false,6
reut2-010.sgm-254.txt,0.0,normal,true,0
reut2-010.sgm-254.txt,0.0,tfidf,false,26
reut2-010.sgm-254.txt,0.0,tfidf,true,11
reut2-010.sgm-263.txt,0.0,binary,false,16
reut2-010.sgm-263.txt,0.0,binary,true,5
reut2-010.sgm-263.txt,0.0,count,false,16
reut2-010.sgm-263.txt,0.0,count,true,5
reut2-010.sgm-263.txt,0.0,gfidf,false,16
reut2-010.sgm-263.txt,0.0,gfidf,true,5
reut2-010.sgm-263.txt,0.0,idf,false,5
reut2-010.sgm-263.txt,0.0,idf,true,16
reut2-010.sgm-263.txt,0.0,logEntropy,false,5
reut2-010.sgm-263.txt,0.0,logEntropy,true,16
reut2-010.sgm-263.txt,0.0,normal,false,7
reut2-010.sgm-263.txt,0.0,normal,true,7
reut2-010.sgm-263.txt,0.0,tfidf,false,5
reut2-010.sgm-263.txt,0.0,tfidf,true,16
reut2-010.sgm-267.txt,0.0,binary,false,17
reut2-010.sgm-267.txt,0.0,binary,true,1
reut2-010.sgm-267.txt,0.0,count,false,17
reut2-010.sgm-267.txt,0.0,count,true,1
reut2-010.sgm-267.txt,0.0,gfidf,false,17
reut2-010.sgm-267.txt,0.0,gfidf,true,1
reut2-010.sgm-267.txt,0.0,idf,false,17
reut2-010.sgm-267.txt,0.0,idf,true,1
reut2-010.sgm-267.txt,0.0,logEntropy,false,17
reut2-010.sgm-267.txt,0.0,logEntropy,true,1
reut2-010.sgm-267.txt,0.0,normal,false,5
reut2-010.sgm-267.txt,0.0,normal,true,5
reut2-010.sgm-267.txt,0.0,tfidf,false,17
reut2-010.sgm-267.txt,0.0,tfidf,true,1
reut2-010.sgm-277.txt,0.0,binary,false,29
reut2-010.sgm-277.txt,0.0,binary,true,10
reut2-010.sgm-277.txt,0.0,count,false,29
reut2-010.sgm-277.txt,0.0,count,true,10
reut2-010.sgm-277.txt,0.0,gfidf,false,29
reut2-010.sgm-277.txt,0.0,gfidf,true,10
reut2-010.sgm-277.txt,0.0,idf,false,10
reut2-010.sgm-277.txt,0.0,idf,true,10
reut2-010.sgm-277.txt,0.0,logEntropy,false,29
reut2-010.sgm-277.txt,0.0,logEntropy,true,10
reut2-010.sgm-277.txt,0.0,normal,false,29
reut2-010.sgm-277.txt,0.0,normal,true,10
reut2-010.sgm-277.txt,0.0,tfidf,false,7
reut2-010.sgm-277.txt,0.0,tfidf,true,7
reut2-010.sgm-29.txt,2.0,binary,false,1
reut2-010.sgm-29.txt,2.0,binary,true,1
reut2-010.sgm-29.txt,2.0,count,false,1
reut2-010.sgm-29.txt,2.0,count,true,1
reut2-010.sgm-29.txt,2.0,gfidf,false,1
reut2-010.sgm-29.txt,2.0,gfidf,true,1
reut2-010.sgm-29.txt,2.0,idf,false,1
reut2-010.sgm-29.txt,2.0,idf,true,1
reut2-010.sgm-29.txt,2.0,logEntropy,false,1
reut2-010.sgm-29.txt,2.0,logEntropy,true,1
reut2-010.sgm-29.txt,2.0,normal,false,1
reut2-010.sgm-29.txt,2.0,normal,true,1
reut2-010.sgm-29.txt,2.0,tfidf,false,1
reut2-010.sgm-29.txt,2.0,tfidf,true,1
reut2-010.sgm-290.txt,0.0,binary,false,9
reut2-010.sgm-290.txt,0.0,binary,true,9
reut2-010.sgm-290.txt,0.0,count,false,9
reut2-010.sgm-290.txt,0.0,count,true,3
reut2-010.sgm-290.txt,0.0,gfidf,false,9
reut2-010.sgm-290.txt,0.0,gfidf,true,12
reut2-010.sgm-290.txt,0.0,idf,false,8
reut2-010.sgm-290.txt,0.0,idf,true,8
reut2-010.sgm-290.txt,0.0,logEntropy,false,9
reut2-010.sgm-290.txt,0.0,logEntropy,true,9
reut2-010.sgm-290.txt,0.0,normal,false,9
reut2-010.sgm-290.txt,0.0,normal,true,22
reut2-010.sgm-290.txt,0.0,tfidf,false,10
reut2-010.sgm-290.txt,0.0,tfidf,true,10
reut2-010.sgm-291.txt,0.0,binary,false,12
reut2-010.sgm-291.txt,0.0,binary,true,12
reut2-010.sgm-291.txt,0.0,count,false,12
reut2-010.sgm-291.txt,0.0,count,true,12
reut2-010.sgm-291.txt,0.0,gfidf,false,12
reut2-010.sgm-291.txt,0.0,gfidf,true,12
reut2-010.sgm-291.txt,0.0,idf,false,12
reut2-010.sgm-291.txt,0.0,idf,true,12
reut2-010.sgm-291.txt,0.0,logEntropy,false,12
reut2-010.sgm-291.txt,0.0,logEntropy,true,12
reut2-010.sgm-291.txt,0.0,normal,false,11
reut2-010.sgm-291.txt,0.0,normal,true,5
reut2-010.sgm-291.txt,0.0,tfidf,false,12
reut2-010.sgm-291.txt,0.0,tfidf,true,12
reut2-010.sgm-296.txt,0.0,binary,false,9
reut2-010.sgm-296.txt,0.0,binary,true,0
reut2-010.sgm-296.txt,0.0,count,false,9
reut2-010.sgm-296.txt,0.0,count,true,9
reut2-010.sgm-296.txt,0.0,gfidf,false,9
reut2-010.sgm-296.txt,0.0,gfidf,true,9
reut2-010.sgm-296.txt,0.0,idf,false,6
reut2-010.sgm-296.txt,0.0,idf,true,0
reut2-010.sgm-296.txt,0.0,logEntropy,false,9
reut2-010.sgm-296.txt,0.0,logEntropy,true,9
reut2-010.sgm-296.txt,0.0,normal,false,9
reut2-010.sgm-296.txt,0.0,normal,true,9
reut2-010.sgm-296.txt,0.0,tfidf,false,6
reut2-010.sgm-296.txt,0.0,tfidf,true,7
reut2-010.sgm-305.txt,0.0,binary,false,9
reut2-010.sgm-305.txt,0.0,binary,true,9
reut2-010.sgm-305.txt,0.0,count,false,28
reut2-010.sgm-305.txt,0.0,count,true,28
reut2-010.sgm-305.txt,0.0,gfidf,false,9
reut2-010.sgm-305.txt,0.0,gfidf,true,28
reut2-010.sgm-305.txt,0.0,idf,false,17
reut2-010.sgm-305.txt,0.0,idf,true,9
reut2-010.sgm-305.txt,0.0,logEntropy,false,9
reut2-010.sgm-305.txt,0.0,logEntropy,true,28
reut2-010.sgm-305.txt,0.0,normal,false,9
reut2-010.sgm-305.txt,0.0,normal,true,9
reut2-010.sgm-305.txt,0.0,tfidf,false,17
reut2-010.sgm-305.txt,0.0,tfidf,true,38
reut2-010.sgm-310.txt,0.0,binary,false,17
reut2-010.sgm-310.txt,0.0,binary,true,17
reut2-010.sgm-310.txt,0.0,count,false,17
reut2-010.sgm-310.txt,0.0,count,true,17
reut2-010.sgm-310.txt,0.0,gfidf,false,17
reut2-010.sgm-310.txt,0.0,gfidf,true,17
reut2-010.sgm-310.txt,0.0,idf,false,17
reut2-010.sgm-310.txt,0.0,idf,true,17
reut2-010.sgm-310.txt,0.0,logEntropy,false,17
reut2-010.sgm-310.txt,0.0,logEntropy,true,17
reut2-010.sgm-310.txt,0.0,normal,false,17
reut2-010.sgm-310.txt,0.0,normal,true,17
reut2-010.sgm-310.txt,0.0,tfidf,false,25
reut2-010.sgm-310.txt,0.0,tfidf,true,25
reut2-010.sgm-340.txt,0.0,binary,false,0
reut2-010.sgm-340.txt,0.0,binary,true,6
reut2-010.sgm-340.txt,0.0,count,false,3
reut2-010.sgm-340.txt,0.0,count,true,3
reut2-010.sgm-340.txt,0.0,gfidf,false,3
reut2-010.sgm-340.txt,0.0,gfidf,true,3
reut2-010.sgm-340.txt,0.0,idf,false,6
reut2-010.sgm-340.txt,0.0,idf,true,6
reut2-010.sgm-340.txt,0.0,logEntropy,false,3
reut2-010.sgm-340.txt,0.0,logEntropy,true,3
reut2-010.sgm-340.txt,0.0,normal,false,3
reut2-010.sgm-340.txt,0.0,normal,true,3
reut2-010.sgm-340.txt,0.0,tfidf,false,6
reut2-010.sgm-340.txt,0.0,tfidf,true,6
reut2-010.sgm-343.txt,0.0,binary,false,11
reut2-010.sgm-343.txt,0.0,binary,true,11
reut2-010.sgm-343.txt,0.0,count,false,17
reut2-010.sgm-343.txt,0.0,count,true,17
reut2-010.sgm-343.txt,0.0,gfidf,false,11
reut2-010.sgm-343.txt,0.0,gfidf,true,11
reut2-010.sgm-343.txt,0.0,idf,false,19
reut2-010.sgm-343.txt,0.0,idf,true,30
reut2-010.sgm-343.txt,0.0,logEntropy,false,17
reut2-010.sgm-343.txt,0.0,logEntropy,true,11
reut2-010.sgm-343.txt,0.0,normal,false,0
reut2-010.sgm-343.txt,0.0,normal,true,0
reut2-010.sgm-343.txt,0.0,tfidf,false,14
reut2-010.sgm-343.txt,0.0,tfidf,true,30
reut2-010.sgm-349.txt,0.0,binary,false,11
reut2-010.sgm-349.txt,0.0,binary,true,11
reut2-010.sgm-349.txt,0.0,count,false,11
reut2-010.sgm-349.txt,0.0,count,true,11
reut2-010.sgm-349.txt,0.0,gfidf,false,11
reut2-010.sgm-349.txt,0.0,gfidf,true,11
reut2-010.sgm-349.txt,0.0,idf,false,11
reut2-010.sgm-349.txt,0.0,idf,true,5
reut2-010.sgm-349.txt,0.0,logEntropy,false,11
reut2-010.sgm-349.txt,0.0,logEntropy,true,11
reut2-010.sgm-349.txt,0.0,normal,false,11
reut2-010.sgm-349.txt,0.0,normal,true,11
reut2-010.sgm-349.txt,0.0,tfidf,false,11
reut2-010.sgm-349.txt,0.0,tfidf,true,5
reut2-010.sgm-35.txt,0.0,binary,false,18
reut2-010.sgm-35.txt,0.0,binary,true,18
reut2-010.sgm-35.txt,0.0,count,false,18
reut2-010.sgm-35.txt,0.0,count,true,18
reut2-010.sgm-35.txt,0.0,gfidf,false,18
reut2-010.sgm-35.txt,0.0,gfidf,true,18
reut2-010.sgm-35.txt,0.0,idf,false,18
reut2-010.sgm-35.txt,0.0,idf,true,18
reut2-010.sgm-35.txt,0.0,logEntropy,false,18
reut2-010.sgm-35.txt,0.0,logEntropy,true,0
reut2-010.sgm-35.txt,0.0,normal,false,0
reut2-010.sgm-35.txt,0.0,normal,true,0
reut2-010.sgm-35.txt,0.0,tfidf,false,18
reut2-010.sgm-35.txt,0.0,tfidf,true,18
reut2-010.sgm-354.txt,0.0,binary,false,14
reut2-010.sgm-354.txt,0.0,binary,true,14
reut2-010.sgm-354.txt,0.0,count,false,14
reut2-010.sgm-354.txt,0.0,count,true,14
reut2-010.sgm-354.txt,0.0,gfidf,false,14
reut2-010.sgm-354.txt,0.0,gfidf,true,14
reut2-010.sgm-354.txt,0.0,idf,false,14
reut2-010.sgm-354.txt,0.0,idf,true,14
reut2-010.sgm-354.txt,0.0,logEntropy,false,14
reut2-010.sgm-354.txt,0.0,logEntropy,true,14
reut2-010.sgm-354.txt,0.0,normal,false,9
reut2-010.sgm-354.txt,0.0,normal,true,9
reut2-010.sgm-354.txt,0.0,tfidf,false,19
reut2-010.sgm-354.txt,0.0,tfidf,true,14
reut2-010.sgm-366.txt,2.9719885782738973,binary,false,0
reut2-010.sgm-366.txt,2.9719885782738973,binary,true,0
reut2-010.sgm-366.txt,2.9719885782738973,count,false,0
reut2-010.sgm-366.txt,2.9719885782738973,count,true,12
reut2-010.sgm-366.txt,2.9719885782738973,gfidf,false,0
reut2-010.sgm-366.txt,2.9719885782738973,gfidf,true,0
reut2-010.sgm-366.txt,2.9719885782738973,idf,false,0
reut2-010.sgm-366.txt,2.9719885782738973,idf,true,0
reut2-010.sgm-366.txt,2.9719885782738973,logEntropy,false,0
reut2-010.sgm-366.txt,2.9719885782738973,logEntropy,true,12
reut2-010.sgm-366.txt,2.9719885782738973,normal,false,9
reut2-010.sgm-366.txt,2.9719885782738973,normal,true,12
reut2-010.sgm-366.txt,2.9719885782738973,tfidf,false,12
reut2-010.sgm-366.txt,2.9719885782738973,tfidf,true,12
reut2-010.sgm-374.txt,0.0,binary,false,17
reut2-010.sgm-374.txt,0.0,binary,true,1
reut2-010.sgm-374.txt,0.0,count,false,17
reut2-010.sgm-374.txt,0.0,count,true,8
reut2-010.sgm-374.txt,0.0,gfidf,false,17
reut2-010.sgm-374.txt,0.0,gfidf,true,1
reut2-010.sgm-374.txt,0.0,idf,false,17
reut2-010.sgm-374.txt,0.0,idf,true,1
reut2-010.sgm-374.txt,0.0,logEntropy,false,17
reut2-010.sgm-374.txt,0.0,logEntropy,true,1
reut2-010.sgm-374.txt,0.0,normal,false,5
reut2-010.sgm-374.txt,0.0,normal,true,5
reut2-010.sgm-374.txt,0.0,tfidf,false,17
reut2-010.sgm-374.txt,0.0,tfidf,true,1
reut2-010.sgm-381.txt,0.0,binary,false,8
reut2-010.sgm-381.txt,0.0,binary,true,5
reut2-010.sgm-381.txt,0.0,count,false,8
reut2-010.sgm-381.txt,0.0,count,true,8
reut2-010.sgm-381.txt,0.0,gfidf,false,8
reut2-010.sgm-381.txt,0.0,gfidf,true,5
reut2-010.sgm-381.txt,0.0,idf,false,8
reut2-010.sgm-381.txt,0.0,idf,true,5
reut2-010.sgm-381.txt,0.0,logEntropy,false,8
reut2-010.sgm-381.txt,0.0,logEntropy,true,5
reut2-010.sgm-381.txt,0.0,normal,false,8
reut2-010.sgm-381.txt,0.0,normal,true,5
reut2-010.sgm-381.txt,0.0,tfidf,false,5
reut2-010.sgm-381.txt,0.0,tfidf,true,5
reut2-010.sgm-384.txt,0.0,binary,false,0
reut2-010.sgm-384.txt,0.0,binary,true,2
reut2-010.sgm-384.txt,0.0,count,false,0
reut2-010.sgm-384.txt,0.0,count,true,0
reut2-010.sgm-384.txt,0.0,gfidf,false,0
reut2-010.sgm-384.txt,0.0,gfidf,true,0
reut2-010.sgm-384.txt,0.0,idf,false,6
reut2-010.sgm-384.txt,0.0,idf,true,6
reut2-010.sgm-384.txt,0.0,logEntropy,false,0
reut2-010.sgm-384.txt,0.0,logEntropy,true,0
reut2-010.sgm-384.txt,0.0,normal,false,0
reut2-010.sgm-384.txt,0.0,normal,true,0
reut2-010.sgm-384.txt,0.0,tfidf,false,0
reut2-010.sgm-384.txt,0.0,tfidf,true,12
reut2-010.sgm-394.txt,0.0,binary,false,0
reut2-010.sgm-394.txt,0.0,binary,true,0
reut2-010.sgm-394.txt,0.0,count,false,0
reut2-010.sgm-394.txt,0.0,count,true,0
reut2-010.sgm-394.txt,0.0,gfidf,false,0
reut2-010.sgm-394.txt,0.0,gfidf,true,3
reut2-010.sgm-394.txt,0.0,idf,false,8
reut2-010.sgm-394.txt,0.0,idf,true,0
reut2-010.sgm-394.txt,0.0,logEntropy,false,0
reut2-010.sgm-394.txt,0.0,logEntropy,true,0
reut2-010.sgm-394.txt,0.0,normal,false,0
reut2-010.sgm-394.txt,0.0,normal,true,0
reut2-010.sgm-394.txt,0.0,tfidf,false,8
reut2-010.sgm-394.txt,0.0,tfidf,true,3
reut2-010.sgm-397.txt,0.0,binary,false,24
reut2-010.sgm-397.txt,0.0,binary,true,24
reut2-010.sgm-397.txt,0.0,count,false,24
reut2-010.sgm-397.txt,0.0,count,true,24
reut2-010.sgm-397.txt,0.0,gfidf,false,24
reut2-010.sgm-397.txt,0.0,gfidf,true,24
reut2-010.sgm-397.txt,0.0,idf,false,24
reut2-010.sgm-397.txt,0.0,idf,true,24
reut2-010.sgm-397.txt,0.0,logEntropy,false,24
reut2-010.sgm-397.txt,0.0,logEntropy,true,24
reut2-010.sgm-397.txt,0.0,normal,false,24
reut2-010.sgm-397.txt,0.0,normal,true,19
reut2-010.sgm-397.txt,0.0,tfidf,false,24
reut2-010.sgm-397.txt,0.0,tfidf,true,24
reut2-010.sgm-402.txt,2.561773379528545,binary,false,0
reut2-010.sgm-402.txt,2.561773379528545,binary,true,0
reut2-010.sgm-402.txt,2.561773379528545,count,false,8
reut2-010.sgm-402.txt,2.561773379528545,count,true,8
reut2-010.sgm-402.txt,2.561773379528545,gfidf,false,8
reut2-010.sgm-402.txt,2.561773379528545,gfidf,true,8
reut2-010.sgm-402.txt,2.561773379528545,idf,false,8
reut2-010.sgm-402.txt,2.561773379528545,idf,true,0
reut2-010.sgm-402.txt,2.561773379528545,logEntropy,false,8
reut2-010.sgm-402.txt,2.561773379528545,logEntropy,true,8
reut2-010.sgm-402.txt,2.561773379528545,normal,false,0
reut2-010.sgm-402.txt,2.561773379528545,normal,true,0
reut2-010.sgm-402.txt,2.561773379528545,tfidf,false,8
reut2-010.sgm-402.txt,2.561773379528545,tfidf,true,8
reut2-010.sgm-421.txt,0.0,binary,false,5
reut2-010.sgm-421.txt,0.0,binary,true,18
reut2-010.sgm-421.txt,0.0,count,false,4
reut2-010.sgm-421.txt,0.0,count,true,4
reut2-010.sgm-421.txt,0.0,gfidf,false,5
reut2-010.sgm-421.txt,0.0,gfidf,true,18
reut2-010.sgm-421.txt,0.0,idf,false,5
reut2-010.sgm-421.txt,0.0,idf,true,18
reut2-010.sgm-421.txt,0.0,logEntropy,false,5
reut2-010.sgm-421.txt,0.0,logEntropy,true,4
reut2-010.sgm-421.txt,0.0,normal,false,5
reut2-010.sgm-421.txt,0.0,normal,true,13
reut2-010.sgm-421.txt,0.0,tfidf,false,16
reut2-010.sgm-421.txt,0.0,tfidf,true,18
reut2-010.sgm-44.txt,1.7239456424939554,binary,false,1
reut2-010.sgm-44.txt,1.7239456424939554,binary,true,3
reut2-010.sgm-44.txt,1.7239456424939554,count,false,5
reut2-010.sgm-44.txt,1.7239456424939554,count,true,5
reut2-010.sgm-44.txt,1.7239456424939554,gfidf,false,1
reut2-010.sgm-44.txt,1.7239456424939554,gfidf,true,1
reut2-010.sgm-44.txt,1.7239456424939554,idf,false,1
reut2-010.sgm-44.txt,1.7239456424939554,idf,true,3
reut2-010.sgm-44.txt,1.7239456424939554,logEntropy,false,1
reut2-010.sgm-44.txt,1.7239456424939554,logEntropy,true,1
reut2-010.sgm-44.txt,1.7239456424939554,normal,false,4
reut2-010.sgm-44.txt,1.7239456424939554,normal,true,4
reut2-010.sgm-44.txt,1.7239456424939554,tfidf,false,1
reut2-010.sgm-44.txt,1.7239456424939554,tfidf,true,3
reut2-010.sgm-444.txt,0.0,binary,false,2
reut2-010.sgm-444.txt,0.0,binary,true,8
reut2-010.sgm-444.txt,0.0,count,false,2
reut2-010.sgm-444.txt,0.0,count,true,2
reut2-010.sgm-444.txt,0.0,gfidf,false,2
reut2-010.sgm-444.txt,0.0,gfidf,true,8
reut2-010.sgm-444.txt,0.0,idf,false,8
reut2-010.sgm-444.txt,0.0,idf,true,8
reut2-010.sgm-444.txt,0.0,logEntropy,false,2
reut2-010.sgm-444.txt,0.0,logEntropy,true,2
reut2-010.sgm-444.txt,0.0,normal,false,2
reut2-010.sgm-444.txt,0.0,normal,true,2
reut2-010.sgm-444.txt,0.0,tfidf,false,8
reut2-010.sgm-444.txt,0.0,tfidf,true,8
reut2-010.sgm-454.txt,0.0,binary,false,12
reut2-010.sgm-454.txt,0.0,binary,true,12
reut2-010.sgm-454.txt,0.0,count,false,12
reut2-010.sgm-454.txt,0.0,count,true,12
reut2-010.sgm-454.txt,0.0,gfidf,false,12
reut2-010.sgm-454.txt,0.0,gfidf,true,12
reut2-010.sgm-454.txt,0.0,idf,false,12
reut2-010.sgm-454.txt,0.0,idf,true,12
reut2-010.sgm-454.txt,0.0,logEntropy,false,12
reut2-010.sgm-454.txt,0.0,logEntropy,true,12
reut2-010.sgm-454.txt,0.0,normal,false,12
reut2-010.sgm-454.txt,0.0,normal,true,12
reut2-010.sgm-454.txt,0.0,tfidf,false,12
reut2-010.sgm-454.txt,0.0,tfidf,true,12
reut2-010.sgm-472.txt,0.0,binary,false,7
reut2-010.sgm-472.txt,0.0,binary,true,7
reut2-010.sgm-472.txt,0.0,count,false,15
reut2-010.sgm-472.txt,0.0,count,true,15
reut2-010.sgm-472.txt,0.0,gfidf,false,15
reut2-010.sgm-472.txt,0.0,gfidf,true,15
reut2-010.sgm-472.txt,0.0,idf,false,7
reut2-010.sgm-472.txt,0.0,idf,true,7
reut2-010.sgm-472.txt,0.0,logEntropy,false,15
reut2-010.sgm-472.txt,0.0,logEntropy,true,15
reut2-010.sgm-472.txt,0.0,normal,false,15
reut2-010.sgm-472.txt,0.0,normal,true,15
reut2-010.sgm-472.txt,0.0,tfidf,false,15
reut2-010.sgm-472.txt,0.0,tfidf,true,15
reut2-010.sgm-48.txt,3.3565382864325612,binary,false,0
reut2-010.sgm-48.txt,3.3565382864325612,binary,true,0
reut2-010.sgm-48.txt,3.3565382864325612,count,false,2
reut2-010.sgm-48.txt,3.3565382864325612,count,true,0
reut2-010.sgm-48.txt,3.3565382864325612,gfidf,false,0
reut2-010.sgm-48.txt,3.3565382864325612,gfidf,true,0
reut2-010.sgm-48.txt,3.3565382864325612,idf,false,0
reut2-010.sgm-48.txt,3.3565382864325612,idf,true,1
reut2-010.sgm-48.txt,3.3565382864325612,logEntropy,false,2
reut2-010.sgm-48.txt,3.3565382864325612,logEntropy,true,0
reut2-010.sgm-48.txt,3.3565382864325612,normal,false,2
reut2-010.sgm-48.txt,3.3565382864325612,normal,true,0
reut2-010.sgm-48.txt,3.3565382864325612,tfidf,false,8
reut2-010.sgm-48.txt,3.3565382864325612,tfidf,true,1
reut2-010.sgm-485.txt,0.0,binary,false,0
reut2-010.sgm-485.txt,0.0,binary,true,0
reut2-010.sgm-485.txt,0.0,count,false,0
reut2-010.sgm-485.txt,0.0,count,true,0
reut2-010.sgm-485.txt,0.0,gfidf,false,0
reut2-010.sgm-485.txt,0.0,gfidf,true,0
reut2-010.sgm-485.txt,0.0,idf,false,25
reut2-010.sgm-485.txt,0.0,idf,true,0
reut2-010.sgm-485.txt,0.0,logEntropy,false,0
reut2-010.sgm-485.txt,0.0,logEntropy,true,0
reut2-010.sgm-485.txt,0.0,normal,false,0
reut2-010.sgm-485.txt,0.0,normal,true,0
reut2-010.sgm-485.txt,0.0,tfidf,false,21
reut2-010.sgm-485.txt,0.0,tfidf,true,21
reut2-010.sgm-500.txt,0.0,binary,false,6
reut2-010.sgm-500.txt,0.0,binary,true,6
reut2-010.sgm-500.txt,0.0,count,false,6
reut2-010.sgm-500.txt,0.0,count,true,6
reut2-010.sgm-500.txt,0.0,gfidf,false,6
reut2-010.sgm-500.txt,0.0,gfidf,true,6
reut2-010.sgm-500.txt,0.0,idf,false,12
reut2-010.sgm-500.txt,0.0,idf,true,13
reut2-010.sgm-500.txt,0.0,logEntropy,false,6
reut2-010.sgm-500.txt,0.0,logEntropy,true,6
reut2-010.sgm-500.txt,0.0,normal,false,2
reut2-010.sgm-500.txt,0.0,normal,true,5
reut2-010.sgm-500.txt,0.0,tfidf,false,12
reut2-010.sgm-500.txt,0.0,tfidf,true,13
reut2-010.sgm-511.txt,0.0,binary,false,7
reut2-010.sgm-511.txt,0.0,binary,true,0
reut2-010.sgm-511.txt,0.0,count,false,7
reut2-010.sgm-511.txt,0.0,count,true,7
reut2-010.sgm-511.txt,0.0,gfidf,false,7
reut2-010.sgm-511.txt,0.0,gfidf,true,0
reut2-010.sgm-511.txt,0.0,idf,false,7
reut2-010.sgm-511.txt,0.0,idf,true,7
reut2-010.sgm-511.txt,0.0,logEntropy,false,7
reut2-010.sgm-511.txt,0.0,logEntropy,true,7
reut2-010.sgm-511.txt,0.0,normal,false,0
reut2-010.sgm-511.txt,0.0,normal,true,0
reut2-010.sgm-511.txt,0.0,tfidf,false,7
reut2-010.sgm-511.txt,0.0,tfidf,true,7
reut2-010.sgm-524.txt,0.0,binary,false,9
reut2-010.sgm-524.txt,0.0,binary,true,9
reut2-010.sgm-524.txt,0.0,count,false,13
reut2-010.sgm-524.txt,0.0,count,true,13
reut2-010.sgm-524.txt,0.0,gfidf,false,9
reut2-010.sgm-524.txt,0.0,gfidf,true,11
reut2-010.sgm-524.txt,0.0,idf,false,9
reut2-010.sgm-524.txt,0.0,idf,true,9
reut2-010.sgm-524.txt,0.0,logEntropy,false,13
reut2-010.sgm-524.txt,0.0,logEntropy,true,13
reut2-010.sgm-524.txt,0.0,normal,false,11
reut2-010.sgm-524.txt,0.0,normal,true,11
reut2-010.sgm-524.txt,0.0,tfidf,false,9
reut2-010.sgm-524.txt,0.0,tfidf,true,9
reut2-010.sgm-530.txt,4.195912496972249,binary,false,0
reut2-010.sgm-530.txt,4.195912496972249,binary,true,0
reut2-010.sgm-530.txt,4.195912496972249,count,false,0
reut2-010.sgm-530.txt,4.195912496972249,count,true,0
reut2-010.sgm-530.txt,4.195912496972249,gfidf,false,0
reut2-010.sgm-530.txt,4.195912496972249,gfidf,true,0
reut2-010.sgm-530.txt,4.195912496972249,idf,false,0
reut2-010.sgm-530.txt,4.195912496972249,idf,true,0
reut2-010.sgm-530.txt,4.195912496972249,logEntropy,false,0
reut2-010.sgm-530.txt,4.195912496972249,logEntropy,true,0
reut2-010.sgm-530.txt,4.195912496972249,normal,false,0
reut2-010.sgm-530.txt,4.195912496972249,normal,true,0
reut2-010.sgm-530.txt,4.195912496972249,tfidf,false,0
reut2-010.sgm-530.txt,4.195912496972249,tfidf,true,0
reut2-010.sgm-536.txt,0.0,binary,false,22
reut2-010.sgm-536.txt,0.0,binary,true,22
reut2-010.sgm-536.txt,0.0,count,false,14
reut2-010.sgm-536.txt,0.0,count,true,27
reut2-010.sgm-536.txt,0.0,gfidf,false,22
reut2-010.sgm-536.txt,0.0,gfidf,true,22
reut2-010.sgm-536.txt,0.0,idf,false,22
reut2-010.sgm-536.txt,0.0,idf,true,11
reut2-010.sgm-536.txt,0.0,logEntropy,false,22
reut2-010.sgm-536.txt,0.0,logEntropy,true,27
reut2-010.sgm-536.txt,0.0,normal,false,0
reut2-010.sgm-536.txt,0.0,normal,true,22
reut2-010.sgm-536.txt,0.0,tfidf,false,30
reut2-010.sgm-536.txt,0.0,tfidf,true,11
reut2-010.sgm-54.txt,0.0,binary,false,10
reut2-010.sgm-54.txt,0.0,binary,true,10
reut2-010.sgm-54.txt,0.0,count,false,11
reut2-010.sgm-54.txt,0.0,count,true,11
reut2-010.sgm-54.txt,0.0,gfidf,false,10
reut2-010.sgm-54.txt,0.0,gfidf,true,10
reut2-010.sgm-54.txt,0.0,idf,false,10
reut2-010.sgm-54.txt,0.0,idf,true,10
reut2-010.sgm-54.txt,0.0,logEntropy,false,10
reut2-010.sgm-54.txt,0.0,logEntropy,true,10
reut2-010.sgm-54.txt,0.0,normal,false,0
reut2-010.sgm-54.txt,0.0,normal,true,0
reut2-010.sgm-54.txt,0.0,tfidf,false,10
reut2-010.sgm-54.txt,0.0,tfidf,true,10
reut2-010.sgm-545.txt,0.0,binary,false,27
reut2-010.sgm-545.txt,0.0,binary,true,27
reut2-010.sgm-545.txt,0.0,count,false,27
reut2-010.sgm-545.txt,0.0,count,true,27
reut2-010.sgm-545.txt,0.0,gfidf,false,27
reut2-010.sgm-545.txt,0.0,gfidf,true,27
reut2-010.sgm-545.txt,0.0,idf,false,27
reut2-010.sgm-545.txt,0.0,idf,true,27
reut2-010.sgm-545.txt,0.0,logEntropy,false,27
reut2-010.sgm-545.txt,0.0,logEntropy,true,27
reut2-010.sgm-545.txt,0.0,normal,false,27
reut2-010.sgm-545.txt,0.0,normal,true,27
reut2-010.sgm-545.txt,0.0,tfidf,false,27
reut2-010.sgm-545.txt,0.0,tfidf,true,27
reut2-010.sgm-552.txt,0.0,binary,false,13
reut2-010.sgm-552.txt,0.0,binary,true,12
reut2-010.sgm-552.txt,0.0,count,false,7
reut2-010.sgm-552.txt,0.0,count,true,7
reut2-010.sgm-552.txt,0.0,gfidf,false,13
reut2-010.sgm-552.txt,0.0,gfidf,true,12
reut2-010.sgm-552.txt,0.0,idf,false,13
reut2-010.sgm-552.txt,0.0,idf,true,12
reut2-010.sgm-552.txt,0.0,logEntropy,false,13
reut2-010.sgm-552.txt,0.0,logEntropy,true,7
reut2-010.sgm-552.txt,0.0,normal,false,12
reut2-010.sgm-552.txt,0.0,normal,true,12
reut2-010.sgm-552.txt,0.0,tfidf,false,13
reut2-010.sgm-552.txt,0.0,tfidf,true,13
reut2-010.sgm-553.txt,0.0,binary,false,0
reut2-010.sgm-553.txt,0.0,binary,true,0
reut2-010.sgm-553.txt,0.0,count,false,0
reut2-010.sgm-553.txt,0.0,count,true,0
reut2-010.sgm-553.txt,0.0,gfidf,false,0
reut2-010.sgm-553.txt,0.0,gfidf,true,0
reut2-010.sgm-553.txt,0.0,idf,false,0
reut2-010.sgm-553.txt,0.0,idf,true,0
reut2-010.sgm-553.txt,0.0,logEntropy,false,0
reut2-010.sgm-553.txt,0.0,logEntropy,true,0
reut2-010.sgm-553.txt,0.0,normal,false,0
reut2-010.sgm-553.txt,0.0,normal,true,0
reut2-010.sgm-553.txt,0.0,tfidf,false,15
reut2-010.sgm-553.txt,0.0,tfidf,true,17
reut2-010.sgm-581.txt,0.0,binary,false,10
reut2-010.sgm-581.txt,0.0,binary,true,10
reut2-010.sgm-581.txt,0.0,count,false,10
reut2-010.sgm-581.txt,0.0,count,true,10
reut2-010.sgm-581.txt,0.0,gfidf,false,10
reut2-010.sgm-581.txt,0.0,gfidf,true,10
reut2-010.sgm-581.txt,0.0,idf,false,21
reut2-010.sgm-581.txt,0.0,idf,true,10
reut2-010.sgm-581.txt,0.0,logEntropy,false,10
reut2-010.sgm-581.txt,0.0,logEntropy,true,10
reut2-010.sgm-581.txt,0.0,normal,false,10
reut2-010.sgm-581.txt,0.0,normal,true,10
reut2-010.sgm-581.txt,0.0,tfidf,false,21
reut2-010.sgm-581.txt,0.0,tfidf,true,10
reut2-010.sgm-582.txt,0.0,binary,false,14
reut2-010.sgm-582.txt,0.0,binary,true,6
reut2-010.sgm-582.txt,0.0,count,false,14
reut2-010.sgm-582.txt,0.0,count,true,6
reut2-010.sgm-582.txt,0.0,gfidf,false,14
reut2-010.sgm-582.txt,0.0,gfidf,true,14
reut2-010.sgm-582.txt,0.0,idf,false,6
reut2-010.sgm-582.txt,0.0,idf,true,6
reut2-010.sgm-582.txt,0.0,logEntropy,false,14
reut2-010.sgm-582.txt,0.0,logEntropy,true,6
reut2-010.sgm-582.txt,0.0,normal,false,14
reut2-010.sgm-582.txt,0.0,normal,true,14
reut2-010.sgm-582.txt,0.0,tfidf,false,14
reut2-010.sgm-582.txt,0.0,tfidf,true,14
reut2-010.sgm-592.txt,0.0,binary,false,10
reut2-010.sgm-592.txt,0.0,binary,true,10
reut2-010.sgm-592.txt,0.0,count,false,10
reut2-010.sgm-592.txt,0.0,count,true,2
reut2-010.sgm-592.txt,0.0,gfidf,false,0
reut2-010.sgm-592.txt,0.0,gfidf,true,0
reut2-010.sgm-592.txt,0.0,idf,false,10
reut2-010.sgm-592.txt,0.0,idf,true,10
reut2-010.sgm-592.txt,0.0,logEntropy,false,10
reut2-010.sgm-592.txt,0.0,logEntropy,true,10
reut2-010.sgm-592.txt,0.0,normal,false,0
reut2-010.sgm-592.txt,0.0,normal,true,0
reut2-010.sgm-592.txt,0.0,tfidf,false,4
reut2-010.sgm-592.txt,0.0,tfidf,true,4
reut2-010.sgm-604.txt,0.0,binary,false,6
reut2-010.sgm-604.txt,0.0,binary,true,6
reut2-010.sgm-604.txt,0.0,count,false,11
reut2-010.sgm-604.txt,0.0,count,true,6
reut2-010.sgm-604.txt,0.0,gfidf,false,6
reut2-010.sgm-604.txt,0.0,gfidf,true,6
reut2-010.sgm-604.txt,0.0,idf,false,3
reut2-010.sgm-604.txt,0.0,idf,true,6
reut2-010.sgm-604.txt,0.0,logEntropy,false,6
reut2-010.sgm-604.txt,0.0,logEntropy,true,6
reut2-010.sgm-604.txt,0.0,normal,false,11
reut2-010.sgm-604.txt,0.0,normal,true,6
reut2-010.sgm-604.txt,0.0,tfidf,false,3
reut2-010.sgm-604.txt,0.0,tfidf,true,13
reut2-010.sgm-605.txt,1.7239456424939554,binary,false,1
reut2-010.sgm-605.txt,1.7239456424939554,binary,true,12
reut2-010.sgm-605.txt,1.7239456424939554,count,false,12
reut2-010.sgm-605.txt,1.7239456424939554,count,true,12
reut2-010.sgm-605.txt,1.7239456424939554,gfidf,false,1
reut2-010.sgm-605.txt,1.7239456424939554,gfidf,true,1
reut2-010.sgm-605.txt,1.7239456424939554,idf,false,12
reut2-010.sgm-605.txt,1.7239456424939554,idf,true,12
reut2-010.sgm-605.txt,1.7239456424939554,logEntropy,false,12
reut2-010.sgm-605.txt,1.7239456424939554,logEntropy,true,12
reut2-010.sgm-605.txt,1.7239456424939554,normal,false,12
reut2-010.sgm-605.txt,1.7239456424939554,normal,true,12
reut2-010.sgm-605.txt,1.7239456424939554,tfidf,false,12
reut2-010.sgm-605.txt,1.7239456424939554,tfidf,true,3
reut2-010.sgm-606.txt,3.054143030602521,binary,false,0
reut2-010.sgm-606.txt,3.054143030602521,binary,true,0
reut2-010.sgm-606.txt,3.054143030602521,count,false,0
reut2-010.sgm-606.txt,3.054143030602521,count,true,1
reut2-010.sgm-606.txt,3.054143030602521,gfidf,false,0
reut2-010.sgm-606.txt,3.054143030602521,gfidf,true,0
reut2-010.sgm-606.txt,3.054143030602521,idf,false,6
reut2-010.sgm-606.txt,3.054143030602521,idf,true,8
reut2-010.sgm-606.txt,3.054143030602521,logEntropy,false,0
reut2-010.sgm-606.txt,3.054143030602521,logEntropy,true,0
reut2-010.sgm-606.txt,3.054143030602521,normal,false,0
reut2-010.sgm-606.txt,3.054143030602521,normal,true,0
reut2-010.sgm-606.txt,3.054143030602521,tfidf,false,5
reut2-010.sgm-606.txt,3.054143030602521,tfidf,true,1
reut2-010.sgm-616.txt,0.0,binary,false,4
reut2-010.sgm-616.txt,0.0,binary,true,10
reut2-010.sgm-616.txt,0.0,count,false,13
reut2-010.sgm-616.txt,0.0,count,true,27
reut2-010.sgm-616.txt,0.0,gfidf,false,13
reut2-010.sgm-616.txt,0.0,gfidf,true,13
reut2-010.sgm-616.txt,0.0,idf,false,4
reut2-010.sgm-616.txt,0.0,idf,true,10
reut2-010.sgm-616.txt,0.0,logEntropy,false,4
reut2-010.sgm-616.txt,0.0,logEntropy,true,10
reut2-010.sgm-616.txt,0.0,normal,false,4
reut2-010.sgm-616.txt,0.0,normal,true,4
reut2-010.sgm-616.txt,0.0,tfidf,false,13
reut2-010.sgm-616.txt,0.0,tfidf,true,13
reut2-010.sgm-620.txt,0.0,binary,false,2
reut2-010.sgm-620.txt,0.0,binary,true,2
reut2-010.sgm-620.txt,0.0,count,false,2
reut2-010.sgm-620.txt,0.0,count,true,7
reut2-010.sgm-620.txt,0.0,gfidf,false,2
reut2-010.sgm-620.txt,0.0,gfidf,true,2
reut2-010.sgm-620.txt,0.0,idf,false,2
reut2-010.sgm-620.txt,0.0,idf,true,2
reut2-010.sgm-620.txt,0.0,logEntropy,false,2
reut2-010.sgm-620.txt,0.0,logEntropy,true,2
reut2-010.sgm-620.txt,0.0,normal,false,2
reut2-010.sgm-620.txt,0.0,normal,true,2
reut2-010.sgm-620.txt,0.0,tfidf,false,2
reut2-010.sgm-620.txt,0.0,tfidf,true,2
reut2-010.sgm-622.txt,0.0,binary,false,8
reut2-010.sgm-622.txt,0.0,binary,true,2
reut2-010.sgm-622.txt,0.0,count,false,3
reut2-010.sgm-622.txt,0.0,count,true,2
reut2-010.sgm-622.txt,0.0,gfidf,false,8
reut2-010.sgm-622.txt,0.0,gfidf,true,2
reut2-010.sgm-622.txt,0.0,idf,false,8
reut2-010.sgm-622.txt,0.0,idf,true,2
reut2-010.sgm-622.txt,0.0,logEntropy,false,8
reut2-010.sgm-622.txt,0.0,logEntropy,true,2
reut2-010.sgm-622.txt,0.0,normal,false,2
reut2-010.sgm-622.txt,0.0,normal,true,2
reut2-010.sgm-622.txt,0.0,tfidf,false,1
reut2-010.sgm-622.txt,0.0,tfidf,true,2
reut2-010.sgm-626.txt,0.0,binary,false,10
reut2-010.sgm-626.txt,0.0,binary,true,10
reut2-010.sgm-626.txt,0.0,count,false,9
reut2-010.sgm-626.txt,0.0,count,true,10
reut2-010.sgm-626.txt,0.0,gfidf,false,14
reut2-010.sgm-626.txt,0.0,gfidf,true,10
reut2-010.sgm-626.txt,0.0,idf,false,10
reut2-010.sgm-626.txt,0.0,idf,true,10
reut2-010.sgm-626.txt,0.0,logEntropy,false,9
reut2-010.sgm-626.txt,0.0,logEntropy,true,10
reut2-010.sgm-626.txt,0.0,normal,false,0
reut2-010.sgm-626.txt,0.0,normal,true,0
reut2-010.sgm-626.txt,0.0,tfidf,false,10
reut2-010.sgm-626.txt,0.0,tfidf,true,10
reut2-010.sgm-629.txt,0.0,binary,false,6
reut2-010.sgm-629.txt,0.0,binary,true,6
reut2-010.sgm-629.txt,0.0,count,false,6
reut2-010.sgm-629.txt,0.0,count,true,6
reut2-010.sgm-629.txt,0.0,gfidf,false,6
reut2-010.sgm-629.txt,0.0,gfidf,true,6
reut2-010.sgm-629.txt,0.0,idf,false,6
reut2-010.sgm-629.txt,0.0,idf,true,6
reut2-010.sgm-629.txt,0.0,logEntropy,false,6
reut2-010.sgm-629.txt,0.0,logEntropy,true,6
reut2-010.sgm-629.txt,0.0,normal,false,6
reut2-010.sgm-629.txt,0.0,normal,true,0
reut2-010.sgm-629.txt,0.0,tfidf,false,6
reut2-010.sgm-629.txt,0.0,tfidf,true,6
reut2-010.sgm-631.txt,0.0,binary,false,6
reut2-010.sgm-631.txt,0.0,binary,true,1
reut2-010.sgm-631.txt,0.0,count,false,6
reut2-010.sgm-631.txt,0.0,count,true,1
reut2-010.sgm-631.txt,0.0,gfidf,false,6
reut2-010.sgm-631.txt,0.0,gfidf,true,1
reut2-010.sgm-631.txt,0.0,idf,false,6
reut2-010.sgm-631.txt,0.0,idf,true,5
reut2-010.sgm-631.txt,0.0,logEntropy,false,1
reut2-010.sgm-631.txt,0.0,logEntropy,true,1
reut2-010.sgm-631.txt,0.0,normal,false,1
reut2-010.sgm-631.txt,0.0,normal,true,1
reut2-010.sgm-631.txt,0.0,tfidf,false,6
reut2-010.sgm-631.txt,0.0,tfidf,true,6
reut2-010.sgm-641.txt,0.0,binary,false,5
reut2-010.sgm-641.txt,0.0,binary,true,2
reut2-010.sgm-641.txt,0.0,count,false,5
reut2-010.sgm-641.txt,0.0,count,true,2
reut2-010.sgm-641.txt,0.0,gfidf,false,5
reut2-010.sgm-641.txt,0.0,gfidf,true,2
reut2-010.sgm-641.txt,0.0,idf,false,6
reut2-010.sgm-641.txt,0.0,idf,true,2
reut2-010.sgm-641.txt,0.0,logEntropy,false,5
reut2-010.sgm-641.txt,0.0,logEntropy,true,2
reut2-010.sgm-641.txt,0.0,normal,false,13
reut2-010.sgm-641.txt,0.0,normal,true,13
reut2-010.sgm-641.txt,0.0,tfidf,false,6
reut2-010.sgm-641.txt,0.0,tfidf,true,2
reut2-010.sgm-642.txt,1.9033903060212392,binary,false,1
reut2-010.sgm-642.txt,1.9033903060212392,binary,true,1
reut2-010.sgm-642.txt,1.9033903060212392,count,false,1
reut2-010.sgm-642.txt,1.9033903060212392,count,true,1
reut2-010.sgm-642.txt,1.9033903060212392,gfidf,false,1
reut2-010.sgm-642.txt,1.9033903060212392,gfidf,true,1
reut2-010.sgm-642.txt,1.9033903060212392,idf,false,19
reut2-010.sgm-642.txt,1.9033903060212392,idf,true,1
reut2-010.sgm-642.txt,1.9033903060212392,logEntropy,false,1
reut2-010.sgm-642.txt,1.9033903060212392,logEntropy,true,1
reut2-010.sgm-642.txt,1.9033903060212392,normal,false,1
reut2-010.sgm-642.txt,1.9033903060212392,normal,true,1
reut2-010.sgm-642.txt,1.9033903060212392,tfidf,false,19
reut2-010.sgm-642.txt,1.9033903060212392,tfidf,true,19
reut2-010.sgm-647.txt,0.0,binary,false,5
reut2-010.sgm-647.txt,0.0,binary,true,3
reut2-010.sgm-647.txt,0.0,count,false,5
reut2-010.sgm-647.txt,0.0,count,true,3
reut2-010.sgm-647.txt,0.0,gfidf,false,5
reut2-010.sgm-647.txt,0.0,gfidf,true,3
reut2-010.sgm-647.txt,0.0,idf,false,5
reut2-010.sgm-647.txt,0.0,idf,true,3
reut2-010.sgm-647.txt,0.0,logEntropy,false,5
reut2-010.sgm-647.txt,0.0,logEntropy,true,3
reut2-010.sgm-647.txt,0.0,normal,false,5
reut2-010.sgm-647.txt,0.0,normal,true,5
reut2-010.sgm-647.txt,0.0,tfidf,false,13
reut2-010.sgm-647.txt,0.0,tfidf,true,13
reut2-010.sgm-648.txt,0.0,binary,false,6
reut2-010.sgm-648.txt,0.0,binary,true,6
reut2-010.sgm-648.txt,0.0,count,false,6
reut2-010.sgm-648.txt,0.0,count,true,6
reut2-010.sgm-648.txt,0.0,gfidf,false,4
reut2-010.sgm-648.txt,0.0,gfidf,true,6
reut2-010.sgm-648.txt,0.0,idf,false,4
reut2-010.sgm-648.txt,0.0,idf,true,4
reut2-010.sgm-648.txt,0.0,logEntropy,false,6
reut2-010.sgm-648.txt,0.0,logEntropy,true,6
reut2-010.sgm-648.txt,0.0,normal,false,6
reut2-010.sgm-648.txt,0.0,normal,true,5
reut2-010.sgm-648.txt,0.0,tfidf,false,4
reut2-010.sgm-648.txt,0.0,tfidf,true,4
reut2-010.sgm-675.txt,2.2185608254104343,binary,false,1
reut2-010.sgm-675.txt,2.2185608254104343,binary,true,1
reut2-010.sgm-675.txt,2.2185608254104343,count,false,1
reut2-010.sgm-675.txt,2.2185608254104343,count,true,1
reut2-010.sgm-675.txt,2.2185608254104343,gfidf,false,1
reut2-010.sgm-675.txt,2.2185608254104343,gfidf,true,1
reut2-010.sgm-675.txt,2.2185608254104343,idf,false,1
reut2-010.sgm-675.txt,2.2185608254104343,idf,true,1
reut2-010.sgm-675.txt,2.2185608254104343,logEntropy,false,1
reut2-010.sgm-675.txt,2.2185608254104343,logEntropy,true,1
reut2-010.sgm-675.txt,2.2185608254104343,normal,false,3
reut2-010.sgm-675.txt,2.2185608254104343,normal,true,7
reut2-010.sgm-675.txt,2.2185608254104343,tfidf,false,1
reut2-010.sgm-675.txt,2.2185608254104343,tfidf,true,1
reut2-010.sgm-688.txt,0.0,binary,false,2
reut2-010.sgm-688.txt,0.0,binary,true,13
reut2-010.sgm-688.txt,0.0,count,false,13
reut2-010.sgm-688.txt,0.0,count,true,13
reut2-010.sgm-688.txt,0.0,gfidf,false,13
reut2-010.sgm-688.txt,0.0,gfidf,true,13
reut2-010.sgm-688.txt,0.0,idf,false,13
reut2-010.sgm-688.txt,0.0,idf,true,13
reut2-010.sgm-688.txt,0.0,logEntropy,false,13
reut2-010.sgm-688.txt,0.0,logEntropy,true,13
reut2-010.sgm-688.txt,0.0,normal,false,32
reut2-010.sgm-688.txt,0.0,normal,true,25
reut2-010.sgm-688.txt,0.0,tfidf,false,13
reut2-010.sgm-688.txt,0.0,tfidf,true,13
reut2-010.sgm-692.txt,0.0,binary,false,0
reut2-010.sgm-692.txt,0.0,binary,true,4
reut2-010.sgm-692.txt,0.0,count,false,2
reut2-010.sgm-692.txt,0.0,count,true,7
reut2-010.sgm-692.txt,0.0,gfidf,false,8
reut2-010.sgm-692.txt,0.0,gfidf,true,4
reut2-010.sgm-692.txt,0.0,idf,false,8
reut2-010.sgm-692.txt,0.0,idf,true,4
reut2-010.sgm-692.txt,0.0,logEntropy,false,2
reut2-010.sgm-692.txt,0.0,logEntropy,true,7
reut2-010.sgm-692.txt,0.0,normal,false,0
reut2-010.sgm-692.txt,0.0,normal,true,0
reut2-010.sgm-692.txt,0.0,tfidf,false,4
reut2-010.sgm-692.txt,0.0,tfidf,true,4
reut2-010.sgm-694.txt,0.0,binary,false,11
reut2-010.sgm-694.txt,0.0,binary,true,11
reut2-010.sgm-694.txt,0.0,count,false,11
reut2-010.sgm-694.txt,0.0,count,true,29
reut2-010.sgm-694.txt,0.0,gfidf,false,11
reut2-010.sgm-694.txt,0.0,gfidf,true,11
reut2-010.sgm-694.txt,0.0,idf,false,11
reut2-010.sgm-694.txt,0.0,idf,true,11
reut2-010.sgm-694.txt,0.0,logEntropy,false,11
reut2-010.sgm-694.txt,0.0,logEntropy,true,11
reut2-010.sgm-694.txt,0.0,normal,false,17
reut2-010.sgm-694.txt,0.0,normal,true,11
reut2-010.sgm-694.txt,0.0,tfidf,false,29
reut2-010.sgm-694.txt,0.0,tfidf,true,29
reut2-010.sgm-696.txt,0.0,binary,false,6
reut2-010.sgm-696.txt,0.0,binary,true,6
reut2-010.sgm-696.txt,0.0,count,false,3
reut2-010.sgm-696.txt,0.0,count,true,3
reut2-010.sgm-696.txt,0.0,gfidf,false,19
reut2-010.sgm-696.txt,0.0,gfidf,true,6
reut2-010.sgm-696.txt,0.0,idf,false,19
reut2-010.sgm-696.txt,0.0,idf,true,19
reut2-010.sgm-696.txt,0.0,logEntropy,false,19
reut2-010.sgm-696.txt,0.0,logEntropy,true,6
reut2-010.sgm-696.txt,0.0,normal,false,6
reut2-010.sgm-696.txt,0.0,normal,true,0
reut2-010.sgm-696.txt,0.0,tfidf,false,19
reut2-010.sgm-696.txt,0.0,tfidf,true,19
reut2-010.sgm-703.txt,0.0,binary,false,1
reut2-010.sgm-703.txt,0.0,binary,true,5
reut2-010.sgm-703.txt,0.0,count,false,1
reut2-010.sgm-703.txt,0.0,count,true,11
reut2-010.sgm-703.txt,0.0,gfidf,false,1
reut2-010.sgm-703.txt,0.0,gfidf,true,5
reut2-010.sgm-703.txt,0.0,idf,false,1
reut2-010.sgm-703.txt,0.0,idf,true,5
reut2-010.sgm-703.txt,0.0,logEntropy,false,1
reut2-010.sgm-703.txt,0.0,logEntropy,true,11
reut2-010.sgm-703.txt,0.0,normal,false,1
reut2-010.sgm-703.txt,0.0,normal,true,1
reut2-010.sgm-703.txt,0.0,tfidf,false,2
reut2-010.sgm-703.txt,0.0,tfidf,true,5
reut2-010.sgm-724.txt,3.447891284987911,binary,false,0
reut2-010.sgm-724.txt,3.447891284987911,binary,true,0
reut2-010.sgm-724.txt,3.447891284987911,count,false,0
reut2-010.sgm-724.txt,3.447891284987911,count,true,0
reut2-010.sgm-724.txt,3.447891284987911,gfidf,false,0
reut2-010.sgm-724.txt,3.447891284987911,gfidf,true,0
reut2-010.sgm-724.txt,3.447891284987911,idf,false,0
reut2-010.sgm-724.txt,3.447891284987911,idf,true,0
reut2-010.sgm-724.txt,3.447891284987911,logEntropy,false,0
reut2-010.sgm-724.txt,3.447891284987911,logEntropy,true,0
reut2-010.sgm-724.txt,3.447891284987911,normal,false,9
reut2-010.sgm-724.txt,3.447891284987911,normal,true,9
reut2-010.sgm-724.txt,3.447891284987911,tfidf,false,0
reut2-010.sgm-724.txt,3.447891284987911,tfidf,true,0
reut2-010.sgm-728.txt,2.6918003852647123,binary,false,9
reut2-010.sgm-728.txt,2.6918003852647123,binary,true,0
reut2-010.sgm-728.txt,2.6918003852647123,count,false,9
reut2-010.sgm-728.txt,2.6918003852647123,count,true,0
reut2-010.sgm-728.txt,2.6918003852647123,gfidf,false,9
reut2-010.sgm-728.txt,2.6918003852647123,gfidf,true,0
reut2-010.sgm-728.txt,2.6918003852647123,idf,false,9
reut2-010.sgm-728.txt,2.6918003852647123,idf,true,9
reut2-010.sgm-728.txt,2.6918003852647123,logEntropy,false,9
reut2-010.sgm-728.txt,2.6918003852647123,logEntropy,true,0
reut2-010.sgm-728.txt,2.6918003852647123,normal,false,0
reut2-010.sgm-728.txt,2.6918003852647123,normal,true,0
reut2-010.sgm-728.txt,2.6918003852647123,tfidf,false,1
reut2-010.sgm-728.txt,2.6918003852647123,tfidf,true,19
reut2-010.sgm-732.txt,0.0,binary,false,13
reut2-010.sgm-732.txt,0.0,binary,true,13
reut2-010.sgm-732.txt,0.0,count,false,13
reut2-010.sgm-732.txt,0.0,count,true,13
reut2-010.sgm-732.txt,0.0,gfidf,false,13
reut2-010.sgm-732.txt,0.0,gfidf,true,13
reut2-010.sgm-732.txt,0.0,idf,false,13
reut2-010.sgm-732.txt,0.0,idf,true,13
reut2-010.sgm-732.txt,0.0,logEntropy,false,13
reut2-010.sgm-732.txt,0.0,logEntropy,true,13
reut2-010.sgm-732.txt,0.0,normal,false,0
reut2-010.sgm-732.txt,0.0,normal,true,0
reut2-010.sgm-732.txt,0.0,tfidf,false,13
reut2-010.sgm-732.txt,0.0,tfidf,true,13
reut2-010.sgm-759.txt,2.0,binary,false,8
reut2-010.sgm-759.txt,2.0,binary,true,0
reut2-010.sgm-759.txt,2.0,count,false,8
reut2-010.sgm-759.txt,2.0,count,true,0
reut2-010.sgm-759.txt,2.0,gfidf,false,8
reut2-010.sgm-759.txt,2.0,gfidf,true,0
reut2-010.sgm-759.txt,2.0,idf,false,8
reut2-010.sgm-759.txt,2.0,idf,true,0
reut2-010.sgm-759.txt,2.0,logEntropy,false,8
reut2-010.sgm-759.txt,2.0,logEntropy,true,0
reut2-010.sgm-759.txt,2.0,normal,false,8
reut2-010.sgm-759.txt,2.0,normal,true,8
reut2-010.sgm-759.txt,2.0,tfidf,false,16
reut2-010.sgm-759.txt,2.0,tfidf,true,0
reut2-010.sgm-764.txt,0.0,binary,false,6
reut2-010.sgm-764.txt,0.0,binary,true,6
reut2-010.sgm-764.txt,0.0,count,false,7
reut2-010.sgm-764.txt,0.0,count,true,7
reut2-010.sgm-764.txt,0.0,gfidf,false,7
reut2-010.sgm-764.txt,0.0,gfidf,true,7
reut2-010.sgm-764.txt,0.0,idf,false,6
reut2-010.sgm-764.txt,0.0,idf,true,6
reut2-010.sgm-764.txt,0.0,logEntropy,false,7
reut2-010.sgm-764.txt,0.0,logEntropy,true,7
reut2-010.sgm-764.txt,0.0,normal,false,7
reut2-010.sgm-764.txt,0.0,normal,true,7
reut2-010.sgm-764.txt,0.0,tfidf,false,7
reut2-010.sgm-764.txt,0.0,tfidf,true,7
reut2-010.sgm-77.txt,0.0,binary,false,23
reut2-010.sgm-77.txt,0.0,binary,true,23
reut2-010.sgm-77.txt,0.0,count,false,23
reut2-010.sgm-77.txt,0.0,count,true,23
reut2-010.sgm-77.txt,0.0,gfidf,false,23
reut2-010.sgm-77.txt,0.0,gfidf,true,23
reut2-010.sgm-77.txt,0.0,idf,false,23
reut2-010.sgm-77.txt,0.0,idf,true,23
reut2-010.sgm-77.txt,0.0,logEntropy,false,23
reut2-010.sgm-77.txt,0.0,logEntropy,true,23
reut2-010.sgm-77.txt,0.0,normal,false,0
reut2-010.sgm-77.txt,0.0,normal,true,9
reut2-010.sgm-77.txt,0.0,tfidf,false,23
reut2-010.sgm-77.txt,0.0,tfidf,true,23
reut2-010.sgm-770.txt,0.0,binary,false,2
reut2-010.sgm-770.txt,0.0,binary,true,13
reut2-010.sgm-770.txt,0.0,count,false,13
reut2-010.sgm-770.txt,0.0,count,true,13
reut2-010.sgm-770.txt,0.0,gfidf,false,13
reut2-010.sgm-770.txt,0.0,gfidf,true,13
reut2-010.sgm-770.txt,0.0,idf,false,13
reut2-010.sgm-770.txt,0.0,idf,true,13
reut2-010.sgm-770.txt,0.0,logEntropy,false,13
reut2-010.sgm-770.txt,0.0,logEntropy,true,13
reut2-010.sgm-770.txt,0.0,normal,false,32
reut2-010.sgm-770.txt,0.0,normal,true,25
reut2-010.sgm-770.txt,0.0,tfidf,false,13
reut2-010.sgm-770.txt,0.0,tfidf,true,13
reut2-010.sgm-777.txt,0.0,binary,false,4
reut2-010.sgm-777.txt,0.0,binary,true,4
reut2-010.sgm-777.txt,0.0,count,false,4
reut2-010.sgm-777.txt,0.0,count,true,11
reut2-010.sgm-777.txt,0.0,gfidf,false,25
reut2-010.sgm-777.txt,0.0,gfidf,true,25
reut2-010.sgm-777.txt,0.0,idf,false,4
reut2-010.sgm-777.txt,0.0,idf,true,4
reut2-010.sgm-777.txt,0.0,logEntropy,false,4
reut2-010.sgm-777.txt,0.0,logEntropy,true,25
reut2-010.sgm-777.txt,0.0,normal,false,25
reut2-010.sgm-777.txt,0.0,normal,true,25
reut2-010.sgm-777.txt,0.0,tfidf,false,4
reut2-010.sgm-777.txt,0.0,tfidf,true,4
reut2-010.sgm-778.txt,0.0,binary,false,5
reut2-010.sgm-778.txt,0.0,binary,true,2
reut2-010.sgm-778.txt,0.0,count,false,5
reut2-010.sgm-778.txt,0.0,count,true,2
reut2-010.sgm-778.txt,0.0,gfidf,false,5
reut2-010.sgm-778.txt,0.0,gfidf,true,2
reut2-010.sgm-778.txt,0.0,idf,false,6
reut2-010.sgm-778.txt,0.0,idf,true,2
reut2-010.sgm-778.txt,0.0,logEntropy,false,5
reut2-010.sgm-778.txt,0.0,logEntropy,true,2
reut2-010.sgm-778.txt,0.0,normal,false,13
reut2-010.sgm-778.txt,0.0,normal,true,13
reut2-010.sgm-778.txt,0.0,tfidf,false,6
reut2-010.sgm-778.txt,0.0,tfidf,true,2
reut2-010.sgm-779.txt,0.0,binary,false,10
reut2-010.sgm-779.txt,0.0,binary,true,10
reut2-010.sgm-779.txt,0.0,count,false,2
reut2-010.sgm-779.txt,0.0,count,true,2
reut2-010.sgm-779.txt,0.0,gfidf,false,2
reut2-010.sgm-779.txt,0.0,gfidf,true,2
reut2-010.sgm-779.txt,0.0,idf,false,8
reut2-010.sgm-779.txt,0.0,idf,true,2
reut2-010.sgm-779.txt,0.0,logEntropy,false,2
reut2-010.sgm-779.txt,0.0,logEntropy,true,2
reut2-010.sgm-779.txt,0.0,normal,false,30
reut2-010.sgm-779.txt,0.0,normal,true,30
reut2-010.sgm-779.txt,0.0,tfidf,false,2
reut2-010.sgm-779.txt,0.0,tfidf,true,2
reut2-010.sgm-783.txt,0.0,binary,false,8
reut2-010.sgm-783.txt,0.0,binary,true,0
reut2-010.sgm-783.txt,0.0,count,false,8
reut2-010.sgm-783.txt,0.0,count,true,4
reut2-010.sgm-783.txt,0.0,gfidf,false,8
reut2-010.sgm-783.txt,0.0,gfidf,true,0
reut2-010.sgm-783.txt,0.0,idf,false,8
reut2-010.sgm-783.txt,0.0,idf,true,0
reut2-010.sgm-783.txt,0.0,logEntropy,false,8
reut2-010.sgm-783.txt,0.0,logEntropy,true,4
reut2-010.sgm-783.txt,0.0,normal,false,11
reut2-010.sgm-783.txt,0.0,normal,true,11
reut2-010.sgm-783.txt,0.0,tfidf,false,8
reut2-010.sgm-783.txt,0.0,tfidf,true,0
reut2-010.sgm-79.txt,0.0,binary,false,8
reut2-010.sgm-79.txt,0.0,binary,true,24
reut2-010.sgm-79.txt,0.0,count,false,8
reut2-010.sgm-79.txt,0.0,count,true,45
reut2-010.sgm-79.txt,0.0,gfidf,false,8
reut2-010.sgm-79.txt,0.0,gfidf,true,24
reut2-010.sgm-79.txt,0.0,idf,false,8
reut2-010.sgm-79.txt,0.0,idf,true,8
reut2-010.sgm-79.txt,0.0,logEntropy,false,8
reut2-010.sgm-79.txt,0.0,logEntropy,true,22
reut2-010.sgm-79.txt,0.0,normal,false,29
reut2-010.sgm-79.txt,0.0,normal,true,29
reut2-010.sgm-79.txt,0.0,tfidf,false,8
reut2-010.sgm-79.txt,0.0,tfidf,true,8
reut2-010.sgm-796.txt,0.0,binary,false,6
reut2-010.sgm-796.txt,0.0,binary,true,6
reut2-010.sgm-796.txt,0.0,count,false,6
reut2-010.sgm-796.txt,0.0,count,true,6
reut2-010.sgm-796.txt,0.0,gfidf,false,6
reut2-010.sgm-796.txt,0.0,gfidf,true,6
reut2-010.sgm-796.txt,0.0,idf,false,6
reut2-010.sgm-796.txt,0.0,idf,true,6
reut2-010.sgm-796.txt,0.0,logEntropy,false,6
reut2-010.sgm-796.txt,0.0,logEntropy,true,6
reut2-010.sgm-796.txt,0.0,normal,false,6
reut2-010.sgm-796.txt,0.0,normal,true,0
reut2-010.sgm-796.txt,0.0,tfidf,false,6
reut2-010.sgm-796.txt,0.0,tfidf,true,6
reut2-010.sgm-798.txt,0.0,binary,false,13
reut2-010.sgm-798.txt,0.0,binary,true,13
reut2-010.sgm-798.txt,0.0,count,false,13
reut2-010.sgm-798.txt,0.0,count,true,13
reut2-010.sgm-798.txt,0.0,gfidf,false,13
reut2-010.sgm-798.txt,0.0,gfidf,true,13
reut2-010.sgm-798.txt,0.0,idf,false,13
reut2-010.sgm-798.txt,0.0,idf,true,13
reut2-010.sgm-798.txt,0.0,logEntropy,false,13
reut2-010.sgm-798.txt,0.0,logEntropy,true,13
reut2-010.sgm-798.txt,0.0,normal,false,0
reut2-010.sgm-798.txt,0.0,normal,true,0
reut2-010.sgm-798.txt,0.0,tfidf,false,13
reut2-010.sgm-798.txt,0.0,tfidf,true,13
reut2-010.sgm-808.txt,0.0,binary,false,12
reut2-010.sgm-808.txt,0.0,binary,true,12
reut2-010.sgm-808.txt,0.0,count,false,12
reut2-010.sgm-808.txt,0.0,count,true,22
reut2-010.sgm-808.txt,0.0,gfidf,false,12
reut2-010.sgm-808.txt,0.0,gfidf,true,22
reut2-010.sgm-808.txt,0.0,idf,false,12
reut2-010.sgm-808.txt,0.0,idf,true,6
reut2-010.sgm-808.txt,0.0,logEntropy,false,12
reut2-010.sgm-808.txt,0.0,logEntropy,true,5
reut2-010.sgm-808.txt,0.0,normal,false,5
reut2-010.sgm-808.txt,0.0,normal,true,8
reut2-010.sgm-808.txt,0.0,tfidf,false,6
reut2-010.sgm-808.txt,0.0,tfidf,true,22
reut2-010.sgm-81.txt,0.0,binary,false,6
reut2-010.sgm-81.txt,0.0,binary,true,3
reut2-010.sgm-81.txt,0.0,count,false,6
reut2-010.sgm-81.txt,0.0,count,true,3
reut2-010.sgm-81.txt,0.0,gfidf,false,6
reut2-010.sgm-81.txt,0.0,gfidf,true,3
reut2-010.sgm-81.txt,0.0,idf,false,6
reut2-010.sgm-81.txt,0.0,idf,true,3
reut2-010.sgm-81.txt,0.0,logEntropy,false,6
reut2-010.sgm-81.txt,0.0,logEntropy,true,3
reut2-010.sgm-81.txt,0.0,normal,false,6
reut2-010.sgm-81.txt,0.0,normal,true,3
reut2-010.sgm-81.txt,0.0,tfidf,false,6
reut2-010.sgm-81.txt,0.0,tfidf,true,3
reut2-010.sgm-828.txt,0.0,binary,false,5
reut2-010.sgm-828.txt,0.0,binary,true,4
reut2-010.sgm-828.txt,0.0,count,false,6
reut2-010.sgm-828.txt,0.0,count,true,6
reut2-010.sgm-828.txt,0.0,gfidf,false,9
reut2-010.sgm-828.txt,0.0,gfidf,true,12
reut2-010.sgm-828.txt,0.0,idf,false,5
reut2-010.sgm-828.txt,0.0,idf,true,4
reut2-010.sgm-828.txt,0.0,logEntropy,false,6
reut2-010.sgm-828.txt,0.0,logEntropy,true,6
reut2-010.sgm-828.txt,0.0,normal,false,12
reut2-010.sgm-828.txt,0.0,normal,true,12
reut2-010.sgm-828.txt,0.0,tfidf,false,5
reut2-010.sgm-828.txt,0.0,tfidf,true,5
reut2-010.sgm-829.txt,0.0,binary,false,2
reut2-010.sgm-829.txt,0.0,binary,true,2
reut2-010.sgm-829.txt,0.0,count,false,2
reut2-010.sgm-829.txt,0.0,count,true,2
reut2-010.sgm-829.txt,0.0,gfidf,false,2
reut2-010.sgm-829.txt,0.0,gfidf,true,2
reut2-010.sgm-829.txt,0.0,idf,false,2
reut2-010.sgm-829.txt,0.0,idf,true,2
reut2-010.sgm-829.txt,0.0,logEntropy,false,2
reut2-010.sgm-829.txt,0.0,logEntropy,true,2
reut2-010.sgm-829.txt,0.0,normal,false,2
reut2-010.sgm-829.txt,0.0,normal,true,2
reut2-010.sgm-829.txt,0.0,tfidf,false,17
reut2-010.sgm-829.txt,0.0,tfidf,true,18
reut2-010.sgm-853.txt,0.0,binary,false,7
reut2-010.sgm-853.txt,0.0,binary,true,0
reut2-010.sgm-853.txt,0.0,count,false,7
reut2-010.sgm-853.txt,0.0,count,true,0
reut2-010.sgm-853.txt,0.0,gfidf,false,7
reut2-010.sgm-853.txt,0.0,gfidf,true,0
reut2-010.sgm-853.txt,0.0,idf,false,7
reut2-010.sgm-853.txt,0.0,idf,true,0
reut2-010.sgm-853.txt,0.0,logEntropy,false,7
reut2-010.sgm-853.txt,0.0,logEntropy,true,0
reut2-010.sgm-853.txt,0.0,normal,false,20
reut2-010.sgm-853.txt,0.0,normal,true,0
reut2-010.sgm-853.txt,0.0,tfidf,false,7
reut2-010.sgm-853.txt,0.0,tfidf,true,7
reut2-010.sgm-862.txt,0.0,binary,false,6
reut2-010.sgm-862.txt,0.0,binary,true,6
reut2-010.sgm-862.txt,0.0,count,false,15
reut2-010.sgm-862.txt,0.0,count,true,15
reut2-010.sgm-862.txt,0.0,gfidf,false,15
reut2-010.sgm-862.txt,0.0,gfidf,true,15
reut2-010.sgm-862.txt,0.0,idf,false,6
reut2-010.sgm-862.txt,0.0,idf,true,6
reut2-010.sgm-862.txt,0.0,logEntropy,false,15
reut2-010.sgm-862.txt,0.0,logEntropy,true,15
reut2-010.sgm-862.txt,0.0,normal,false,15
reut2-010.sgm-862.txt,0.0,normal,true,15
reut2-010.sgm-862.txt,0.0,tfidf,false,6
reut2-010.sgm-862.txt,0.0,tfidf,true,6
reut2-010.sgm-90.txt,0.0,binary,false,5
reut2-010.sgm-90.txt,0.0,binary,true,5
reut2-010.sgm-90.txt,0.0,count,false,20
reut2-010.sgm-90.txt,0.0,count,true,20
reut2-010.sgm-90.txt,0.0,gfidf,false,20
reut2-010.sgm-90.txt,0.0,gfidf,true,20
reut2-010.sgm-90.txt,0.0,idf,false,1
reut2-010.sgm-90.txt,0.0,idf,true,1
reut2-010.sgm-90.txt,0.0,logEntropy,false,20
reut2-010.sgm-90.txt,0.0,logEntropy,true,20
reut2-010.sgm-90.txt,0.0,normal,false,5
reut2-010.sgm-90.txt,0.0,normal,true,5
reut2-010.sgm-90.txt,0.0,tfidf,false,20
reut2-010.sgm-90.txt,0.0,tfidf,true,20
reut2-010.sgm-901.txt,0.0,binary,false,16
reut2-010.sgm-901.txt,0.0,binary,true,16
reut2-010.sgm-901.txt,0.0,count,false,15
reut2-010.sgm-901.txt,0.0,count,true,16
reut2-010.sgm-901.txt,0.0,gfidf,false,15
reut2-010.sgm-901.txt,0.0,gfidf,true,16
reut2-010.sgm-901.txt,0.0,idf,false,16
reut2-010.sgm-901.txt,0.0,idf,true,16
reut2-010.sgm-901.txt,0.0,logEntropy,false,15
reut2-010.sgm-901.txt,0.0,logEntropy,true,16
reut2-010.sgm-901.txt,0.0,normal,false,15
reut2-010.sgm-901.txt,0.0,normal,true,15
reut2-010.sgm-901.txt,0.0,tfidf,false,16
reut2-010.sgm-901.txt,0.0,tfidf,true,16
reut2-010.sgm-904.txt,0.0,binary,false,3
reut2-010.sgm-904.txt,0.0,binary,true,3
reut2-010.sgm-904.txt,0.0,count,false,5
reut2-010.sgm-904.txt,0.0,count,true,3
reut2-010.sgm-904.txt,0.0,gfidf,false,3
reut2-010.sgm-904.txt,0.0,gfidf,true,3
reut2-010.sgm-904.txt,0.0,idf,false,3
reut2-010.sgm-904.txt,0.0,idf,true,3
reut2-010.sgm-904.txt,0.0,logEntropy,false,3
reut2-010.sgm-904.txt,0.0,logEntropy,true,3
reut2-010.sgm-904.txt,0.0,normal,false,3
reut2-010.sgm-904.txt,0.0,normal,true,3
reut2-010.sgm-904.txt,0.0,tfidf,false,29
reut2-010.sgm-904.txt,0.0,tfidf,true,3
reut2-010.sgm-915.txt,0.0,binary,false,1
reut2-010.sgm-915.txt,0.0,binary,true,1
reut2-010.sgm-915.txt,0.0,count,false,11
reut2-010.sgm-915.txt,0.0,count,true,1
reut2-010.sgm-915.txt,0.0,gfidf,false,11
reut2-010.sgm-915.txt,0.0,gfidf,true,1
reut2-010.sgm-915.txt,0.0,idf,false,1
reut2-010.sgm-915.txt,0.0,idf,true,1
reut2-010.sgm-915.txt,0.0,logEntropy,false,11
reut2-010.sgm-915.txt,0.0,logEntropy,true,1
reut2-010.sgm-915.txt,0.0,normal,false,11
reut2-010.sgm-915.txt,0.0,normal,true,11
reut2-010.sgm-915.txt,0.0,tfidf,false,1
reut2-010.sgm-915.txt,0.0,tfidf,true,1
reut2-010.sgm-930.txt,0.0,binary,false,0
reut2-010.sgm-930.txt,0.0,binary,true,33
reut2-010.sgm-930.txt,0.0,count,false,13
reut2-010.sgm-930.txt,0.0,count,true,13
reut2-010.sgm-930.txt,0.0,gfidf,false,33
reut2-010.sgm-930.txt,0.0,gfidf,true,33
reut2-010.sgm-930.txt,0.0,idf,false,0
reut2-010.sgm-930.txt,0.0,idf,true,33
reut2-010.sgm-930.txt,0.0,logEntropy,false,33
reut2-010.sgm-930.txt,0.0,logEntropy,true,13
reut2-010.sgm-930.txt,0.0,normal,false,13
reut2-010.sgm-930.txt,0.0,normal,true,32
reut2-010.sgm-930.txt,0.0,tfidf,false,41
reut2-010.sgm-930.txt,0.0,tfidf,true,41
reut2-010.sgm-946.txt,0.0,binary,false,14
reut2-010.sgm-946.txt,0.0,binary,true,4
reut2-010.sgm-946.txt,0.0,count,false,14
reut2-010.sgm-946.txt,0.0,count,true,5
reut2-010.sgm-946.txt,0.0,gfidf,false,14
reut2-010.sgm-946.txt,0.0,gfidf,true,4
reut2-010.sgm-946.txt,0.0,idf,false,14
reut2-010.sgm-946.txt,0.0,idf,true,2
reut2-010.sgm-946.txt,0.0,logEntropy,false,14
reut2-010.sgm-946.txt,0.0,logEntropy,true,5
reut2-010.sgm-946.txt,0.0,normal,false,6
reut2-010.sgm-946.txt,0.0,normal,true,14
reut2-010.sgm-946.txt,0.0,tfidf,false,2
reut2-010.sgm-946.txt,0.0,tfidf,true,2
reut2-010.sgm-958.txt,1.7239456424939554,binary,false,1
reut2-010.sgm-958.txt,1.7239456424939554,binary,true,1
reut2-010.sgm-958.txt,1.7239456424939554,count,false,11
reut2-010.sgm-958.txt,1.7239456424939554,count,true,1
reut2-010.sgm-958.txt,1.7239456424939554,gfidf,false,11
reut2-010.sgm-958.txt,1.7239456424939554,gfidf,true,1
reut2-010.sgm-958.txt,1.7239456424939554,idf,false,1
reut2-010.sgm-958.txt,1.7239456424939554,idf,true,1
reut2-010.sgm-958.txt,1.7239456424939554,logEntropy,false,11
reut2-010.sgm-958.txt,1.7239456424939554,logEntropy,true,1
reut2-010.sgm-958.txt,1.7239456424939554,normal,false,9
reut2-010.sgm-958.txt,1.7239456424939554,normal,true,1
reut2-010.sgm-958.txt,1.7239456424939554,tfidf,false,11
reut2-010.sgm-958.txt,1.7239456424939554,tfidf,true,11
reut2-010.sgm-975.txt,0.0,binary,false,20
reut2-010.sgm-975.txt,0.0,binary,true,20
reut2-010.sgm-975.txt,0.0,count,false,20
reut2-010.sgm-975.txt,0.0,count,true,20
reut2-010.sgm-975.txt,0.0,gfidf,false,20
reut2-010.sgm-975.txt,0.0,gfidf,true,20
reut2-010.sgm-975.txt,0.0,idf,false,20
reut2-010.sgm-975.txt,0.0,idf,true,20
reut2-010.sgm-975.txt,0.0,logEntropy,false,20
reut2-010.sgm-975.txt,0.0,logEntropy,true,20
reut2-010.sgm-975.txt,0.0,normal,false,0
reut2-010.sgm-975.txt,0.0,normal,true,20
reut2-010.sgm-975.txt,0.0,tfidf,false,20
reut2-010.sgm-975.txt,0.0,tfidf,true,20
reut2-010.sgm-978.txt,0.0,binary,false,5
reut2-010.sgm-978.txt,0.0,binary,true,8
reut2-010.sgm-978.txt,0.0,count,false,5
reut2-010.sgm-978.txt,0.0,count,true,6
reut2-010.sgm-978.txt,0.0,gfidf,false,5
reut2-010.sgm-978.txt,0.0,gfidf,true,6
reut2-010.sgm-978.txt,0.0,idf,false,8
reut2-010.sgm-978.txt,0.0,idf,true,8
reut2-010.sgm-978.txt,0.0,logEntropy,false,5
reut2-010.sgm-978.txt,0.0,logEntropy,true,6
reut2-010.sgm-978.txt,0.0,normal,false,5
reut2-010.sgm-978.txt,0.0,normal,true,6
reut2-010.sgm-978.txt,0.0,tfidf,false,8
reut2-010.sgm-978.txt,0.0,tfidf,true,8
reut2-010.sgm-995.txt,0.0,binary,false,36
reut2-010.sgm-995.txt,0.0,binary,true,3
reut2-010.sgm-995.txt,0.0,count,false,36
reut2-010.sgm-995.txt,0.0,count,true,36
reut2-010.sgm-995.txt,0.0,gfidf,false,36
reut2-010.sgm-995.txt,0.0,gfidf,true,3
reut2-010.sgm-995.txt,0.0,idf,false,36
reut2-010.sgm-995.txt,0.0,idf,true,3
reut2-010.sgm-995.txt,0.0,logEntropy,false,36
reut2-010.sgm-995.txt,0.0,logEntropy,true,36
reut2-010.sgm-995.txt,0.0,normal,false,36
reut2-010.sgm-995.txt,0.0,normal,true,35
reut2-010.sgm-995.txt,0.0,tfidf,false,36
reut2-010.sgm-995.txt,0.0,tfidf,true,3
reut2-010.sgm-999.txt,0.0,binary,false,5
reut2-010.sgm-999.txt,0.0,binary,true,0
reut2-010.sgm-999.txt,0.0,count,false,5
reut2-010.sgm-999.txt,0.0,count,true,0
reut2-010.sgm-999.txt,0.0,gfidf,false,5
reut2-010.sgm-999.txt,0.0,gfidf,true,5
reut2-010.sgm-999.txt,0.0,idf,false,5
reut2-010.sgm-999.txt,0.0,idf,true,0
reut2-010.sgm-999.txt,0.0,logEntropy,false,5
reut2-010.sgm-999.txt,0.0,logEntropy,true,0
reut2-010.sgm-999.txt,0.0,normal,false,5
reut2-010.sgm-999.txt,0.0,normal,true,0
reut2-010.sgm-999.txt,0.0,tfidf,false,5
reut2-010.sgm-999.txt,0.0,tfidf,true,5
reut2-011.sgm-101.txt,0.0,binary,false,13
reut2-011.sgm-101.txt,0.0,binary,true,13
reut2-011.sgm-101.txt,0.0,count,false,12
reut2-011.sgm-101.txt,0.0,count,true,12
reut2-011.sgm-101.txt,0.0,gfidf,false,12
reut2-011.sgm-101.txt,0.0,gfidf,true,12
reut2-011.sgm-101.txt,0.0,idf,false,13
reut2-011.sgm-101.txt,0.0,idf,true,13
reut2-011.sgm-101.txt,0.0,logEntropy,false,12
reut2-011.sgm-101.txt,0.0,logEntropy,true,12
reut2-011.sgm-101.txt,0.0,normal,false,12
reut2-011.sgm-101.txt,0.0,normal,true,13
reut2-011.sgm-101.txt,0.0,tfidf,false,12
reut2-011.sgm-101.txt,0.0,tfidf,true,12
reut2-011.sgm-117.txt,4.248906204919681,binary,false,0
reut2-011.sgm-117.txt,4.248906204919681,binary,true,0
reut2-011.sgm-117.txt,4.248906204919681,count,false,0
reut2-011.sgm-117.txt,4.248906204919681,count,true,0
reut2-011.sgm-117.txt,4.248906204919681,gfidf,false,0
reut2-011.sgm-117.txt,4.248906204919681,gfidf,true,0
reut2-011.sgm-117.txt,4.248906204919681,idf,false,0
reut2-011.sgm-117.txt,4.248906204919681,idf,true,0
reut2-011.sgm-117.txt,4.248906204919681,logEntropy,false,0
reut2-011.sgm-117.txt,4.248906204919681,logEntropy,true,0
reut2-011.sgm-117.txt,4.248906204919681,normal,false,0
reut2-011.sgm-117.txt,4.248906204919681,normal,true,0
reut2-011.sgm-117.txt,4.248906204919681,tfidf,false,1
reut2-011.sgm-117.txt,4.248906204919681,tfidf,true,1
reut2-011.sgm-122.txt,0.0,binary,false,6
reut2-011.sgm-122.txt,0.0,binary,true,6
reut2-011.sgm-122.txt,0.0,count,false,20
reut2-011.sgm-122.txt,0.0,count,true,6
reut2-011.sgm-122.txt,0.0,gfidf,false,20
reut2-011.sgm-122.txt,0.0,gfidf,true,6
reut2-011.sgm-122.txt,0.0,idf,false,6
reut2-011.sgm-122.txt,0.0,idf,true,6
reut2-011.sgm-122.txt,0.0,logEntropy,false,6
reut2-011.sgm-122.txt,0.0,logEntropy,true,6
reut2-011.sgm-122.txt,0.0,normal,false,6
reut2-011.sgm-122.txt,0.0,normal,true,6
reut2-011.sgm-122.txt,0.0,tfidf,false,20
reut2-011.sgm-122.txt,0.0,tfidf,true,6
reut2-011.sgm-13.txt,0.0,binary,false,14
reut2-011.sgm-13.txt,0.0,binary,true,7
reut2-011.sgm-13.txt,0.0,count,false,14
reut2-011.sgm-13.txt,0.0,count,true,7
reut2-011.sgm-13.txt,0.0,gfidf,false,14
reut2-011.sgm-13.txt,0.0,gfidf,true,7
reut2-011.sgm-13.txt,0.0,idf,false,14
reut2-011.sgm-13.txt,0.0,idf,true,7
reut2-011.sgm-13.txt,0.0,logEntropy,false,14
reut2-011.sgm-13.txt,0.0,logEntropy,true,7
reut2-011.sgm-13.txt,0.0,normal,false,14
reut2-011.sgm-13.txt,0.0,normal,true,14
reut2-011.sgm-13.txt,0.0,tfidf,false,14
reut2-011.sgm-13.txt,0.0,tfidf,true,7
reut2-011.sgm-134.txt,0.0,binary,false,5
reut2-011.sgm-134.txt,0.0,binary,true,5
reut2-011.sgm-134.txt,0.0,count,false,11
reut2-011.sgm-134.txt,0.0,count,true,11
reut2-011.sgm-134.txt,0.0,gfidf,false,5
reut2-011.sgm-134.txt,0.0,gfidf,true,5
reut2-011.sgm-134.txt,0.0,idf,false,5
reut2-011.sgm-134.txt,0.0,idf,true,9
reut2-011.sgm-134.txt,0.0,logEntropy,false,5
reut2-011.sgm-134.txt,0.0,logEntropy,true,11
reut2-011.sgm-134.txt,0.0,normal,false,5
reut2-011.sgm-134.txt,0.0,normal,true,5
reut2-011.sgm-134.txt,0.0,tfidf,false,11
reut2-011.sgm-134.txt,0.0,tfidf,true,9
reut2-011.sgm-136.txt,3.2813414240305514,binary,false,0
reut2-011.sgm-136.txt,3.2813414240305514,binary,true,0
reut2-011.sgm-136.txt,3.2813414240305514,count,false,0
reut2-011.sgm-136.txt,3.2813414240305514,count,true,0
reut2-011.sgm-136.txt,3.2813414240305514,gfidf,false,0
reut2-011.sgm-136.txt,3.2813414240305514,gfidf,true,0
reut2-011.sgm-136.txt,3.2813414240305514,idf,false,0
reut2-011.sgm-136.txt,3.2813414240305514,idf,true,10
reut2-011.sgm-136.txt,3.2813414240305514,logEntropy,false,0
reut2-011.sgm-136.txt,3.2813414240305514,logEntropy,true,0
reut2-011.sgm-136.txt,3.2813414240305514,normal,false,5
reut2-011.sgm-136.txt,3.2813414240305514,normal,true,5
reut2-011.sgm-136.txt,3.2813414240305514,tfidf,false,0
reut2-011.sgm-136.txt,3.2813414240305514,tfidf,true,0
reut2-011.sgm-143.txt,0.0,binary,false,12
reut2-011.sgm-143.txt,0.0,binary,true,12
reut2-011.sgm-143.txt,0.0,count,false,12
reut2-011.sgm-143.txt,0.0,count,true,12
reut2-011.sgm-143.txt,0.0,gfidf,false,12
reut2-011.sgm-143.txt,0.0,gfidf,true,11
reut2-011.sgm-143.txt,0.0,idf,false,12
reut2-011.sgm-143.txt,0.0,idf,true,12
reut2-011.sgm-143.txt,0.0,logEntropy,false,12
reut2-011.sgm-143.txt,0.0,logEntropy,true,12
reut2-011.sgm-143.txt,0.0,normal,false,12
reut2-011.sgm-143.txt,0.0,normal,true,0
reut2-011.sgm-143.txt,0.0,tfidf,false,11
reut2-011.sgm-143.txt,0.0,tfidf,true,11
reut2-011.sgm-147.txt,0.0,binary,false,7
reut2-011.sgm-147.txt,0.0,binary,true,3
reut2-011.sgm-147.txt,0.0,count,false,7
reut2-011.sgm-147.txt,0.0,count,true,3
reut2-011.sgm-147.txt,0.0,gfidf,false,3
reut2-011.sgm-147.txt,0.0,gfidf,true,3
reut2-011.sgm-147.txt,0.0,idf,false,7
reut2-011.sgm-147.txt,0.0,idf,true,3
reut2-011.sgm-147.txt,0.0,logEntropy,false,3
reut2-011.sgm-147.txt,0.0,logEntropy,true,3
reut2-011.sgm-147.txt,0.0,normal,false,3
reut2-011.sgm-147.txt,0.0,normal,true,3
reut2-011.sgm-147.txt,0.0,tfidf,false,7
reut2-011.sgm-147.txt,0.0,tfidf,true,7
reut2-011.sgm-148.txt,0.0,binary,false,1
reut2-011.sgm-148.txt,0.0,binary,true,2
reut2-011.sgm-148.txt,0.0,count,false,5
reut2-011.sgm-148.txt,0.0,count,true,5
reut2-011.sgm-148.txt,0.0,gfidf,false,5
reut2-011.sgm-148.txt,0.0,gfidf,true,5
reut2-011.sgm-148.txt,0.0,idf,false,1
reut2-011.sgm-148.txt,0.0,idf,true,2
reut2-011.sgm-148.txt,0.0,logEntropy,false,5
reut2-011.sgm-148.txt,0.0,logEntropy,true,5
reut2-011.sgm-148.txt,0.0,normal,false,7
reut2-011.sgm-148.txt,0.0,normal,true,8
reut2-011.sgm-148.txt,0.0,tfidf,false,5
reut2-011.sgm-148.txt,0.0,tfidf,true,5
reut2-011.sgm-171.txt,2.5522547228631676,binary,false,1
reut2-011.sgm-171.txt,2.5522547228631676,binary,true,1
reut2-011.sgm-171.txt,2.5522547228631676,count,false,1
reut2-011.sgm-171.txt,2.5522547228631676,count,true,1
reut2-011.sgm-171.txt,2.5522547228631676,gfidf,false,1
reut2-011.sgm-171.txt,2.5522547228631676,gfidf,true,1
reut2-011.sgm-171.txt,2.5522547228631676,idf,false,1
reut2-011.sgm-171.txt,2.5522547228631676,idf,true,1
reut2-011.sgm-171.txt,2.5522547228631676,logEntropy,false,1
reut2-011.sgm-171.txt,2.5522547228631676,logEntropy,true,1
reut2-011.sgm-171.txt,2.5522547228631676,normal,false,0
reut2-011.sgm-171.txt,2.5522547228631676,normal,true,0
reut2-011.sgm-171.txt,2.5522547228631676,tfidf,false,1
reut2-011.sgm-171.txt,2.5522547228631676,tfidf,true,1
reut2-011.sgm-174.txt,1.7239456424939554,binary,false,1
reut2-011.sgm-174.txt,1.7239456424939554,binary,true,1
reut2-011.sgm-174.txt,1.7239456424939554,count,false,1
reut2-011.sgm-174.txt,1.7239456424939554,count,true,2
reut2-011.sgm-174.txt,1.7239456424939554,gfidf,false,1
reut2-011.sgm-174.txt,1.7239456424939554,gfidf,true,1
reut2-011.sgm-174.txt,1.7239456424939554,idf,false,1
reut2-011.sgm-174.txt,1.7239456424939554,idf,true,1
reut2-011.sgm-174.txt,1.7239456424939554,logEntropy,false,1
reut2-011.sgm-174.txt,1.7239456424939554,logEntropy,true,12
reut2-011.sgm-174.txt,1.7239456424939554,normal,false,19
reut2-011.sgm-174.txt,1.7239456424939554,normal,true,12
reut2-011.sgm-174.txt,1.7239456424939554,tfidf,false,1
reut2-011.sgm-174.txt,1.7239456424939554,tfidf,true,1
reut2-011.sgm-176.txt,0.0,binary,false,8
reut2-011.sgm-176.txt,0.0,binary,true,8
reut2-011.sgm-176.txt,0.0,count,false,6
reut2-011.sgm-176.txt,0.0,count,true,6
reut2-011.sgm-176.txt,0.0,gfidf,false,6
reut2-011.sgm-176.txt,0.0,gfidf,true,6
reut2-011.sgm-176.txt,0.0,idf,false,8
reut2-011.sgm-176.txt,0.0,idf,true,8
reut2-011.sgm-176.txt,0.0,logEntropy,false,6
reut2-011.sgm-176.txt,0.0,logEntropy,true,6
reut2-011.sgm-176.txt,0.0,normal,false,6
reut2-011.sgm-176.txt,0.0,normal,true,6
reut2-011.sgm-176.txt,0.0,tfidf,false,22
reut2-011.sgm-176.txt,0.0,tfidf,true,22
reut2-011.sgm-177.txt,0.0,binary,false,15
reut2-011.sgm-177.txt,0.0,binary,true,15
reut2-011.sgm-177.txt,0.0,count,false,9
reut2-011.sgm-177.txt,0.0,count,true,15
reut2-011.sgm-177.txt,0.0,gfidf,false,15
reut2-011.sgm-177.txt,0.0,gfidf,true,15
reut2-011.sgm-177.txt,0.0,idf,false,24
reut2-011.sgm-177.txt,0.0,idf,true,24
reut2-011.sgm-177.txt,0.0,logEntropy,false,9
reut2-011.sgm-177.txt,0.0,logEntropy,true,15
reut2-011.sgm-177.txt,0.0,normal,false,10
reut2-011.sgm-177.txt,0.0,normal,true,15
reut2-011.sgm-177.txt,0.0,tfidf,false,24
reut2-011.sgm-177.txt,0.0,tfidf,true,24
reut2-011.sgm-180.txt,0.0,binary,false,9
reut2-011.sgm-180.txt,0.0,binary,true,9
reut2-011.sgm-180.txt,0.0,count,false,9
reut2-011.sgm-180.txt,0.0,count,true,9
reut2-011.sgm-180.txt,0.0,gfidf,false,12
reut2-011.sgm-180.txt,0.0,gfidf,true,12
reut2-011.sgm-180.txt,0.0,idf,false,3
reut2-011.sgm-180.txt,0.0,idf,true,3
reut2-011.sgm-180.txt,0.0,logEntropy,false,9
reut2-011.sgm-180.txt,0.0,logEntropy,true,9
reut2-011.sgm-180.txt,0.0,normal,false,9
reut2-011.sgm-180.txt,0.0,normal,true,9
reut2-011.sgm-180.txt,0.0,tfidf,false,3
reut2-011.sgm-180.txt,0.0,tfidf,true,12
reut2-011.sgm-183.txt,0.0,binary,false,12
reut2-011.sgm-183.txt,0.0,binary,true,0
reut2-011.sgm-183.txt,0.0,count,false,18
reut2-011.sgm-183.txt,0.0,count,true,4
reut2-011.sgm-183.txt,0.0,gfidf,false,4
reut2-011.sgm-183.txt,0.0,gfidf,true,4
reut2-011.sgm-183.txt,0.0,idf,false,12
reut2-011.sgm-183.txt,0.0,idf,true,12
reut2-011.sgm-183.txt,0.0,logEntropy,false,4
reut2-011.sgm-183.txt,0.0,logEntropy,true,4
reut2-011.sgm-183.txt,0.0,normal,false,0
reut2-011.sgm-183.txt,0.0,normal,true,0
reut2-011.sgm-183.txt,0.0,tfidf,false,12
reut2-011.sgm-183.txt,0.0,tfidf,true,12
reut2-011.sgm-185.txt,0.0,binary,false,12
reut2-011.sgm-185.txt,0.0,binary,true,12
reut2-011.sgm-185.txt,0.0,count,false,9
reut2-011.sgm-185.txt,0.0,count,true,9
reut2-011.sgm-185.txt,0.0,gfidf,false,12
reut2-011.sgm-185.txt,0.0,gfidf,true,12
reut2-011.sgm-185.txt,0.0,idf,false,12
reut2-011.sgm-185.txt,0.0,idf,true,9
reut2-011.sgm-185.txt,0.0,logEntropy,false,9
reut2-011.sgm-185.txt,0.0,logEntropy,true,9
reut2-011.sgm-185.txt,0.0,normal,false,8
reut2-011.sgm-185.txt,0.0,normal,true,8
reut2-011.sgm-185.txt,0.0,tfidf,false,9
reut2-011.sgm-185.txt,0.0,tfidf,true,9
reut2-011.sgm-197.txt,0.0,binary,false,35
reut2-011.sgm-197.txt,0.0,binary,true,30
reut2-011.sgm-197.txt,0.0,count,false,4
reut2-011.sgm-197.txt,0.0,count,true,4
reut2-011.sgm-197.txt,0.0,gfidf,false,35
reut2-011.sgm-197.txt,0.0,gfidf,true,35
reut2-011.sgm-197.txt,0.0,idf,false,35
reut2-011.sgm-197.txt,0.0,idf,true,30
reut2-011.sgm-197.txt,0.0,logEntropy,false,35
reut2-011.sgm-197.txt,0.0,logEntropy,true,35
reut2-011.sgm-197.txt,0.0,normal,false,0
reut2-011.sgm-197.txt,0.0,normal,true,0
reut2-011.sgm-197.txt,0.0,tfidf,false,36
reut2-011.sgm-197.txt,0.0,tfidf,true,30
reut2-011.sgm-202.txt,2.2081790273476245,binary,false,7
reut2-011.sgm-202.txt,2.2081790273476245,binary,true,0
reut2-011.sgm-202.txt,2.2081790273476245,count,false,7
reut2-011.sgm-202.txt,2.2081790273476245,count,true,0
reut2-011.sgm-202.txt,2.2081790273476245,gfidf,false,7
reut2-011.sgm-202.txt,2.2081790273476245,gfidf,true,7
reut2-011.sgm-202.txt,2.2081790273476245,idf,false,7
reut2-011.sgm-202.txt,2.2081790273476245,idf,true,7
reut2-011.sgm-202.txt,2.2081790273476245,logEntropy,false,7
reut2-011.sgm-202.txt,2.2081790273476245,logEntropy,true,7
reut2-011.sgm-202.txt,2.2081790273476245,normal,false,1
reut2-011.sgm-202.txt,2.2081790273476245,normal,true,1
reut2-011.sgm-202.txt,2.2081790273476245,tfidf,false,7
reut2-011.sgm-202.txt,2.2081790273476245,tfidf,true,7
reut2-011.sgm-203.txt,2.0,binary,false,1
reut2-011.sgm-203.txt,2.0,binary,true,4
reut2-011.sgm-203.txt,2.0,count,false,1
reut2-011.sgm-203.txt,2.0,count,true,1
reut2-011.sgm-203.txt,2.0,gfidf,false,4
reut2-011.sgm-203.txt,2.0,gfidf,true,4
reut2-011.sgm-203.txt,2.0,idf,false,1
reut2-011.sgm-203.txt,2.0,idf,true,1
reut2-011.sgm-203.txt,2.0,logEntropy,false,1
reut2-011.sgm-203.txt,2.0,logEntropy,true,1
reut2-011.sgm-203.txt,2.0,normal,false,4
reut2-011.sgm-203.txt,2.0,normal,true,1
reut2-011.sgm-203.txt,2.0,tfidf,false,1
reut2-011.sgm-203.txt,2.0,tfidf,true,1
reut2-011.sgm-212.txt,0.0,binary,false,7
reut2-011.sgm-212.txt,0.0,binary,true,12
reut2-011.sgm-212.txt,0.0,count,false,14
reut2-011.sgm-212.txt,0.0,count,true,14
reut2-011.sgm-212.txt,0.0,gfidf,false,7
reut2-011.sgm-212.txt,0.0,gfidf,true,12
reut2-011.sgm-212.txt,0.0,idf,false,7
reut2-011.sgm-212.txt,0.0,idf,true,7
reut2-011.sgm-212.txt,0.0,logEntropy,false,7
reut2-011.sgm-212.txt,0.0,logEntropy,true,14
reut2-011.sgm-212.txt,0.0,normal,false,7
reut2-011.sgm-212.txt,0.0,normal,true,12
reut2-011.sgm-212.txt,0.0,tfidf,false,7
reut2-011.sgm-212.txt,0.0,tfidf,true,24
reut2-011.sgm-213.txt,0.0,binary,false,0
reut2-011.sgm-213.txt,0.0,binary,true,1
reut2-011.sgm-213.txt,0.0,count,false,3
reut2-011.sgm-213.txt,0.0,count,true,1
reut2-011.sgm-213.txt,0.0,gfidf,false,0
reut2-011.sgm-213.txt,0.0,gfidf,true,1
reut2-011.sgm-213.txt,0.0,idf,false,0
reut2-011.sgm-213.txt,0.0,idf,true,1
reut2-011.sgm-213.txt,0.0,logEntropy,false,0
reut2-011.sgm-213.txt,0.0,logEntropy,true,1
reut2-011.sgm-213.txt,0.0,normal,false,1
reut2-011.sgm-213.txt,0.0,normal,true,13
reut2-011.sgm-213.txt,0.0,tfidf,false,0
reut2-011.sgm-213.txt,0.0,tfidf,true,30
reut2-011.sgm-214.txt,0.0,binary,false,2
reut2-011.sgm-214.txt,0.0,binary,true,2
reut2-011.sgm-214.txt,0.0,count,false,18
reut2-011.sgm-214.txt,0.0,count,true,2
reut2-011.sgm-214.txt,0.0,gfidf,false,13
reut2-011.sgm-214.txt,0.0,gfidf,true,2
reut2-011.sgm-214.txt,0.0,idf,false,13
reut2-011.sgm-214.txt,0.0,idf,true,2
reut2-011.sgm-214.txt,0.0,logEntropy,false,13
reut2-011.sgm-214.txt,0.0,logEntropy,true,2
reut2-011.sgm-214.txt,0.0,normal,false,2
reut2-011.sgm-214.txt,0.0,normal,true,2
reut2-011.sgm-214.txt,0.0,tfidf,false,13
reut2-011.sgm-214.txt,0.0,tfidf,true,2
reut2-011.sgm-223.txt,0.0,binary,false,40
reut2-011.sgm-223.txt,0.0,binary,true,40
reut2-011.sgm-223.txt,0.0,count,false,40
reut2-011.sgm-223.txt,0.0,count,true,40
reut2-011.sgm-223.txt,0.0,gfidf,false,40
reut2-011.sgm-223.txt,0.0,gfidf,true,40
reut2-011.sgm-223.txt,0.0,idf,false,40
reut2-011.sgm-223.txt,0.0,idf,true,40
reut2-011.sgm-223.txt,0.0,logEntropy,false,40
reut2-011.sgm-223.txt,0.0,logEntropy,true,40
reut2-011.sgm-223.txt,0.0,normal,false,40
reut2-011.sgm-223.txt,0.0,normal,true,40
reut2-011.sgm-223.txt,0.0,tfidf,false,60
reut2-011.sgm-223.txt,0.0,tfidf,true,60
reut2-011.sgm-224.txt,0.0,binary,false,13
reut2-011.sgm-224.txt,0.0,binary,true,11
reut2-011.sgm-224.txt,0.0,count,false,11
reut2-011.sgm-224.txt,0.0,count,true,11
reut2-011.sgm-224.txt,0.0,gfidf,false,13
reut2-011.sgm-224.txt,0.0,gfidf,true,11
reut2-011.sgm-224.txt,0.0,idf,false,13
reut2-011.sgm-224.txt,0.0,idf,true,13
reut2-011.sgm-224.txt,0.0,logEntropy,false,13
reut2-011.sgm-224.txt,0.0,logEntropy,true,11
reut2-011.sgm-224.txt,0.0,normal,false,11
reut2-011.sgm-224.txt,0.0,normal,true,11
reut2-011.sgm-224.txt,0.0,tfidf,false,13
reut2-011.sgm-224.txt,0.0,tfidf,true,13
reut2-011.sgm-233.txt,0.0,binary,false,25
reut2-011.sgm-233.txt,0.0,binary,true,12
reut2-011.sgm-233.txt,0.0,count,false,0
reut2-011.sgm-233.txt,0.0,count,true,0
reut2-011.sgm-233.txt,0.0,gfidf,false,0
reut2-011.sgm-233.txt,0.0,gfidf,true,12
reut2-011.sgm-233.txt,0.0,idf,false,25
reut2-011.sgm-233.txt,0.0,idf,true,25
reut2-011.sgm-233.txt,0.0,logEntropy,false,0
reut2-011.sgm-233.txt,0.0,logEntropy,true,0
reut2-011.sgm-233.txt,0.0,normal,false,0
reut2-011.sgm-233.txt,0.0,normal,true,0
reut2-011.sgm-233.txt,0.0,tfidf,false,12
reut2-011.sgm-233.txt,0.0,tfidf,true,25
reut2-011.sgm-239.txt,0.0,binary,false,12
reut2-011.sgm-239.txt,0.0,binary,true,0
reut2-011.sgm-239.txt,0.0,count,false,18
reut2-011.sgm-239.txt,0.0,count,true,4
reut2-011.sgm-239.txt,0.0,gfidf,false,4
reut2-011.sgm-239.txt,0.0,gfidf,true,4
reut2-011.sgm-239.txt,0.0,idf,false,12
reut2-011.sgm-239.txt,0.0,idf,true,12
reut2-011.sgm-239.txt,0.0,logEntropy,false,4
reut2-011.sgm-239.txt,0.0,logEntropy,true,4
reut2-011.sgm-239.txt,0.0,normal,false,0
reut2-011.sgm-239.txt,0.0,normal,true,0
reut2-011.sgm-239.txt,0.0,tfidf,false,12
reut2-011.sgm-239.txt,0.0,tfidf,true,12
reut2-011.sgm-260.txt,0.0,binary,false,7
reut2-011.sgm-260.txt,0.0,binary,true,7
reut2-011.sgm-260.txt,0.0,count,false,7
reut2-011.sgm-260.txt,0.0,count,true,7
reut2-011.sgm-260.txt,0.0,gfidf,false,7
reut2-011.sgm-260.txt,0.0,gfidf,true,7
reut2-011.sgm-260.txt,0.0,idf,false,7
reut2-011.sgm-260.txt,0.0,idf,true,7
reut2-011.sgm-260.txt,0.0,logEntropy,false,7
reut2-011.sgm-260.txt,0.0,logEntropy,true,7
reut2-011.sgm-260.txt,0.0,normal,false,11
reut2-011.sgm-260.txt,0.0,normal,true,10
reut2-011.sgm-260.txt,0.0,tfidf,false,7
reut2-011.sgm-260.txt,0.0,tfidf,true,7
reut2-011.sgm-264.txt,0.0,binary,false,10
reut2-011.sgm-264.txt,0.0,binary,true,10
reut2-011.sgm-264.txt,0.0,count,false,9
reut2-011.sgm-264.txt,0.0,count,true,9
reut2-011.sgm-264.txt,0.0,gfidf,false,10
reut2-011.sgm-264.txt,0.0,gfidf,true,10
reut2-011.sgm-264.txt,0.0,idf,false,9
reut2-011.sgm-264.txt,0.0,idf,true,10
reut2-011.sgm-264.txt,0.0,logEntropy,false,15
reut2-011.sgm-264.txt,0.0,logEntropy,true,10
reut2-011.sgm-264.txt,0.0,normal,false,10
reut2-011.sgm-264.txt,0.0,normal,true,10
reut2-011.sgm-264.txt,0.0,tfidf,false,9
reut2-011.sgm-264.txt,0.0,tfidf,true,10
reut2-011.sgm-272.txt,2.9719885782738973,binary,false,0
reut2-011.sgm-272.txt,2.9719885782738973,binary,true,0
reut2-011.sgm-272.txt,2.9719885782738973,count,false,0
reut2-011.sgm-272.txt,2.9719885782738973,count,true,0
reut2-011.sgm-272.txt,2.9719885782738973,gfidf,false,0
reut2-011.sgm-272.txt,2.9719885782738973,gfidf,true,0
reut2-011.sgm-272.txt,2.9719885782738973,idf,false,0
reut2-011.sgm-272.txt,2.9719885782738973,idf,true,8
reut2-011.sgm-272.txt,2.9719885782738973,logEntropy,false,0
reut2-011.sgm-272.txt,2.9719885782738973,logEntropy,true,0
reut2-011.sgm-272.txt,2.9719885782738973,normal,false,3
reut2-011.sgm-272.txt,2.9719885782738973,normal,true,3
reut2-011.sgm-272.txt,2.9719885782738973,tfidf,false,8
reut2-011.sgm-272.txt,2.9719885782738973,tfidf,true,8
reut2-011.sgm-291.txt,0.0,binary,false,8
reut2-011.sgm-291.txt,0.0,binary,true,8
reut2-011.sgm-291.txt,0.0,count,false,8
reut2-011.sgm-291.txt,0.0,count,true,0
reut2-011.sgm-291.txt,0.0,gfidf,false,8
reut2-011.sgm-291.txt,0.0,gfidf,true,8
reut2-011.sgm-291.txt,0.0,idf,false,8
reut2-011.sgm-291.txt,0.0,idf,true,8
reut2-011.sgm-291.txt,0.0,logEntropy,false,8
reut2-011.sgm-291.txt,0.0,logEntropy,true,8
reut2-011.sgm-291.txt,0.0,normal,false,10
reut2-011.sgm-291.txt,0.0,normal,true,12
reut2-011.sgm-291.txt,0.0,tfidf,false,8
reut2-011.sgm-291.txt,0.0,tfidf,true,8
reut2-011.sgm-326.txt,0.0,binary,false,2
reut2-011.sgm-326.txt,0.0,binary,true,8
reut2-011.sgm-326.txt,0.0,count,false,0
reut2-011.sgm-326.txt,0.0,count,true,0
reut2-011.sgm-326.txt,0.0,gfidf,false,2
reut2-011.sgm-326.txt,0.0,gfidf,true,7
reut2-011.sgm-326.txt,0.0,idf,false,1
reut2-011.sgm-326.txt,0.0,idf,true,8
reut2-011.sgm-326.txt,0.0,logEntropy,false,0
reut2-011.sgm-326.txt,0.0,logEntropy,true,0
reut2-011.sgm-326.txt,0.0,normal,false,2
reut2-011.sgm-326.txt,0.0,normal,true,2
reut2-011.sgm-326.txt,0.0,tfidf,false,7
reut2-011.sgm-326.txt,0.0,tfidf,true,7
reut2-011.sgm-329.txt,0.0,binary,false,10
reut2-011.sgm-329.txt,0.0,binary,true,23
reut2-011.sgm-329.txt,0.0,count,false,10
reut2-011.sgm-329.txt,0.0,count,true,23
reut2-011.sgm-329.txt,0.0,gfidf,false,10
reut2-011.sgm-329.txt,0.0,gfidf,true,23
reut2-011.sgm-329.txt,0.0,idf,false,10
reut2-011.sgm-329.txt,0.0,idf,true,23
reut2-011.sgm-329.txt,0.0,logEntropy,false,10
reut2-011.sgm-329.txt,0.0,logEntropy,true,23
reut2-011.sgm-329.txt,0.0,normal,false,17
reut2-011.sgm-329.txt,0.0,normal,true,10
reut2-011.sgm-329.txt,0.0,tfidf,false,23
reut2-011.sgm-329.txt,0.0,tfidf,true,23
reut2-011.sgm-330.txt,0.0,binary,false,2
reut2-011.sgm-330.txt,0.0,binary,true,17
reut2-011.sgm-330.txt,0.0,count,false,8
reut2-011.sgm-330.txt,0.0,count,true,8
reut2-011.sgm-330.txt,0.0,gfidf,false,2
reut2-011.sgm-330.txt,0.0,gfidf,true,0
reut2-011.sgm-330.txt,0.0,idf,false,2
reut2-011.sgm-330.txt,0.0,idf,true,11
reut2-011.sgm-330.txt,0.0,logEntropy,false,8
reut2-011.sgm-330.txt,0.0,logEntropy,true,5
reut2-011.sgm-330.txt,0.0,normal,false,9
reut2-011.sgm-330.txt,0.0,normal,true,9
reut2-011.sgm-330.txt,0.0,tfidf,false,2
reut2-011.sgm-330.txt,0.0,tfidf,true,11
reut2-011.sgm-349.txt,0.0,binary,false,13
reut2-011.sgm-349.txt,0.0,binary,true,13
reut2-011.sgm-349.txt,0.0,count,false,13
reut2-011.sgm-349.txt,0.0,count,true,9
reut2-011.sgm-349.txt,0.0,gfidf,false,13
reut2-011.sgm-349.txt,0.0,gfidf,true,13
reut2-011.sgm-349.txt,0.0,idf,false,13
reut2-011.sgm-349.txt,0.0,idf,true,13
reut2-011.sgm-349.txt,0.0,logEntropy,false,13
reut2-011.sgm-349.txt,0.0,logEntropy,true,13
reut2-011.sgm-349.txt,0.0,normal,false,9
reut2-011.sgm-349.txt,0.0,normal,true,13
reut2-011.sgm-349.txt,0.0,tfidf,false,13
reut2-011.sgm-349.txt,0.0,tfidf,true,13
reut2-011.sgm-37.txt,2.602932177446391,binary,false,7
reut2-011.sgm-37.txt,2.602932177446391,binary,true,0
reut2-011.sgm-37.txt,2.602932177446391,count,false,7
reut2-011.sgm-37.txt,2.602932177446391,count,true,0
reut2-011.sgm-37.txt,2.602932177446391,gfidf,false,7
reut2-011.sgm-37.txt,2.602932177446391,gfidf,true,0
reut2-011.sgm-37.txt,2.602932177446391,idf,false,7
reut2-011.sgm-37.txt,2.602932177446391,idf,true,0
reut2-011.sgm-37.txt,2.602932177446391,logEntropy,false,7
reut2-011.sgm-37.txt,2.602932177446391,logEntropy,true,0
reut2-011.sgm-37.txt,2.602932177446391,normal,false,0
reut2-011.sgm-37.txt,2.602932177446391,normal,true,0
reut2-011.sgm-37.txt,2.602932177446391,tfidf,false,7
reut2-011.sgm-37.txt,2.602932177446391,tfidf,true,7
reut2-011.sgm-413.txt,0.0,binary,false,4
reut2-011.sgm-413.txt,0.0,binary,true,14
reut2-011.sgm-413.txt,0.0,count,false,4
reut2-011.sgm-413.txt,0.0,count,true,14
reut2-011.sgm-413.txt,0.0,gfidf,false,14
reut2-011.sgm-413.txt,0.0,gfidf,true,14
reut2-011.sgm-413.txt,0.0,idf,false,4
reut2-011.sgm-413.txt,0.0,idf,true,4
reut2-011.sgm-413.txt,0.0,logEntropy,false,14
reut2-011.sgm-413.txt,0.0,logEntropy,true,14
reut2-011.sgm-413.txt,0.0,normal,false,14
reut2-011.sgm-413.txt,0.0,normal,true,14
reut2-011.sgm-413.txt,0.0,tfidf,false,4
reut2-011.sgm-413.txt,0.0,tfidf,true,4
reut2-011.sgm-43.txt,0.0,binary,false,0
reut2-011.sgm-43.txt,0.0,binary,true,7
reut2-011.sgm-43.txt,0.0,count,false,7
reut2-011.sgm-43.txt,0.0,count,true,12
reut2-011.sgm-43.txt,0.0,gfidf,false,7
reut2-011.sgm-43.txt,0.0,gfidf,true,7
reut2-011.sgm-43.txt,0.0,idf,false,7
reut2-011.sgm-43.txt,0.0,idf,true,7
reut2-011.sgm-43.txt,0.0,logEntropy,false,7
reut2-011.sgm-43.txt,0.0,logEntropy,true,12
reut2-011.sgm-43.txt,0.0,normal,false,0
reut2-011.sgm-43.txt,0.0,normal,true,12
reut2-011.sgm-43.txt,0.0,tfidf,false,7
reut2-011.sgm-43.txt,0.0,tfidf,true,7
reut2-011.sgm-437.txt,0.0,binary,false,4
reut2-011.sgm-437.txt,0.0,binary,true,4
reut2-011.sgm-437.txt,0.0,count,false,8
reut2-011.sgm-437.txt,0.0,count,true,8
reut2-011.sgm-437.txt,0.0,gfidf,false,4
reut2-011.sgm-437.txt,0.0,gfidf,true,4
reut2-011.sgm-437.txt,0.0,idf,false,9
reut2-011.sgm-437.txt,0.0,idf,true,9
reut2-011.sgm-437.txt,0.0,logEntropy,false,8
reut2-011.sgm-437.txt,0.0,logEntropy,true,8
reut2-011.sgm-437.txt,0.0,normal,false,4
reut2-011.sgm-437.txt,0.0,normal,true,4
reut2-011.sgm-437.txt,0.0,tfidf,false,10
reut2-011.sgm-437.txt,0.0,tfidf,true,10
reut2-011.sgm-447.txt,0.0,binary,false,12
reut2-011.sgm-447.txt,0.0,binary,true,12
reut2-011.sgm-447.txt,0.0,count,false,5
reut2-011.sgm-447.txt,0.0,count,true,5
reut2-011.sgm-447.txt,0.0,gfidf,false,12
reut2-011.sgm-447.txt,0.0,gfidf,true,5
reut2-011.sgm-447.txt,0.0,idf,false,12
reut2-011.sgm-447.txt,0.0,idf,true,12
reut2-011.sgm-447.txt,0.0,logEntropy,false,5
reut2-011.sgm-447.txt,0.0,logEntropy,true,5
reut2-011.sgm-447.txt,0.0,normal,false,5
reut2-011.sgm-447.txt,0.0,normal,true,5
reut2-011.sgm-447.txt,0.0,tfidf,false,12
reut2-011.sgm-447.txt,0.0,tfidf,true,12
reut2-011.sgm-458.txt,0.0,binary,false,7
reut2-011.sgm-458.txt,0.0,binary,true,7
reut2-011.sgm-458.txt,0.0,count,false,7
reut2-011.sgm-458.txt,0.0,count,true,9
reut2-011.sgm-458.txt,0.0,gfidf,false,7
reut2-011.sgm-458.txt,0.0,gfidf,true,7
reut2-011.sgm-458.txt,0.0,idf,false,7
reut2-011.sgm-458.txt,0.0,idf,true,7
reut2-011.sgm-458.txt,0.0,logEntropy,false,7
reut2-011.sgm-458.txt,0.0,logEntropy,true,7
reut2-011.sgm-458.txt,0.0,normal,false,7
reut2-011.sgm-458.txt,0.0,normal,true,9
reut2-011.sgm-458.txt,0.0,tfidf,false,7
reut2-011.sgm-458.txt,0.0,tfidf,true,7
reut2-011.sgm-471.txt,2.0493016562561945,binary,false,1
reut2-011.sgm-471.txt,2.0493016562561945,binary,true,1
reut2-011.sgm-471.txt,2.0493016562561945,count,false,9
reut2-011.sgm-471.txt,2.0493016562561945,count,true,1
reut2-011.sgm-471.txt,2.0493016562561945,gfidf,false,9
reut2-011.sgm-471.txt,2.0493016562561945,gfidf,true,9
reut2-011.sgm-471.txt,2.0493016562561945,idf,false,17
reut2-011.sgm-471.txt,2.0493016562561945,idf,true,0
reut2-011.sgm-471.txt,2.0493016562561945,logEntropy,false,1
reut2-011.sgm-471.txt,2.0493016562561945,logEntropy,true,1
reut2-011.sgm-471.txt,2.0493016562561945,normal,false,1
reut2-011.sgm-471.txt,2.0493016562561945,normal,true,1
reut2-011.sgm-471.txt,2.0493016562561945,tfidf,false,9
reut2-011.sgm-471.txt,2.0493016562561945,tfidf,true,9
reut2-011.sgm-486.txt,2.0,binary,false,1
reut2-011.sgm-486.txt,2.0,binary,true,1
reut2-011.sgm-486.txt,2.0,count,false,7
reut2-011.sgm-486.txt,2.0,count,true,7
reut2-011.sgm-486.txt,2.0,gfidf,false,1
reut2-011.sgm-486.txt,2.0,gfidf,true,1
reut2-011.sgm-486.txt,2.0,idf,false,7
reut2-011.sgm-486.txt,2.0,idf,true,7
reut2-011.sgm-486.txt,2.0,logEntropy,false,7
reut2-011.sgm-486.txt,2.0,logEntropy,true,1
reut2-011.sgm-486.txt,2.0,normal,false,1
reut2-011.sgm-486.txt,2.0,normal,true,1
reut2-011.sgm-486.txt,2.0,tfidf,false,7
reut2-011.sgm-486.txt,2.0,tfidf,true,7
reut2-011.sgm-489.txt,1.9033903060212392,binary,false,22
reut2-011.sgm-489.txt,1.9033903060212392,binary,true,22
reut2-011.sgm-489.txt,1.9033903060212392,count,false,3
reut2-011.sgm-489.txt,1.9033903060212392,count,true,3
reut2-011.sgm-489.txt,1.9033903060212392,gfidf,false,6
reut2-011.sgm-489.txt,1.9033903060212392,gfidf,true,6
reut2-011.sgm-489.txt,1.9033903060212392,idf,false,22
reut2-011.sgm-489.txt,1.9033903060212392,idf,true,22
reut2-011.sgm-489.txt,1.9033903060212392,logEntropy,false,0
reut2-011.sgm-489.txt,1.9033903060212392,logEntropy,true,0
reut2-011.sgm-489.txt,1.9033903060212392,normal,false,0
reut2-011.sgm-489.txt,1.9033903060212392,normal,true,0
reut2-011.sgm-489.txt,1.9033903060212392,tfidf,false,22
reut2-011.sgm-489.txt,1.9033903060212392,tfidf,true,22
reut2-011.sgm-491.txt,0.0,binary,false,20
reut2-011.sgm-491.txt,0.0,binary,true,10
reut2-011.sgm-491.txt,0.0,count,false,20
reut2-011.sgm-491.txt,0.0,count,true,21
reut2-011.sgm-491.txt,0.0,gfidf,false,20
reut2-011.sgm-491.txt,0.0,gfidf,true,20
reut2-011.sgm-491.txt,0.0,idf,false,10
reut2-011.sgm-491.txt,0.0,idf,true,10
reut2-011.sgm-491.txt,0.0,logEntropy,false,20
reut2-011.sgm-491.txt,0.0,logEntropy,true,0
reut2-011.sgm-491.txt,0.0,normal,false,0
reut2-011.sgm-491.txt,0.0,normal,true,0
reut2-011.sgm-491.txt,0.0,tfidf,false,20
reut2-011.sgm-491.txt,0.0,tfidf,true,20
reut2-011.sgm-497.txt,0.0,binary,false,21
reut2-011.sgm-497.txt,0.0,binary,true,22
reut2-011.sgm-497.txt,0.0,count,false,21
reut2-011.sgm-497.txt,0.0,count,true,20
reut2-011.sgm-497.txt,0.0,gfidf,false,21
reut2-011.sgm-497.txt,0.0,gfidf,true,22
reut2-011.sgm-497.txt,0.0,idf,false,21
reut2-011.sgm-497.txt,0.0,idf,true,20
reut2-011.sgm-497.txt,0.0,logEntropy,false,21
reut2-011.sgm-497.txt,0.0,logEntropy,true,20
reut2-011.sgm-497.txt,0.0,normal,false,0
reut2-011.sgm-497.txt,0.0,normal,true,0
reut2-011.sgm-497.txt,0.0,tfidf,false,21
reut2-011.sgm-497.txt,0.0,tfidf,true,20
reut2-011.sgm-503.txt,0.0,binary,false,3
reut2-011.sgm-503.txt,0.0,binary,true,3
reut2-011.sgm-503.txt,0.0,count,false,44
reut2-011.sgm-503.txt,0.0,count,true,44
reut2-011.sgm-503.txt,0.0,gfidf,false,27
reut2-011.sgm-503.txt,0.0,gfidf,true,44
reut2-011.sgm-503.txt,0.0,idf,false,3
reut2-011.sgm-503.txt,0.0,idf,true,3
reut2-011.sgm-503.txt,0.0,logEntropy,false,44
reut2-011.sgm-503.txt,0.0,logEntropy,true,44
reut2-011.sgm-503.txt,0.0,normal,false,0
reut2-011.sgm-503.txt,0.0,normal,true,3
reut2-011.sgm-503.txt,0.0,tfidf,false,27
reut2-011.sgm-503.txt,0.0,tfidf,true,27
reut2-011.sgm-519.txt,0.0,binary,false,7
reut2-011.sgm-519.txt,0.0,binary,true,1
reut2-011.sgm-519.txt,0.0,count,false,7
reut2-011.sgm-519.txt,0.0,count,true,7
reut2-011.sgm-519.txt,0.0,gfidf,false,7
reut2-011.sgm-519.txt,0.0,gfidf,true,1
reut2-011.sgm-519.txt,0.0,idf,false,7
reut2-011.sgm-519.txt,0.0,idf,true,7
reut2-011.sgm-519.txt,0.0,logEntropy,false,7
reut2-011.sgm-519.txt,0.0,logEntropy,true,1
reut2-011.sgm-519.txt,0.0,normal,false,1
reut2-011.sgm-519.txt,0.0,normal,true,1
reut2-011.sgm-519.txt,0.0,tfidf,false,7
reut2-011.sgm-519.txt,0.0,tfidf,true,7
reut2-011.sgm-591.txt,1.7239456424939554,binary,false,1
reut2-011.sgm-591.txt,1.7239456424939554,binary,true,5
reut2-011.sgm-591.txt,1.7239456424939554,count,false,1
reut2-011.sgm-591.txt,1.7239456424939554,count,true,5
reut2-011.sgm-591.txt,1.7239456424939554,gfidf,false,1
reut2-011.sgm-591.txt,1.7239456424939554,gfidf,true,5
reut2-011.sgm-591.txt,1.7239456424939554,idf,false,1
reut2-011.sgm-591.txt,1.7239456424939554,idf,true,5
reut2-011.sgm-591.txt,1.7239456424939554,logEntropy,false,1
reut2-011.sgm-591.txt,1.7239456424939554,logEntropy,true,5
reut2-011.sgm-591.txt,1.7239456424939554,normal,false,0
reut2-011.sgm-591.txt,1.7239456424939554,normal,true,0
reut2-011.sgm-591.txt,1.7239456424939554,tfidf,false,5
reut2-011.sgm-591.txt,1.7239456424939554,tfidf,true,5
reut2-011.sgm-599.txt,0.0,binary,false,0
reut2-011.sgm-599.txt,0.0,binary,true,0
reut2-011.sgm-599.txt,0.0,count,false,4
reut2-011.sgm-599.txt,0.0,count,true,4
reut2-011.sgm-599.txt,0.0,gfidf,false,0
reut2-011.sgm-599.txt,0.0,gfidf,true,0
reut2-011.sgm-599.txt,0.0,idf,false,0
reut2-011.sgm-599.txt,0.0,idf,true,0
reut2-011.sgm-599.txt,0.0,logEntropy,false,4
reut2-011.sgm-599.txt,0.0,logEntropy,true,4
reut2-011.sgm-599.txt,0.0,normal,false,0
reut2-011.sgm-599.txt,0.0,normal,true,0
reut2-011.sgm-599.txt,0.0,tfidf,false,4
reut2-011.sgm-599.txt,0.0,tfidf,true,4
reut2-011.sgm-623.txt,0.0,binary,false,23
reut2-011.sgm-623.txt,0.0,binary,true,8
reut2-011.sgm-623.txt,0.0,count,false,8
reut2-011.sgm-623.txt,0.0,count,true,8
reut2-011.sgm-623.txt,0.0,gfidf,false,0
reut2-011.sgm-623.txt,0.0,gfidf,true,0
reut2-011.sgm-623.txt,0.0,idf,false,23
reut2-011.sgm-623.txt,0.0,idf,true,8
reut2-011.sgm-623.txt,0.0,logEntropy,false,23
reut2-011.sgm-623.txt,0.0,logEntropy,true,8
reut2-011.sgm-623.txt,0.0,normal,false,7
reut2-011.sgm-623.txt,0.0,normal,true,7
reut2-011.sgm-623.txt,0.0,tfidf,false,0
reut2-011.sgm-623.txt,0.0,tfidf,true,8
reut2-011.sgm-638.txt,2.320258772320326,binary,false,0
reut2-011.sgm-638.txt,2.320258772320326,binary,true,3
reut2-011.sgm-638.txt,2.320258772320326,count,false,0
reut2-011.sgm-638.txt,2.320258772320326,count,true,3
reut2-011.sgm-638.txt,2.320258772320326,gfidf,false,7
reut2-011.sgm-638.txt,2.320258772320326,gfidf,true,3
reut2-011.sgm-638.txt,2.320258772320326,idf,false,3
reut2-011.sgm-638.txt,2.320258772320326,idf,true,3
reut2-011.sgm-638.txt,2.320258772320326,logEntropy,false,0
reut2-011.sgm-638.txt,2.320258772320326,logEntropy,true,3
reut2-011.sgm-638.txt,2.320258772320326,normal,false,7
reut2-011.sgm-638.txt,2.320258772320326,normal,true,0
reut2-011.sgm-638.txt,2.320258772320326,tfidf,false,3
reut2-011.sgm-638.txt,2.320258772320326,tfidf,true,3
reut2-011.sgm-653.txt,0.0,binary,false,1
reut2-011.sgm-653.txt,0.0,binary,true,0
reut2-011.sgm-653.txt,0.0,count,false,0
reut2-011.sgm-653.txt,0.0,count,true,0
reut2-011.sgm-653.txt,0.0,gfidf,false,1
reut2-011.sgm-653.txt,0.0,gfidf,true,0
reut2-011.sgm-653.txt,0.0,idf,false,1
reut2-011.sgm-653.txt,0.0,idf,true,0
reut2-011.sgm-653.txt,0.0,logEntropy,false,1
reut2-011.sgm-653.txt,0.0,logEntropy,true,0
reut2-011.sgm-653.txt,0.0,normal,false,21
reut2-011.sgm-653.txt,0.0,normal,true,21
reut2-011.sgm-653.txt,0.0,tfidf,false,34
reut2-011.sgm-653.txt,0.0,tfidf,true,34
reut2-011.sgm-660.txt,0.0,binary,false,15
reut2-011.sgm-660.txt,0.0,binary,true,1
reut2-011.sgm-660.txt,0.0,count,false,6
reut2-011.sgm-660.txt,0.0,count,true,0
reut2-011.sgm-660.txt,0.0,gfidf,false,15
reut2-011.sgm-660.txt,0.0,gfidf,true,1
reut2-011.sgm-660.txt,0.0,idf,false,15
reut2-011.sgm-660.txt,0.0,idf,true,1
reut2-011.sgm-660.txt,0.0,logEntropy,false,6
reut2-011.sgm-660.txt,0.0,logEntropy,true,0
reut2-011.sgm-660.txt,0.0,normal,false,7
reut2-011.sgm-660.txt,0.0,normal,true,7
reut2-011.sgm-660.txt,0.0,tfidf,false,15
reut2-011.sgm-660.txt,0.0,tfidf,true,1
reut2-011.sgm-671.txt,0.0,binary,false,12
reut2-011.sgm-671.txt,0.0,binary,true,12
reut2-011.sgm-671.txt,0.0,count,false,12
reut2-011.sgm-671.txt,0.0,count,true,5
reut2-011.sgm-671.txt,0.0,gfidf,false,12
reut2-011.sgm-671.txt,0.0,gfidf,true,12
reut2-011.sgm-671.txt,0.0,idf,false,12
reut2-011.sgm-671.txt,0.0,idf,true,12
reut2-011.sgm-671.txt,0.0,logEntropy,false,12
reut2-011.sgm-671.txt,0.0,logEntropy,true,12
reut2-011.sgm-671.txt,0.0,normal,false,1
reut2-011.sgm-671.txt,0.0,normal,true,1
reut2-011.sgm-671.txt,0.0,tfidf,false,12
reut2-011.sgm-671.txt,0.0,tfidf,true,12
reut2-011.sgm-710.txt,0.0,binary,false,5
reut2-011.sgm-710.txt,0.0,binary,true,5
reut2-011.sgm-710.txt,0.0,count,false,5
reut2-011.sgm-710.txt,0.0,count,true,11
reut2-011.sgm-710.txt,0.0,gfidf,false,5
reut2-011.sgm-710.txt,0.0,gfidf,true,5
reut2-011.sgm-710.txt,0.0,idf,false,5
reut2-011.sgm-710.txt,0.0,idf,true,5
reut2-011.sgm-710.txt,0.0,logEntropy,false,5
reut2-011.sgm-710.txt,0.0,logEntropy,true,5
reut2-011.sgm-710.txt,0.0,normal,false,18
reut2-011.sgm-710.txt,0.0,normal,true,18
reut2-011.sgm-710.txt,0.0,tfidf,false,5
reut2-011.sgm-710.txt,0.0,tfidf,true,5
reut2-011.sgm-716.txt,2.2081790273476245,binary,false,3
reut2-011.sgm-716.txt,2.2081790273476245,binary,true,3
reut2-011.sgm-716.txt,2.2081790273476245,count,false,3
reut2-011.sgm-716.txt,2.2081790273476245,count,true,3
reut2-011.sgm-716.txt,2.2081790273476245,gfidf,false,3
reut2-011.sgm-716.txt,2.2081790273476245,gfidf,true,3
reut2-011.sgm-716.txt,2.2081790273476245,idf,false,3
reut2-011.sgm-716.txt,2.2081790273476245,idf,true,3
reut2-011.sgm-716.txt,2.2081790273476245,logEntropy,false,3
reut2-011.sgm-716.txt,2.2081790273476245,logEntropy,true,3
reut2-011.sgm-716.txt,2.2081790273476245,normal,false,3
reut2-011.sgm-716.txt,2.2081790273476245,normal,true,3
reut2-011.sgm-716.txt,2.2081790273476245,tfidf,false,0
reut2-011.sgm-716.txt,2.2081790273476245,tfidf,true,0
reut2-011.sgm-73.txt,0.0,binary,false,6
reut2-011.sgm-73.txt,0.0,binary,true,5
reut2-011.sgm-73.txt,0.0,count,false,1
reut2-011.sgm-73.txt,0.0,count,true,5
reut2-011.sgm-73.txt,0.0,gfidf,false,0
reut2-011.sgm-73.txt,0.0,gfidf,true,5
reut2-011.sgm-73.txt,0.0,idf,false,6
reut2-011.sgm-73.txt,0.0,idf,true,5
reut2-011.sgm-73.txt,0.0,logEntropy,false,1
reut2-011.sgm-73.txt,0.0,logEntropy,true,5
reut2-011.sgm-73.txt,0.0,normal,false,1
reut2-011.sgm-73.txt,0.0,normal,true,1
reut2-011.sgm-73.txt,0.0,tfidf,false,8
reut2-011.sgm-73.txt,0.0,tfidf,true,5
reut2-011.sgm-731.txt,0.0,binary,false,8
reut2-011.sgm-731.txt,0.0,binary,true,18
reut2-011.sgm-731.txt,0.0,count,false,8
reut2-011.sgm-731.txt,0.0,count,true,8
reut2-011.sgm-731.txt,0.0,gfidf,false,8
reut2-011.sgm-731.txt,0.0,gfidf,true,18
reut2-011.sgm-731.txt,0.0,idf,false,8
reut2-011.sgm-731.txt,0.0,idf,true,8
reut2-011.sgm-731.txt,0.0,logEntropy,false,8
reut2-011.sgm-731.txt,0.0,logEntropy,true,8
reut2-011.sgm-731.txt,0.0,normal,false,14
reut2-011.sgm-731.txt,0.0,normal,true,14
reut2-011.sgm-731.txt,0.0,tfidf,false,8
reut2-011.sgm-731.txt,0.0,tfidf,true,8
reut2-011.sgm-733.txt,0.0,binary,false,4
reut2-011.sgm-733.txt,0.0,binary,true,4
reut2-011.sgm-733.txt,0.0,count,false,4
reut2-011.sgm-733.txt,0.0,count,true,4
reut2-011.sgm-733.txt,0.0,gfidf,false,4
reut2-011.sgm-733.txt,0.0,gfidf,true,4
reut2-011.sgm-733.txt,0.0,idf,false,4
reut2-011.sgm-733.txt,0.0,idf,true,4
reut2-011.sgm-733.txt,0.0,logEntropy,false,4
reut2-011.sgm-733.txt,0.0,logEntropy,true,4
reut2-011.sgm-733.txt,0.0,normal,false,3
reut2-011.sgm-733.txt,0.0,normal,true,3
reut2-011.sgm-733.txt,0.0,tfidf,false,4
reut2-011.sgm-733.txt,0.0,tfidf,true,15
reut2-011.sgm-738.txt,0.0,binary,false,8
reut2-011.sgm-738.txt,0.0,binary,true,8
reut2-011.sgm-738.txt,0.0,count,false,7
reut2-011.sgm-738.txt,0.0,count,true,7
reut2-011.sgm-738.txt,0.0,gfidf,false,3
reut2-011.sgm-738.txt,0.0,gfidf,true,8
reut2-011.sgm-738.txt,0.0,idf,false,3
reut2-011.sgm-738.txt,0.0,idf,true,8
reut2-011.sgm-738.txt,0.0,logEntropy,false,8
reut2-011.sgm-738.txt,0.0,logEntropy,true,8
reut2-011.sgm-738.txt,0.0,normal,false,7
reut2-011.sgm-738.txt,0.0,normal,true,7
reut2-011.sgm-738.txt,0.0,tfidf,false,3
reut2-011.sgm-738.txt,0.0,tfidf,true,8
reut2-011.sgm-745.txt,0.0,binary,false,25
reut2-011.sgm-745.txt,0.0,binary,true,25
reut2-011.sgm-745.txt,0.0,count,false,25
reut2-011.sgm-745.txt,0.0,count,true,25
reut2-011.sgm-745.txt,0.0,gfidf,false,25
reut2-011.sgm-745.txt,0.0,gfidf,true,25
reut2-011.sgm-745.txt,0.0,idf,false,25
reut2-011.sgm-745.txt,0.0,idf,true,25
reut2-011.sgm-745.txt,0.0,logEntropy,false,25
reut2-011.sgm-745.txt,0.0,logEntropy,true,25
reut2-011.sgm-745.txt,0.0,normal,false,0
reut2-011.sgm-745.txt,0.0,normal,true,0
reut2-011.sgm-745.txt,0.0,tfidf,false,25
reut2-011.sgm-745.txt,0.0,tfidf,true,25
reut2-011.sgm-75.txt,0.0,binary,false,1
reut2-011.sgm-75.txt,0.0,binary,true,4
reut2-011.sgm-75.txt,0.0,count,false,9
reut2-011.sgm-75.txt,0.0,count,true,20
reut2-011.sgm-75.txt,0.0,gfidf,false,9
reut2-011.sgm-75.txt,0.0,gfidf,true,1
reut2-011.sgm-75.txt,0.0,idf,false,4
reut2-011.sgm-75.txt,0.0,idf,true,4
reut2-011.sgm-75.txt,0.0,logEntropy,false,9
reut2-011.sgm-75.txt,0.0,logEntropy,true,1
reut2-011.sgm-75.txt,0.0,normal,false,1
reut2-011.sgm-75.txt,0.0,normal,true,1
reut2-011.sgm-75.txt,0.0,tfidf,false,4
reut2-011.sgm-75.txt,0.0,tfidf,true,4
reut2-011.sgm-751.txt,0.0,binary,false,3
reut2-011.sgm-751.txt,0.0,binary,true,3
reut2-011.sgm-751.txt,0.0,count,false,3
reut2-011.sgm-751.txt,0.0,count,true,3
reut2-011.sgm-751.txt,0.0,gfidf,false,3
reut2-011.sgm-751.txt,0.0,gfidf,true,3
reut2-011.sgm-751.txt,0.0,idf,false,3
reut2-011.sgm-751.txt,0.0,idf,true,3
reut2-011.sgm-751.txt,0.0,logEntropy,false,3
reut2-011.sgm-751.txt,0.0,logEntropy,true,3
reut2-011.sgm-751.txt,0.0,normal,false,3
reut2-011.sgm-751.txt,0.0,normal,true,3
reut2-011.sgm-751.txt,0.0,tfidf,false,22
reut2-011.sgm-751.txt,0.0,tfidf,true,22
reut2-011.sgm-752.txt,0.0,binary,false,18
reut2-011.sgm-752.txt,0.0,binary,true,18
reut2-011.sgm-752.txt,0.0,count,false,22
reut2-011.sgm-752.txt,0.0,count,true,18
reut2-011.sgm-752.txt,0.0,gfidf,false,18
reut2-011.sgm-752.txt,0.0,gfidf,true,18
reut2-011.sgm-752.txt,0.0,idf,false,18
reut2-011.sgm-752.txt,0.0,idf,true,18
reut2-011.sgm-752.txt,0.0,logEntropy,false,18
reut2-011.sgm-752.txt,0.0,logEntropy,true,18
reut2-011.sgm-752.txt,0.0,normal,false,8
reut2-011.sgm-752.txt,0.0,normal,true,8
reut2-011.sgm-752.txt,0.0,tfidf,false,19
reut2-011.sgm-752.txt,0.0,tfidf,true,18
reut2-011.sgm-762.txt,0.0,binary,false,18
reut2-011.sgm-762.txt,0.0,binary,true,18
reut2-011.sgm-762.txt,0.0,count,false,10
reut2-011.sgm-762.txt,0.0,count,true,10
reut2-011.sgm-762.txt,0.0,gfidf,false,10
reut2-011.sgm-762.txt,0.0,gfidf,true,12
reut2-011.sgm-762.txt,0.0,idf,false,18
reut2-011.sgm-762.txt,0.0,idf,true,18
reut2-011.sgm-762.txt,0.0,logEntropy,false,10
reut2-011.sgm-762.txt,0.0,logEntropy,true,10
reut2-011.sgm-762.txt,0.0,normal,false,2
reut2-011.sgm-762.txt,0.0,normal,true,0
reut2-011.sgm-762.txt,0.0,tfidf,false,18
reut2-011.sgm-762.txt,0.0,tfidf,true,18
reut2-011.sgm-767.txt,0.0,binary,false,24
reut2-011.sgm-767.txt,0.0,binary,true,24
reut2-011.sgm-767.txt,0.0,count,false,17
reut2-011.sgm-767.txt,0.0,count,true,12
reut2-011.sgm-767.txt,0.0,gfidf,false,24
reut2-011.sgm-767.txt,0.0,gfidf,true,24
reut2-011.sgm-767.txt,0.0,idf,false,24
reut2-011.sgm-767.txt,0.0,idf,true,24
reut2-011.sgm-767.txt,0.0,logEntropy,false,24
reut2-011.sgm-767.txt,0.0,logEntropy,true,24
reut2-011.sgm-767.txt,0.0,normal,false,24
reut2-011.sgm-767.txt,0.0,normal,true,24
reut2-011.sgm-767.txt,0.0,tfidf,false,12
reut2-011.sgm-767.txt,0.0,tfidf,true,12
reut2-011.sgm-772.txt,0.0,binary,false,30
reut2-011.sgm-772.txt,0.0,binary,true,24
reut2-011.sgm-772.txt,0.0,count,false,30
reut2-011.sgm-772.txt,0.0,count,true,30
reut2-011.sgm-772.txt,0.0,gfidf,false,30
reut2-011.sgm-772.txt,0.0,gfidf,true,24
reut2-011.sgm-772.txt,0.0,idf,false,30
reut2-011.sgm-772.txt,0.0,idf,true,30
reut2-011.sgm-772.txt,0.0,logEntropy,false,30
reut2-011.sgm-772.txt,0.0,logEntropy,true,30
reut2-011.sgm-772.txt,0.0,normal,false,10
reut2-011.sgm-772.txt,0.0,normal,true,10
reut2-011.sgm-772.txt,0.0,tfidf,false,30
reut2-011.sgm-772.txt,0.0,tfidf,true,30
reut2-011.sgm-775.txt,0.0,binary,false,10
reut2-011.sgm-775.txt,0.0,binary,true,10
reut2-011.sgm-775.txt,0.0,count,false,2
reut2-011.sgm-775.txt,0.0,count,true,2
reut2-011.sgm-775.txt,0.0,gfidf,false,10
reut2-011.sgm-775.txt,0.0,gfidf,true,0
reut2-011.sgm-775.txt,0.0,idf,false,10
reut2-011.sgm-775.txt,0.0,idf,true,10
reut2-011.sgm-775.txt,0.0,logEntropy,false,10
reut2-011.sgm-775.txt,0.0,logEntropy,true,0
reut2-011.sgm-775.txt,0.0,normal,false,0
reut2-011.sgm-775.txt,0.0,normal,true,0
reut2-011.sgm-775.txt,0.0,tfidf,false,10
reut2-011.sgm-775.txt,0.0,tfidf,true,10
reut2-011.sgm-780.txt,0.0,binary,false,5
reut2-011.sgm-780.txt,0.0,binary,true,5
reut2-011.sgm-780.txt,0.0,count,false,5
reut2-011.sgm-780.txt,0.0,count,true,16
reut2-011.sgm-780.txt,0.0,gfidf,false,5
reut2-011.sgm-780.txt,0.0,gfidf,true,5
reut2-011.sgm-780.txt,0.0,idf,false,5
reut2-011.sgm-780.txt,0.0,idf,true,16
reut2-011.sgm-780.txt,0.0,logEntropy,false,5
reut2-011.sgm-780.txt,0.0,logEntropy,true,16
reut2-011.sgm-780.txt,0.0,normal,false,5
reut2-011.sgm-780.txt,0.0,normal,true,5
reut2-011.sgm-780.txt,0.0,tfidf,false,25
reut2-011.sgm-780.txt,0.0,tfidf,true,16
reut2-011.sgm-781.txt,0.0,binary,false,8
reut2-011.sgm-781.txt,0.0,binary,true,8
reut2-011.sgm-781.txt,0.0,count,false,8
reut2-011.sgm-781.txt,0.0,count,true,8
reut2-011.sgm-781.txt,0.0,gfidf,false,8
reut2-011.sgm-781.txt,0.0,gfidf,true,8
reut2-011.sgm-781.txt,0.0,idf,false,8
reut2-011.sgm-781.txt,0.0,idf,true,8
reut2-011.sgm-781.txt,0.0,logEntropy,false,8
reut2-011.sgm-781.txt,0.0,logEntropy,true,8
reut2-011.sgm-781.txt,0.0,normal,false,2
reut2-011.sgm-781.txt,0.0,normal,true,2
reut2-011.sgm-781.txt,0.0,tfidf,false,11
reut2-011.sgm-781.txt,0.0,tfidf,true,8
reut2-011.sgm-796.txt,0.0,binary,false,5
reut2-011.sgm-796.txt,0.0,binary,true,14
reut2-011.sgm-796.txt,0.0,count,false,26
reut2-011.sgm-796.txt,0.0,count,true,26
reut2-011.sgm-796.txt,0.0,gfidf,false,5
reut2-011.sgm-796.txt,0.0,gfidf,true,14
reut2-011.sgm-796.txt,0.0,idf,false,5
reut2-011.sgm-796.txt,0.0,idf,true,14
reut2-011.sgm-796.txt,0.0,logEntropy,false,26
reut2-011.sgm-796.txt,0.0,logEntropy,true,26
reut2-011.sgm-796.txt,0.0,normal,false,26
reut2-011.sgm-796.txt,0.0,normal,true,26
reut2-011.sgm-796.txt,0.0,tfidf,false,5
reut2-011.sgm-796.txt,0.0,tfidf,true,5
reut2-011.sgm-81.txt,0.0,binary,false,1
reut2-011.sgm-81.txt,0.0,binary,true,1
reut2-011.sgm-81.txt,0.0,count,false,7
reut2-011.sgm-81.txt,0.0,count,true,1
reut2-011.sgm-81.txt,0.0,gfidf,false,1
reut2-011.sgm-81.txt,0.0,gfidf,true,1
reut2-011.sgm-81.txt,0.0,idf,false,1
reut2-011.sgm-81.txt,0.0,idf,true,1
reut2-011.sgm-81.txt,0.0,logEntropy,false,1
reut2-011.sgm-81.txt,0.0,logEntropy,true,1
reut2-011.sgm-81.txt,0.0,normal,false,6
reut2-011.sgm-81.txt,0.0,normal,true,6
reut2-011.sgm-81.txt,0.0,tfidf,false,1
reut2-011.sgm-81.txt,0.0,tfidf,true,1
reut2-011.sgm-812.txt,0.0,binary,false,2
reut2-011.sgm-812.txt,0.0,binary,true,2
reut2-011.sgm-812.txt,0.0,count,false,4
reut2-011.sgm-812.txt,0.0,count,true,4
reut2-011.sgm-812.txt,0.0,gfidf,false,2
reut2-011.sgm-812.txt,0.0,gfidf,true,2
reut2-011.sgm-812.txt,0.0,idf,false,2
reut2-011.sgm-812.txt,0.0,idf,true,2
reut2-011.sgm-812.txt,0.0,logEntropy,false,4
reut2-011.sgm-812.txt,0.0,logEntropy,true,4
reut2-011.sgm-812.txt,0.0,normal,false,16
reut2-011.sgm-812.txt,0.0,normal,true,16
reut2-011.sgm-812.txt,0.0,tfidf,false,2
reut2-011.sgm-812.txt,0.0,tfidf,true,2
reut2-011.sgm-82.txt,0.0,binary,false,6
reut2-011.sgm-82.txt,0.0,binary,true,2
reut2-011.sgm-82.txt,0.0,count,false,35
reut2-011.sgm-82.txt,0.0,count,true,35
reut2-011.sgm-82.txt,0.0,gfidf,false,6
reut2-011.sgm-82.txt,0.0,gfidf,true,0
reut2-011.sgm-82.txt,0.0,idf,false,2
reut2-011.sgm-82.txt,0.0,idf,true,2
reut2-011.sgm-82.txt,0.0,logEntropy,false,6
reut2-011.sgm-82.txt,0.0,logEntropy,true,35
reut2-011.sgm-82.txt,0.0,normal,false,6
reut2-011.sgm-82.txt,0.0,normal,true,6
reut2-011.sgm-82.txt,0.0,tfidf,false,0
reut2-011.sgm-82.txt,0.0,tfidf,true,28
reut2-011.sgm-822.txt,0.0,binary,false,9
reut2-011.sgm-822.txt,0.0,binary,true,9
reut2-011.sgm-822.txt,0.0,count,false,27
reut2-011.sgm-822.txt,0.0,count,true,20
reut2-011.sgm-822.txt,0.0,gfidf,false,23
reut2-011.sgm-822.txt,0.0,gfidf,true,9
reut2-011.sgm-822.txt,0.0,idf,false,16
reut2-011.sgm-822.txt,0.0,idf,true,16
reut2-011.sgm-822.txt,0.0,logEntropy,false,27
reut2-011.sgm-822.txt,0.0,logEntropy,true,27
reut2-011.sgm-822.txt,0.0,normal,false,23
reut2-011.sgm-822.txt,0.0,normal,true,0
reut2-011.sgm-822.txt,0.0,tfidf,false,27
reut2-011.sgm-822.txt,0.0,tfidf,true,27
reut2-011.sgm-829.txt,3.8067806120424783,binary,false,0
reut2-011.sgm-829.txt,3.8067806120424783,binary,true,0
reut2-011.sgm-829.txt,3.8067806120424783,count,false,14
reut2-011.sgm-829.txt,3.8067806120424783,count,true,0
reut2-011.sgm-829.txt,3.8067806120424783,gfidf,false,0
reut2-011.sgm-829.txt,3.8067806120424783,gfidf,true,0
reut2-011.sgm-829.txt,3.8067806120424783,idf,false,0
reut2-011.sgm-829.txt,3.8067806120424783,idf,true,0
reut2-011.sgm-829.txt,3.8067806120424783,logEntropy,false,0
reut2-011.sgm-829.txt,3.8067806120424783,logEntropy,true,0
reut2-011.sgm-829.txt,3.8067806120424783,normal,false,0
reut2-011.sgm-829.txt,3.8067806120424783,normal,true,0
reut2-011.sgm-829.txt,3.8067806120424783,tfidf,false,0
reut2-011.sgm-829.txt,3.8067806120424783,tfidf,true,0
reut2-011.sgm-83.txt,0.0,binary,false,6
reut2-011.sgm-83.txt,0.0,binary,true,6
reut2-011.sgm-83.txt,0.0,count,false,5
reut2-011.sgm-83.txt,0.0,count,true,5
reut2-011.sgm-83.txt,0.0,gfidf,false,5
reut2-011.sgm-83.txt,0.0,gfidf,true,5
reut2-011.sgm-83.txt,0.0,idf,false,6
reut2-011.sgm-83.txt,0.0,idf,true,6
reut2-011.sgm-83.txt,0.0,logEntropy,false,5
reut2-011.sgm-83.txt,0.0,logEntropy,true,6
reut2-011.sgm-83.txt,0.0,normal,false,5
reut2-011.sgm-83.txt,0.0,normal,true,5
reut2-011.sgm-83.txt,0.0,tfidf,false,5
reut2-011.sgm-83.txt,0.0,tfidf,true,6
reut2-011.sgm-830.txt,3.2813414240305514,binary,false,0
reut2-011.sgm-830.txt,3.2813414240305514,binary,true,0
reut2-011.sgm-830.txt,3.2813414240305514,count,false,0
reut2-011.sgm-830.txt,3.2813414240305514,count,true,0
reut2-011.sgm-830.txt,3.2813414240305514,gfidf,false,10
reut2-011.sgm-830.txt,3.2813414240305514,gfidf,true,0
reut2-011.sgm-830.txt,3.2813414240305514,idf,false,0
reut2-011.sgm-830.txt,3.2813414240305514,idf,true,0
reut2-011.sgm-830.txt,3.2813414240305514,logEntropy,false,0
reut2-011.sgm-830.txt,3.2813414240305514,logEntropy,true,0
reut2-011.sgm-830.txt,3.2813414240305514,normal,false,11
reut2-011.sgm-830.txt,3.2813414240305514,normal,true,11
reut2-011.sgm-830.txt,3.2813414240305514,tfidf,false,10
reut2-011.sgm-830.txt,3.2813414240305514,tfidf,true,0
reut2-011.sgm-842.txt,0.0,binary,false,0
reut2-011.sgm-842.txt,0.0,binary,true,0
reut2-011.sgm-842.txt,0.0,count,false,8
reut2-011.sgm-842.txt,0.0,count,true,10
reut2-011.sgm-842.txt,0.0,gfidf,false,8
reut2-011.sgm-842.txt,0.0,gfidf,true,6
reut2-011.sgm-842.txt,0.0,idf,false,8
reut2-011.sgm-842.txt,0.0,idf,true,1
reut2-011.sgm-842.txt,0.0,logEntropy,false,8
reut2-011.sgm-842.txt,0.0,logEntropy,true,10
reut2-011.sgm-842.txt,0.0,normal,false,0
reut2-011.sgm-842.txt,0.0,normal,true,0
reut2-011.sgm-842.txt,0.0,tfidf,false,8
reut2-011.sgm-842.txt,0.0,tfidf,true,1
reut2-011.sgm-862.txt,0.0,binary,false,10
reut2-011.sgm-862.txt,0.0,binary,true,10
reut2-011.sgm-862.txt,0.0,count,false,0
reut2-011.sgm-862.txt,0.0,count,true,0
reut2-011.sgm-862.txt,0.0,gfidf,false,10
reut2-011.sgm-862.txt,0.0,gfidf,true,10
reut2-011.sgm-862.txt,0.0,idf,false,10
reut2-011.sgm-862.txt,0.0,idf,true,10
reut2-011.sgm-862.txt,0.0,logEntropy,false,10
reut2-011.sgm-862.txt,0.0,logEntropy,true,10
reut2-011.sgm-862.txt,0.0,normal,false,10
reut2-011.sgm-862.txt,0.0,normal,true,0
reut2-011.sgm-862.txt,0.0,tfidf,false,6
reut2-011.sgm-862.txt,0.0,tfidf,true,10
reut2-011.sgm-881.txt,0.0,binary,false,7
reut2-011.sgm-881.txt,0.0,binary,true,0
reut2-011.sgm-881.txt,0.0,count,false,20
reut2-011.sgm-881.txt,0.0,count,true,0
reut2-011.sgm-881.txt,0.0,gfidf,false,7
reut2-011.sgm-881.txt,0.0,gfidf,true,0
reut2-011.sgm-881.txt,0.0,idf,false,7
reut2-011.sgm-881.txt,0.0,idf,true,6
reut2-011.sgm-881.txt,0.0,logEntropy,false,7
reut2-011.sgm-881.txt,0.0,logEntropy,true,0
reut2-011.sgm-881.txt,0.0,normal,false,0
reut2-011.sgm-881.txt,0.0,normal,true,0
reut2-011.sgm-881.txt,0.0,tfidf,false,6
reut2-011.sgm-881.txt,0.0,tfidf,true,6
reut2-011.sgm-913.txt,0.0,binary,false,19
reut2-011.sgm-913.txt,0.0,binary,true,19
reut2-011.sgm-913.txt,0.0,count,false,19
reut2-011.sgm-913.txt,0.0,count,true,19
reut2-011.sgm-913.txt,0.0,gfidf,false,19
reut2-011.sgm-913.txt,0.0,gfidf,true,19
reut2-011.sgm-913.txt,0.0,idf,false,19
reut2-011.sgm-913.txt,0.0,idf,true,19
reut2-011.sgm-913.txt,0.0,logEntropy,false,19
reut2-011.sgm-913.txt,0.0,logEntropy,true,19
reut2-011.sgm-913.txt,0.0,normal,false,13
reut2-011.sgm-913.txt,0.0,normal,true,2
reut2-011.sgm-913.txt,0.0,tfidf,false,9
reut2-011.sgm-913.txt,0.0,tfidf,true,19
reut2-011.sgm-949.txt,2.6918003852647123,binary,false,10
reut2-011.sgm-949.txt,2.6918003852647123,binary,true,10
reut2-011.sgm-949.txt,2.6918003852647123,count,false,0
reut2-011.sgm-949.txt,2.6918003852647123,count,true,0
reut2-011.sgm-949.txt,2.6918003852647123,gfidf,false,10
reut2-011.sgm-949.txt,2.6918003852647123,gfidf,true,0
reut2-011.sgm-949.txt,2.6918003852647123,idf,false,10
reut2-011.sgm-949.txt,2.6918003852647123,idf,true,10
reut2-011.sgm-949.txt,2.6918003852647123,logEntropy,false,0
reut2-011.sgm-949.txt,2.6918003852647123,logEntropy,true,0
reut2-011.sgm-949.txt,2.6918003852647123,normal,false,0
reut2-011.sgm-949.txt,2.6918003852647123,normal,true,0
reut2-011.sgm-949.txt,2.6918003852647123,tfidf,false,10
reut2-011.sgm-949.txt,2.6918003852647123,tfidf,true,10
reut2-011.sgm-955.txt,0.0,binary,false,14
reut2-011.sgm-955.txt,0.0,binary,true,14
reut2-011.sgm-955.txt,0.0,count,false,0
reut2-011.sgm-955.txt,0.0,count,true,0
reut2-011.sgm-955.txt,0.0,gfidf,false,0
reut2-011.sgm-955.txt,0.0,gfidf,true,0
reut2-011.sgm-955.txt,0.0,idf,false,14
reut2-011.sgm-955.txt,0.0,idf,true,14
reut2-011.sgm-955.txt,0.0,logEntropy,false,0
reut2-011.sgm-955.txt,0.0,logEntropy,true,0
reut2-011.sgm-955.txt,0.0,normal,false,0
reut2-011.sgm-955.txt,0.0,normal,true,0
reut2-011.sgm-955.txt,0.0,tfidf,false,0
reut2-011.sgm-955.txt,0.0,tfidf,true,0
reut2-011.sgm-985.txt,0.0,binary,false,9
reut2-011.sgm-985.txt,0.0,binary,true,9
reut2-011.sgm-985.txt,0.0,count,false,9
reut2-011.sgm-985.txt,0.0,count,true,9
reut2-011.sgm-985.txt,0.0,gfidf,false,9
reut2-011.sgm-985.txt,0.0,gfidf,true,8
reut2-011.sgm-985.txt,0.0,idf,false,9
reut2-011.sgm-985.txt,0.0,idf,true,9
reut2-011.sgm-985.txt,0.0,logEntropy,false,9
reut2-011.sgm-985.txt,0.0,logEntropy,true,8
reut2-011.sgm-985.txt,0.0,normal,false,9
reut2-011.sgm-985.txt,0.0,normal,true,8
reut2-011.sgm-985.txt,0.0,tfidf,false,9
reut2-011.sgm-985.txt,0.0,tfidf,true,9
reut2-012.sgm-1.txt,0.0,binary,false,5
reut2-012.sgm-1.txt,0.0,binary,true,5
reut2-012.sgm-1.txt,0.0,count,false,5
reut2-012.sgm-1.txt,0.0,count,true,5
reut2-012.sgm-1.txt,0.0,gfidf,false,5
reut2-012.sgm-1.txt,0.0,gfidf,true,5
reut2-012.sgm-1.txt,0.0,idf,false,5
reut2-012.sgm-1.txt,0.0,idf,true,5
reut2-012.sgm-1.txt,0.0,logEntropy,false,5
reut2-012.sgm-1.txt,0.0,logEntropy,true,5
reut2-012.sgm-1.txt,0.0,normal,false,5
reut2-012.sgm-1.txt,0.0,normal,true,5
reut2-012.sgm-1.txt,0.0,tfidf,false,0
reut2-012.sgm-1.txt,0.0,tfidf,true,0
reut2-012.sgm-10.txt,0.0,binary,false,13
reut2-012.sgm-10.txt,0.0,binary,true,13
reut2-012.sgm-10.txt,0.0,count,false,0
reut2-012.sgm-10.txt,0.0,count,true,0
reut2-012.sgm-10.txt,0.0,gfidf,false,13
reut2-012.sgm-10.txt,0.0,gfidf,true,13
reut2-012.sgm-10.txt,0.0,idf,false,13
reut2-012.sgm-10.txt,0.0,idf,true,13
reut2-012.sgm-10.txt,0.0,logEntropy,false,13
reut2-012.sgm-10.txt,0.0,logEntropy,true,0
reut2-012.sgm-10.txt,0.0,normal,false,13
reut2-012.sgm-10.txt,0.0,normal,true,0
reut2-012.sgm-10.txt,0.0,tfidf,false,9
reut2-012.sgm-10.txt,0.0,tfidf,true,9
reut2-012.sgm-12.txt,0.0,binary,false,22
reut2-012.sgm-12.txt,0.0,binary,true,0
reut2-012.sgm-12.txt,0.0,count,false,18
reut2-012.sgm-12.txt,0.0,count,true,18
reut2-012.sgm-12.txt,0.0,gfidf,false,22
reut2-012.sgm-12.txt,0.0,gfidf,true,0
reut2-012.sgm-12.txt,0.0,idf,false,22
reut2-012.sgm-12.txt,0.0,idf,true,7
reut2-012.sgm-12.txt,0.0,logEntropy,false,22
reut2-012.sgm-12.txt,0.0,logEntropy,true,0
reut2-012.sgm-12.txt,0.0,normal,false,0
reut2-012.sgm-12.txt,0.0,normal,true,0
reut2-012.sgm-12.txt,0.0,tfidf,false,7
reut2-012.sgm-12.txt,0.0,tfidf,true,18
reut2-012.sgm-120.txt,0.0,binary,false,11
reut2-012.sgm-120.txt,0.0,binary,true,7
reut2-012.sgm-120.txt,0.0,count,false,7
reut2-012.sgm-120.txt,0.0,count,true,7
reut2-012.sgm-120.txt,0.0,gfidf,false,7
reut2-012.sgm-120.txt,0.0,gfidf,true,7
reut2-012.sgm-120.txt,0.0,idf,false,1
reut2-012.sgm-120.txt,0.0,idf,true,1
reut2-012.sgm-120.txt,0.0,logEntropy,false,7
reut2-012.sgm-120.txt,0.0,logEntropy,true,7
reut2-012.sgm-120.txt,0.0,normal,false,7
reut2-012.sgm-120.txt,0.0,normal,true,7
reut2-012.sgm-120.txt,0.0,tfidf,false,1
reut2-012.sgm-120.txt,0.0,tfidf,true,1
reut2-012.sgm-135.txt,0.0,binary,false,27
reut2-012.sgm-135.txt,0.0,binary,true,0
reut2-012.sgm-135.txt,0.0,count,false,29
reut2-012.sgm-135.txt,0.0,count,true,29
reut2-012.sgm-135.txt,0.0,gfidf,false,29
reut2-012.sgm-135.txt,0.0,gfidf,true,29
reut2-012.sgm-135.txt,0.0,idf,false,22
reut2-012.sgm-135.txt,0.0,idf,true,27
reut2-012.sgm-135.txt,0.0,logEntropy,false,29
reut2-012.sgm-135.txt,0.0,logEntropy,true,0
reut2-012.sgm-135.txt,0.0,normal,false,29
reut2-012.sgm-135.txt,0.0,normal,true,29
reut2-012.sgm-135.txt,0.0,tfidf,false,29
reut2-012.sgm-135.txt,0.0,tfidf,true,27
reut2-012.sgm-142.txt,0.0,binary,false,22
reut2-012.sgm-142.txt,0.0,binary,true,22
reut2-012.sgm-142.txt,0.0,count,false,8
reut2-012.sgm-142.txt,0.0,count,true,17
reut2-012.sgm-142.txt,0.0,gfidf,false,24
reut2-012.sgm-142.txt,0.0,gfidf,true,24
reut2-012.sgm-142.txt,0.0,idf,false,10
reut2-012.sgm-142.txt,0.0,idf,true,10
reut2-012.sgm-142.txt,0.0,logEntropy,false,22
reut2-012.sgm-142.txt,0.0,logEntropy,true,22
reut2-012.sgm-142.txt,0.0,normal,false,28
reut2-012.sgm-142.txt,0.0,normal,true,28
reut2-012.sgm-142.txt,0.0,tfidf,false,10
reut2-012.sgm-142.txt,0.0,tfidf,true,10
reut2-012.sgm-145.txt,0.0,binary,false,7
reut2-012.sgm-145.txt,0.0,binary,true,7
reut2-012.sgm-145.txt,0.0,count,false,7
reut2-012.sgm-145.txt,0.0,count,true,7
reut2-012.sgm-145.txt,0.0,gfidf,false,7
reut2-012.sgm-145.txt,0.0,gfidf,true,7
reut2-012.sgm-145.txt,0.0,idf,false,7
reut2-012.sgm-145.txt,0.0,idf,true,7
reut2-012.sgm-145.txt,0.0,logEntropy,false,7
reut2-012.sgm-145.txt,0.0,logEntropy,true,7
reut2-012.sgm-145.txt,0.0,normal,false,7
reut2-012.sgm-145.txt,0.0,normal,true,8
reut2-012.sgm-145.txt,0.0,tfidf,false,7
reut2-012.sgm-145.txt,0.0,tfidf,true,7
reut2-012.sgm-155.txt,0.0,binary,false,4
reut2-012.sgm-155.txt,0.0,binary,true,11
reut2-012.sgm-155.txt,0.0,count,false,13
reut2-012.sgm-155.txt,0.0,count,true,11
reut2-012.sgm-155.txt,0.0,gfidf,false,13
reut2-012.sgm-155.txt,0.0,gfidf,true,13
reut2-012.sgm-155.txt,0.0,idf,false,13
reut2-012.sgm-155.txt,0.0,idf,true,13
reut2-012.sgm-155.txt,0.0,logEntropy,false,13
reut2-012.sgm-155.txt,0.0,logEntropy,true,11
reut2-012.sgm-155.txt,0.0,normal,false,4
reut2-012.sgm-155.txt,0.0,normal,true,2
reut2-012.sgm-155.txt,0.0,tfidf,false,13
reut2-012.sgm-155.txt,0.0,tfidf,true,13
reut2-012.sgm-157.txt,0.0,binary,false,10
reut2-012.sgm-157.txt,0.0,binary,true,10
reut2-012.sgm-157.txt,0.0,count,false,10
reut2-012.sgm-157.txt,0.0,count,true,10
reut2-012.sgm-157.txt,0.0,gfidf,false,9
reut2-012.sgm-157.txt,0.0,gfidf,true,10
reut2-012.sgm-157.txt,0.0,idf,false,9
reut2-012.sgm-157.txt,0.0,idf,true,6
reut2-012.sgm-157.txt,0.0,logEntropy,false,10
reut2-012.sgm-157.txt,0.0,logEntropy,true,10
reut2-012.sgm-157.txt,0.0,normal,false,10
reut2-012.sgm-157.txt,0.0,normal,true,10
reut2-012.sgm-157.txt,0.0,tfidf,false,9
reut2-012.sgm-157.txt,0.0,tfidf,true,6
reut2-012.sgm-159.txt,0.0,binary,false,0
reut2-012.sgm-159.txt,0.0,binary,true,0
reut2-012.sgm-159.txt,0.0,count,false,12
reut2-012.sgm-159.txt,0.0,count,true,16
reut2-012.sgm-159.txt,0.0,gfidf,false,12
reut2-012.sgm-159.txt,0.0,gfidf,true,0
reut2-012.sgm-159.txt,0.0,idf,false,0
reut2-012.sgm-159.txt,0.0,idf,true,0
reut2-012.sgm-159.txt,0.0,logEntropy,false,12
reut2-012.sgm-159.txt,0.0,logEntropy,true,12
reut2-012.sgm-159.txt,0.0,normal,false,12
reut2-012.sgm-159.txt,0.0,normal,true,12
reut2-012.sgm-159.txt,0.0,tfidf,false,9
reut2-012.sgm-159.txt,0.0,tfidf,true,0
reut2-012.sgm-179.txt,0.0,binary,false,5
reut2-012.sgm-179.txt,0.0,binary,true,14
reut2-012.sgm-179.txt,0.0,count,false,26
reut2-012.sgm-179.txt,0.0,count,true,26
reut2-012.sgm-179.txt,0.0,gfidf,false,5
reut2-012.sgm-179.txt,0.0,gfidf,true,14
reut2-012.sgm-179.txt,0.0,idf,false,5
reut2-012.sgm-179.txt,0.0,idf,true,14
reut2-012.sgm-179.txt,0.0,logEntropy,false,26
reut2-012.sgm-179.txt,0.0,logEntropy,true,26
reut2-012.sgm-179.txt,0.0,normal,false,26
reut2-012.sgm-179.txt,0.0,normal,true,26
reut2-012.sgm-179.txt,0.0,tfidf,false,5
reut2-012.sgm-179.txt,0.0,tfidf,true,5
reut2-012.sgm-180.txt,3.6748713410136005,binary,false,0
reut2-012.sgm-180.txt,3.6748713410136005,binary,true,0
reut2-012.sgm-180.txt,3.6748713410136005,count,false,0
reut2-012.sgm-180.txt,3.6748713410136005,count,true,0
reut2-012.sgm-180.txt,3.6748713410136005,gfidf,false,0
reut2-012.sgm-180.txt,3.6748713410136005,gfidf,true,0
reut2-012.sgm-180.txt,3.6748713410136005,idf,false,0
reut2-012.sgm-180.txt,3.6748713410136005,idf,true,0
reut2-012.sgm-180.txt,3.6748713410136005,logEntropy,false,0
reut2-012.sgm-180.txt,3.6748713410136005,logEntropy,true,0
reut2-012.sgm-180.txt,3.6748713410136005,normal,false,0
reut2-012.sgm-180.txt,3.6748713410136005,normal,true,0
reut2-012.sgm-180.txt,3.6748713410136005,tfidf,false,12
reut2-012.sgm-180.txt,3.6748713410136005,tfidf,true,9
reut2-012.sgm-187.txt,0.0,binary,false,15
reut2-012.sgm-187.txt,0.0,binary,true,15
reut2-012.sgm-187.txt,0.0,count,false,15
reut2-012.sgm-187.txt,0.0,count,true,3
reut2-012.sgm-187.txt,0.0,gfidf,false,15
reut2-012.sgm-187.txt,0.0,gfidf,true,15
reut2-012.sgm-187.txt,0.0,idf,false,15
reut2-012.sgm-187.txt,0.0,idf,true,15
reut2-012.sgm-187.txt,0.0,logEntropy,false,15
reut2-012.sgm-187.txt,0.0,logEntropy,true,15
reut2-012.sgm-187.txt,0.0,normal,false,21
reut2-012.sgm-187.txt,0.0,normal,true,21
reut2-012.sgm-187.txt,0.0,tfidf,false,15
reut2-012.sgm-187.txt,0.0,tfidf,true,15
reut2-012.sgm-194.txt,0.0,binary,false,13
reut2-012.sgm-194.txt,0.0,binary,true,13
reut2-012.sgm-194.txt,0.0,count,false,13
reut2-012.sgm-194.txt,0.0,count,true,19
reut2-012.sgm-194.txt,0.0,gfidf,false,13
reut2-012.sgm-194.txt,0.0,gfidf,true,19
reut2-012.sgm-194.txt,0.0,idf,false,13
reut2-012.sgm-194.txt,0.0,idf,true,17
reut2-012.sgm-194.txt,0.0,logEntropy,false,13
reut2-012.sgm-194.txt,0.0,logEntropy,true,19
reut2-012.sgm-194.txt,0.0,normal,false,0
reut2-012.sgm-194.txt,0.0,normal,true,18
reut2-012.sgm-194.txt,0.0,tfidf,false,13
reut2-012.sgm-194.txt,0.0,tfidf,true,19
reut2-012.sgm-202.txt,3.447891284987911,binary,false,0
reut2-012.sgm-202.txt,3.447891284987911,binary,true,0
reut2-012.sgm-202.txt,3.447891284987911,count,false,0
reut2-012.sgm-202.txt,3.447891284987911,count,true,0
reut2-012.sgm-202.txt,3.447891284987911,gfidf,false,0
reut2-012.sgm-202.txt,3.447891284987911,gfidf,true,0
reut2-012.sgm-202.txt,3.447891284987911,idf,false,0
reut2-012.sgm-202.txt,3.447891284987911,idf,true,0
reut2-012.sgm-202.txt,3.447891284987911,logEntropy,false,0
reut2-012.sgm-202.txt,3.447891284987911,logEntropy,true,0
reut2-012.sgm-202.txt,3.447891284987911,normal,false,0
reut2-012.sgm-202.txt,3.447891284987911,normal,true,0
reut2-012.sgm-202.txt,3.447891284987911,tfidf,false,5
reut2-012.sgm-202.txt,3.447891284987911,tfidf,true,4
reut2-012.sgm-207.txt,0.0,binary,false,11
reut2-012.sgm-207.txt,0.0,binary,true,1
reut2-012.sgm-207.txt,0.0,count,false,11
reut2-012.sgm-207.txt,0.0,count,true,17
reut2-012.sgm-207.txt,0.0,gfidf,false,11
reut2-012.sgm-207.txt,0.0,gfidf,true,1
reut2-012.sgm-207.txt,0.0,idf,false,11
reut2-012.sgm-207.txt,0.0,idf,true,1
reut2-012.sgm-207.txt,0.0,logEntropy,false,11
reut2-012.sgm-207.txt,0.0,logEntropy,true,17
reut2-012.sgm-207.txt,0.0,normal,false,0
reut2-012.sgm-207.txt,0.0,normal,true,0
reut2-012.sgm-207.txt,0.0,tfidf,false,11
reut2-012.sgm-207.txt,0.0,tfidf,true,18
reut2-012.sgm-208.txt,0.0,binary,false,0
reut2-012.sgm-208.txt,0.0,binary,true,1
reut2-012.sgm-208.txt,0.0,count,false,10
reut2-012.sgm-208.txt,0.0,count,true,10
reut2-012.sgm-208.txt,0.0,gfidf,false,10
reut2-012.sgm-208.txt,0.0,gfidf,true,10
reut2-012.sgm-208.txt,0.0,idf,false,0
reut2-012.sgm-208.txt,0.0,idf,true,21
reut2-012.sgm-208.txt,0.0,logEntropy,false,10
reut2-012.sgm-208.txt,0.0,logEntropy,true,10
reut2-012.sgm-208.txt,0.0,normal,false,0
reut2-012.sgm-208.txt,0.0,normal,true,0
reut2-012.sgm-208.txt,0.0,tfidf,false,10
reut2-012.sgm-208.txt,0.0,tfidf,true,10
reut2-012.sgm-24.txt,2.0,binary,false,1
reut2-012.sgm-24.txt,2.0,binary,true,1
reut2-012.sgm-24.txt,2.0,count,false,36
reut2-012.sgm-24.txt,2.0,count,true,36
reut2-012.sgm-24.txt,2.0,gfidf,false,1
reut2-012.sgm-24.txt,2.0,gfidf,true,1
reut2-012.sgm-24.txt,2.0,idf,false,1
reut2-012.sgm-24.txt,2.0,idf,true,1
reut2-012.sgm-24.txt,2.0,logEntropy,false,1
reut2-012.sgm-24.txt,2.0,logEntropy,true,36
reut2-012.sgm-24.txt,2.0,normal,false,1
reut2-012.sgm-24.txt,2.0,normal,true,1
reut2-012.sgm-24.txt,2.0,tfidf,false,1
reut2-012.sgm-24.txt,2.0,tfidf,true,1
reut2-012.sgm-25.txt,0.0,binary,false,30
reut2-012.sgm-25.txt,0.0,binary,true,1
reut2-012.sgm-25.txt,0.0,count,false,3
reut2-012.sgm-25.txt,0.0,count,true,30
reut2-012.sgm-25.txt,0.0,gfidf,false,3
reut2-012.sgm-25.txt,0.0,gfidf,true,1
reut2-012.sgm-25.txt,0.0,idf,false,3
reut2-012.sgm-25.txt,0.0,idf,true,1
reut2-012.sgm-25.txt,0.0,logEntropy,false,3
reut2-012.sgm-25.txt,0.0,logEntropy,true,1
reut2-012.sgm-25.txt,0.0,normal,false,30
reut2-012.sgm-25.txt,0.0,normal,true,1
reut2-012.sgm-25.txt,0.0,tfidf,false,3
reut2-012.sgm-25.txt,0.0,tfidf,true,30
reut2-012.sgm-276.txt,0.0,binary,false,1
reut2-012.sgm-276.txt,0.0,binary,true,1
reut2-012.sgm-276.txt,0.0,count,false,4
reut2-012.sgm-276.txt,0.0,count,true,4
reut2-012.sgm-276.txt,0.0,gfidf,false,5
reut2-012.sgm-276.txt,0.0,gfidf,true,1
reut2-012.sgm-276.txt,0.0,idf,false,29
reut2-012.sgm-276.txt,0.0,idf,true,29
reut2-012.sgm-276.txt,0.0,logEntropy,false,4
reut2-012.sgm-276.txt,0.0,logEntropy,true,4
reut2-012.sgm-276.txt,0.0,normal,false,7
reut2-012.sgm-276.txt,0.0,normal,true,1
reut2-012.sgm-276.txt,0.0,tfidf,false,29
reut2-012.sgm-276.txt,0.0,tfidf,true,29
reut2-012.sgm-278.txt,0.0,binary,false,12
reut2-012.sgm-278.txt,0.0,binary,true,0
reut2-012.sgm-278.txt,0.0,count,false,16
reut2-012.sgm-278.txt,0.0,count,true,0
reut2-012.sgm-278.txt,0.0,gfidf,false,12
reut2-012.sgm-278.txt,0.0,gfidf,true,12
reut2-012.sgm-278.txt,0.0,idf,false,4
reut2-012.sgm-278.txt,0.0,idf,true,10
reut2-012.sgm-278.txt,0.0,logEntropy,false,12
reut2-012.sgm-278.txt,0.0,logEntropy,true,0
reut2-012.sgm-278.txt,0.0,normal,false,6
reut2-012.sgm-278.txt,0.0,normal,true,6
reut2-012.sgm-278.txt,0.0,tfidf,false,4
reut2-012.sgm-278.txt,0.0,tfidf,true,4
reut2-012.sgm-291.txt,0.0,binary,false,15
reut2-012.sgm-291.txt,0.0,binary,true,15
reut2-012.sgm-291.txt,0.0,count,false,15
reut2-012.sgm-291.txt,0.0,count,true,16
reut2-012.sgm-291.txt,0.0,gfidf,false,15
reut2-012.sgm-291.txt,0.0,gfidf,true,15
reut2-012.sgm-291.txt,0.0,idf,false,15
reut2-012.sgm-291.txt,0.0,idf,true,15
reut2-012.sgm-291.txt,0.0,logEntropy,false,15
reut2-012.sgm-291.txt,0.0,logEntropy,true,15
reut2-012.sgm-291.txt,0.0,normal,false,10
reut2-012.sgm-291.txt,0.0,normal,true,15
reut2-012.sgm-291.txt,0.0,tfidf,false,15
reut2-012.sgm-291.txt,0.0,tfidf,true,15
reut2-012.sgm-327.txt,0.0,binary,false,29
reut2-012.sgm-327.txt,0.0,binary,true,23
reut2-012.sgm-327.txt,0.0,count,false,23
reut2-012.sgm-327.txt,0.0,count,true,23
reut2-012.sgm-327.txt,0.0,gfidf,false,29
reut2-012.sgm-327.txt,0.0,gfidf,true,23
reut2-012.sgm-327.txt,0.0,idf,false,29
reut2-012.sgm-327.txt,0.0,idf,true,14
reut2-012.sgm-327.txt,0.0,logEntropy,false,23
reut2-012.sgm-327.txt,0.0,logEntropy,true,23
reut2-012.sgm-327.txt,0.0,normal,false,23
reut2-012.sgm-327.txt,0.0,normal,true,23
reut2-012.sgm-327.txt,0.0,tfidf,false,28
reut2-012.sgm-327.txt,0.0,tfidf,true,14
reut2-012.sgm-336.txt,0.0,binary,false,10
reut2-012.sgm-336.txt,0.0,binary,true,10
reut2-012.sgm-336.txt,0.0,count,false,10
reut2-012.sgm-336.txt,0.0,count,true,10
reut2-012.sgm-336.txt,0.0,gfidf,false,10
reut2-012.sgm-336.txt,0.0,gfidf,true,10
reut2-012.sgm-336.txt,0.0,idf,false,10
reut2-012.sgm-336.txt,0.0,idf,true,10
reut2-012.sgm-336.txt,0.0,logEntropy,false,10
reut2-012.sgm-336.txt,0.0,logEntropy,true,10
reut2-012.sgm-336.txt,0.0,normal,false,2
reut2-012.sgm-336.txt,0.0,normal,true,2
reut2-012.sgm-336.txt,0.0,tfidf,false,10
reut2-012.sgm-336.txt,0.0,tfidf,true,10
reut2-012.sgm-339.txt,0.0,binary,false,2
reut2-012.sgm-339.txt,0.0,binary,true,2
reut2-012.sgm-339.txt,0.0,count,false,2
reut2-012.sgm-339.txt,0.0,count,true,2
reut2-012.sgm-339.txt,0.0,gfidf,false,2
reut2-012.sgm-339.txt,0.0,gfidf,true,2
reut2-012.sgm-339.txt,0.0,idf,false,2
reut2-012.sgm-339.txt,0.0,idf,true,2
reut2-012.sgm-339.txt,0.0,logEntropy,false,2
reut2-012.sgm-339.txt,0.0,logEntropy,true,2
reut2-012.sgm-339.txt,0.0,normal,false,2
reut2-012.sgm-339.txt,0.0,normal,true,2
reut2-012.sgm-339.txt,0.0,tfidf,false,2
reut2-012.sgm-339.txt,0.0,tfidf,true,2
reut2-012.sgm-354.txt,0.0,binary,false,2
reut2-012.sgm-354.txt,0.0,binary,true,2
reut2-012.sgm-354.txt,0.0,count,false,2
reut2-012.sgm-354.txt,0.0,count,true,2
reut2-012.sgm-354.txt,0.0,gfidf,false,2
reut2-012.sgm-354.txt,0.0,gfidf,true,2
reut2-012.sgm-354.txt,0.0,idf,false,2
reut2-012.sgm-354.txt,0.0,idf,true,17
reut2-012.sgm-354.txt,0.0,logEntropy,false,2
reut2-012.sgm-354.txt,0.0,logEntropy,true,2
reut2-012.sgm-354.txt,0.0,normal,false,2
reut2-012.sgm-354.txt,0.0,normal,true,2
reut2-012.sgm-354.txt,0.0,tfidf,false,2
reut2-012.sgm-354.txt,0.0,tfidf,true,17
reut2-012.sgm-371.txt,0.0,binary,false,1
reut2-012.sgm-371.txt,0.0,binary,true,1
reut2-012.sgm-371.txt,0.0,count,false,15
reut2-012.sgm-371.txt,0.0,count,true,31
reut2-012.sgm-371.txt,0.0,gfidf,false,1
reut2-012.sgm-371.txt,0.0,gfidf,true,1
reut2-012.sgm-371.txt,0.0,idf,false,15
reut2-012.sgm-371.txt,0.0,idf,true,4
reut2-012.sgm-371.txt,0.0,logEntropy,false,15
reut2-012.sgm-371.txt,0.0,logEntropy,true,31
reut2-012.sgm-371.txt,0.0,normal,false,3
reut2-012.sgm-371.txt,0.0,normal,true,3
reut2-012.sgm-371.txt,0.0,tfidf,false,10
reut2-012.sgm-371.txt,0.0,tfidf,true,10
reut2-012.sgm-380.txt,0.0,binary,false,20
reut2-012.sgm-380.txt,0.0,binary,true,20
reut2-012.sgm-380.txt,0.0,count,false,20
reut2-012.sgm-380.txt,0.0,count,true,20
reut2-012.sgm-380.txt,0.0,gfidf,false,20
reut2-012.sgm-380.txt,0.0,gfidf,true,20
reut2-012.sgm-380.txt,0.0,idf,false,20
reut2-012.sgm-380.txt,0.0,idf,true,20
reut2-012.sgm-380.txt,0.0,logEntropy,false,20
reut2-012.sgm-380.txt,0.0,logEntropy,true,20
reut2-012.sgm-380.txt,0.0,normal,false,20
reut2-012.sgm-380.txt,0.0,normal,true,2
reut2-012.sgm-380.txt,0.0,tfidf,false,20
reut2-012.sgm-380.txt,0.0,tfidf,true,20
reut2-012.sgm-393.txt,0.0,binary,false,7
reut2-012.sgm-393.txt,0.0,binary,true,7
reut2-012.sgm-393.txt,0.0,count,false,6
reut2-012.sgm-393.txt,0.0,count,true,6
reut2-012.sgm-393.txt,0.0,gfidf,false,7
reut2-012.sgm-393.txt,0.0,gfidf,true,7
reut2-012.sgm-393.txt,0.0,idf,false,15
reut2-012.sgm-393.txt,0.0,idf,true,15
reut2-012.sgm-393.txt,0.0,logEntropy,false,7
reut2-012.sgm-393.txt,0.0,logEntropy,true,6
reut2-012.sgm-393.txt,0.0,normal,false,7
reut2-012.sgm-393.txt,0.0,normal,true,7
reut2-012.sgm-393.txt,0.0,tfidf,false,22
reut2-012.sgm-393.txt,0.0,tfidf,true,22
reut2-012.sgm-395.txt,0.0,binary,false,3
reut2-012.sgm-395.txt,0.0,binary,true,3
reut2-012.sgm-395.txt,0.0,count,false,3
reut2-012.sgm-395.txt,0.0,count,true,3
reut2-012.sgm-395.txt,0.0,gfidf,false,3
reut2-012.sgm-395.txt,0.0,gfidf,true,3
reut2-012.sgm-395.txt,0.0,idf,false,3
reut2-012.sgm-395.txt,0.0,idf,true,3
reut2-012.sgm-395.txt,0.0,logEntropy,false,3
reut2-012.sgm-395.txt,0.0,logEntropy,true,3
reut2-012.sgm-395.txt,0.0,normal,false,3
reut2-012.sgm-395.txt,0.0,normal,true,3
reut2-012.sgm-395.txt,0.0,tfidf,false,3
reut2-012.sgm-395.txt,0.0,tfidf,true,3
reut2-012.sgm-396.txt,0.0,binary,false,2
reut2-012.sgm-396.txt,0.0,binary,true,10
reut2-012.sgm-396.txt,0.0,count,false,2
reut2-012.sgm-396.txt,0.0,count,true,10
reut2-012.sgm-396.txt,0.0,gfidf,false,2
reut2-012.sgm-396.txt,0.0,gfidf,true,10
reut2-012.sgm-396.txt,0.0,idf,false,2
reut2-012.sgm-396.txt,0.0,idf,true,10
reut2-012.sgm-396.txt,0.0,logEntropy,false,2
reut2-012.sgm-396.txt,0.0,logEntropy,true,10
reut2-012.sgm-396.txt,0.0,normal,false,7
reut2-012.sgm-396.txt,0.0,normal,true,7
reut2-012.sgm-396.txt,0.0,tfidf,false,2
reut2-012.sgm-396.txt,0.0,tfidf,true,10
reut2-012.sgm-406.txt,0.0,binary,false,9
reut2-012.sgm-406.txt,0.0,binary,true,6
reut2-012.sgm-406.txt,0.0,count,false,6
reut2-012.sgm-406.txt,0.0,count,true,16
reut2-012.sgm-406.txt,0.0,gfidf,false,6
reut2-012.sgm-406.txt,0.0,gfidf,true,6
reut2-012.sgm-406.txt,0.0,idf,false,9
reut2-012.sgm-406.txt,0.0,idf,true,2
reut2-012.sgm-406.txt,0.0,logEntropy,false,6
reut2-012.sgm-406.txt,0.0,logEntropy,true,6
reut2-012.sgm-406.txt,0.0,normal,false,6
reut2-012.sgm-406.txt,0.0,normal,true,6
reut2-012.sgm-406.txt,0.0,tfidf,false,2
reut2-012.sgm-406.txt,0.0,tfidf,true,2
reut2-012.sgm-408.txt,0.0,binary,false,7
reut2-012.sgm-408.txt,0.0,binary,true,7
reut2-012.sgm-408.txt,0.0,count,false,7
reut2-012.sgm-408.txt,0.0,count,true,7
reut2-012.sgm-408.txt,0.0,gfidf,false,7
reut2-012.sgm-408.txt,0.0,gfidf,true,17
reut2-012.sgm-408.txt,0.0,idf,false,7
reut2-012.sgm-408.txt,0.0,idf,true,7
reut2-012.sgm-408.txt,0.0,logEntropy,false,7
reut2-012.sgm-408.txt,0.0,logEntropy,true,17
reut2-012.sgm-408.txt,0.0,normal,false,17
reut2-012.sgm-408.txt,0.0,normal,true,17
reut2-012.sgm-408.txt,0.0,tfidf,false,7
reut2-012.sgm-408.txt,0.0,tfidf,true,7
reut2-012.sgm-419.txt,0.0,binary,false,1
reut2-012.sgm-419.txt,0.0,binary,true,1
reut2-012.sgm-419.txt,0.0,count,false,13
reut2-012.sgm-419.txt,0.0,count,true,1
reut2-012.sgm-419.txt,0.0,gfidf,false,13
reut2-012.sgm-419.txt,0.0,gfidf,true,1
reut2-012.sgm-419.txt,0.0,idf,false,1
reut2-012.sgm-419.txt,0.0,idf,true,1
reut2-012.sgm-419.txt,0.0,logEntropy,false,13
reut2-012.sgm-419.txt,0.0,logEntropy,true,1
reut2-012.sgm-419.txt,0.0,normal,false,13
reut2-012.sgm-419.txt,0.0,normal,true,0
reut2-012.sgm-419.txt,0.0,tfidf,false,10
reut2-012.sgm-419.txt,0.0,tfidf,true,10
reut2-012.sgm-43.txt,0.0,binary,false,1
reut2-012.sgm-43.txt,0.0,binary,true,1
reut2-012.sgm-43.txt,0.0,count,false,5
reut2-012.sgm-43.txt,0.0,count,true,5
reut2-012.sgm-43.txt,0.0,gfidf,false,13
reut2-012.sgm-43.txt,0.0,gfidf,true,1
reut2-012.sgm-43.txt,0.0,idf,false,13
reut2-012.sgm-43.txt,0.0,idf,true,13
reut2-012.sgm-43.txt,0.0,logEntropy,false,5
reut2-012.sgm-43.txt,0.0,logEntropy,true,5
reut2-012.sgm-43.txt,0.0,normal,false,1
reut2-012.sgm-43.txt,0.0,normal,true,5
reut2-012.sgm-43.txt,0.0,tfidf,false,13
reut2-012.sgm-43.txt,0.0,tfidf,true,13
reut2-012.sgm-430.txt,0.0,binary,false,0
reut2-012.sgm-430.txt,0.0,binary,true,0
reut2-012.sgm-430.txt,0.0,count,false,0
reut2-012.sgm-430.txt,0.0,count,true,0
reut2-012.sgm-430.txt,0.0,gfidf,false,0
reut2-012.sgm-430.txt,0.0,gfidf,true,0
reut2-012.sgm-430.txt,0.0,idf,false,10
reut2-012.sgm-430.txt,0.0,idf,true,20
reut2-012.sgm-430.txt,0.0,logEntropy,false,0
reut2-012.sgm-430.txt,0.0,logEntropy,true,0
reut2-012.sgm-430.txt,0.0,normal,false,0
reut2-012.sgm-430.txt,0.0,normal,true,0
reut2-012.sgm-430.txt,0.0,tfidf,false,20
reut2-012.sgm-430.txt,0.0,tfidf,true,20
reut2-012.sgm-431.txt,0.0,binary,false,3
reut2-012.sgm-431.txt,0.0,binary,true,3
reut2-012.sgm-431.txt,0.0,count,false,12
reut2-012.sgm-431.txt,0.0,count,true,12
reut2-012.sgm-431.txt,0.0,gfidf,false,12
reut2-012.sgm-431.txt,0.0,gfidf,true,12
reut2-012.sgm-431.txt,0.0,idf,false,3
reut2-012.sgm-431.txt,0.0,idf,true,3
reut2-012.sgm-431.txt,0.0,logEntropy,false,12
reut2-012.sgm-431.txt,0.0,logEntropy,true,12
reut2-012.sgm-431.txt,0.0,normal,false,9
reut2-012.sgm-431.txt,0.0,normal,true,18
reut2-012.sgm-431.txt,0.0,tfidf,false,12
reut2-012.sgm-431.txt,0.0,tfidf,true,12
reut2-012.sgm-433.txt,1.640670712015276,binary,false,7
reut2-012.sgm-433.txt,1.640670712015276,binary,true,7
reut2-012.sgm-433.txt,1.640670712015276,count,false,1
reut2-012.sgm-433.txt,1.640670712015276,count,true,1
reut2-012.sgm-433.txt,1.640670712015276,gfidf,false,7
reut2-012.sgm-433.txt,1.640670712015276,gfidf,true,7
reut2-012.sgm-433.txt,1.640670712015276,idf,false,7
reut2-012.sgm-433.txt,1.640670712015276,idf,true,7
reut2-012.sgm-433.txt,1.640670712015276,logEntropy,false,7
reut2-012.sgm-433.txt,1.640670712015276,logEntropy,true,7
reut2-012.sgm-433.txt,1.640670712015276,normal,false,3
reut2-012.sgm-433.txt,1.640670712015276,normal,true,7
reut2-012.sgm-433.txt,1.640670712015276,tfidf,false,1
reut2-012.sgm-433.txt,1.640670712015276,tfidf,true,1
reut2-012.sgm-442.txt,0.0,binary,false,20
reut2-012.sgm-442.txt,0.0,binary,true,20
reut2-012.sgm-442.txt,0.0,count,false,14
reut2-012.sgm-442.txt,0.0,count,true,14
reut2-012.sgm-442.txt,0.0,gfidf,false,14
reut2-012.sgm-442.txt,0.0,gfidf,true,14
reut2-012.sgm-442.txt,0.0,idf,false,20
reut2-012.sgm-442.txt,0.0,idf,true,20
reut2-012.sgm-442.txt,0.0,logEntropy,false,14
reut2-012.sgm-442.txt,0.0,logEntropy,true,14
reut2-012.sgm-442.txt,0.0,normal,false,14
reut2-012.sgm-442.txt,0.0,normal,true,14
reut2-012.sgm-442.txt,0.0,tfidf,false,20
reut2-012.sgm-442.txt,0.0,tfidf,true,20
reut2-012.sgm-446.txt,0.0,binary,false,3
reut2-012.sgm-446.txt,0.0,binary,true,3
reut2-012.sgm-446.txt,0.0,count,false,3
reut2-012.sgm-446.txt,0.0,count,true,3
reut2-012.sgm-446.txt,0.0,gfidf,false,3
reut2-012.sgm-446.txt,0.0,gfidf,true,3
reut2-012.sgm-446.txt,0.0,idf,false,3
reut2-012.sgm-446.txt,0.0,idf,true,3
reut2-012.sgm-446.txt,0.0,logEntropy,false,3
reut2-012.sgm-446.txt,0.0,logEntropy,true,3
reut2-012.sgm-446.txt,0.0,normal,false,3
reut2-012.sgm-446.txt,0.0,normal,true,3
reut2-012.sgm-446.txt,0.0,tfidf,false,38
reut2-012.sgm-446.txt,0.0,tfidf,true,3
reut2-012.sgm-448.txt,0.0,binary,false,12
reut2-012.sgm-448.txt,0.0,binary,true,12
reut2-012.sgm-448.txt,0.0,count,false,12
reut2-012.sgm-448.txt,0.0,count,true,12
reut2-012.sgm-448.txt,0.0,gfidf,false,12
reut2-012.sgm-448.txt,0.0,gfidf,true,12
reut2-012.sgm-448.txt,0.0,idf,false,12
reut2-012.sgm-448.txt,0.0,idf,true,12
reut2-012.sgm-448.txt,0.0,logEntropy,false,12
reut2-012.sgm-448.txt,0.0,logEntropy,true,12
reut2-012.sgm-448.txt,0.0,normal,false,12
reut2-012.sgm-448.txt,0.0,normal,true,12
reut2-012.sgm-448.txt,0.0,tfidf,false,12
reut2-012.sgm-448.txt,0.0,tfidf,true,12
reut2-012.sgm-451.txt,3.1228367286228407,binary,false,0
reut2-012.sgm-451.txt,3.1228367286228407,binary,true,0
reut2-012.sgm-451.txt,3.1228367286228407,count,false,0
reut2-012.sgm-451.txt,3.1228367286228407,count,true,0
reut2-012.sgm-451.txt,3.1228367286228407,gfidf,false,0
reut2-012.sgm-451.txt,3.1228367286228407,gfidf,true,0
reut2-012.sgm-451.txt,3.1228367286228407,idf,false,14
reut2-012.sgm-451.txt,3.1228367286228407,idf,true,14
reut2-012.sgm-451.txt,3.1228367286228407,logEntropy,false,0
reut2-012.sgm-451.txt,3.1228367286228407,logEntropy,true,0
reut2-012.sgm-451.txt,3.1228367286228407,normal,false,0
reut2-012.sgm-451.txt,3.1228367286228407,normal,true,0
reut2-012.sgm-451.txt,3.1228367286228407,tfidf,false,14
reut2-012.sgm-451.txt,3.1228367286228407,tfidf,true,14
reut2-012.sgm-465.txt,0.0,binary,false,6
reut2-012.sgm-465.txt,0.0,binary,true,6
reut2-012.sgm-465.txt,0.0,count,false,6
reut2-012.sgm-465.txt,0.0,count,true,6
reut2-012.sgm-465.txt,0.0,gfidf,false,6
reut2-012.sgm-465.txt,0.0,gfidf,true,6
reut2-012.sgm-465.txt,0.0,idf,false,9
reut2-012.sgm-465.txt,0.0,idf,true,2
reut2-012.sgm-465.txt,0.0,logEntropy,false,6
reut2-012.sgm-465.txt,0.0,logEntropy,true,6
reut2-012.sgm-465.txt,0.0,normal,false,6
reut2-012.sgm-465.txt,0.0,normal,true,6
reut2-012.sgm-465.txt,0.0,tfidf,false,2
reut2-012.sgm-465.txt,0.0,tfidf,true,2
reut2-012.sgm-476.txt,0.0,binary,false,5
reut2-012.sgm-476.txt,0.0,binary,true,8
reut2-012.sgm-476.txt,0.0,count,false,6
reut2-012.sgm-476.txt,0.0,count,true,7
reut2-012.sgm-476.txt,0.0,gfidf,false,8
reut2-012.sgm-476.txt,0.0,gfidf,true,8
reut2-012.sgm-476.txt,0.0,idf,false,8
reut2-012.sgm-476.txt,0.0,idf,true,3
reut2-012.sgm-476.txt,0.0,logEntropy,false,2
reut2-012.sgm-476.txt,0.0,logEntropy,true,7
reut2-012.sgm-476.txt,0.0,normal,false,9
reut2-012.sgm-476.txt,0.0,normal,true,9
reut2-012.sgm-476.txt,0.0,tfidf,false,8
reut2-012.sgm-476.txt,0.0,tfidf,true,3
reut2-012.sgm-495.txt,0.0,binary,false,2
reut2-012.sgm-495.txt,0.0,binary,true,14
reut2-012.sgm-495.txt,0.0,count,false,15
reut2-012.sgm-495.txt,0.0,count,true,15
reut2-012.sgm-495.txt,0.0,gfidf,false,27
reut2-012.sgm-495.txt,0.0,gfidf,true,15
reut2-012.sgm-495.txt,0.0,idf,false,27
reut2-012.sgm-495.txt,0.0,idf,true,14
reut2-012.sgm-495.txt,0.0,logEntropy,false,15
reut2-012.sgm-495.txt,0.0,logEntropy,true,15
reut2-012.sgm-495.txt,0.0,normal,false,15
reut2-012.sgm-495.txt,0.0,normal,true,15
reut2-012.sgm-495.txt,0.0,tfidf,false,27
reut2-012.sgm-495.txt,0.0,tfidf,true,14
reut2-012.sgm-520.txt,0.0,binary,false,5
reut2-012.sgm-520.txt,0.0,binary,true,5
reut2-012.sgm-520.txt,0.0,count,false,13
reut2-012.sgm-520.txt,0.0,count,true,5
reut2-012.sgm-520.txt,0.0,gfidf,false,5
reut2-012.sgm-520.txt,0.0,gfidf,true,5
reut2-012.sgm-520.txt,0.0,idf,false,13
reut2-012.sgm-520.txt,0.0,idf,true,5
reut2-012.sgm-520.txt,0.0,logEntropy,false,5
reut2-012.sgm-520.txt,0.0,logEntropy,true,5
reut2-012.sgm-520.txt,0.0,normal,false,14
reut2-012.sgm-520.txt,0.0,normal,true,14
reut2-012.sgm-520.txt,0.0,tfidf,false,13
reut2-012.sgm-520.txt,0.0,tfidf,true,13
reut2-012.sgm-551.txt,2.958558029576339,binary,false,1
reut2-012.sgm-551.txt,2.958558029576339,binary,true,0
reut2-012.sgm-551.txt,2.958558029576339,count,false,1
reut2-012.sgm-551.txt,2.958558029576339,count,true,1
reut2-012.sgm-551.txt,2.958558029576339,gfidf,false,1
reut2-012.sgm-551.txt,2.958558029576339,gfidf,true,1
reut2-012.sgm-551.txt,2.958558029576339,idf,false,1
reut2-012.sgm-551.txt,2.958558029576339,idf,true,0
reut2-012.sgm-551.txt,2.958558029576339,logEntropy,false,1
reut2-012.sgm-551.txt,2.958558029576339,logEntropy,true,1
reut2-012.sgm-551.txt,2.958558029576339,normal,false,1
reut2-012.sgm-551.txt,2.958558029576339,normal,true,1
reut2-012.sgm-551.txt,2.958558029576339,tfidf,false,1
reut2-012.sgm-551.txt,2.958558029576339,tfidf,true,1
reut2-012.sgm-597.txt,0.0,binary,false,3
reut2-012.sgm-597.txt,0.0,binary,true,10
reut2-012.sgm-597.txt,0.0,count,false,3
reut2-012.sgm-597.txt,0.0,count,true,8
reut2-012.sgm-597.txt,0.0,gfidf,false,3
reut2-012.sgm-597.txt,0.0,gfidf,true,10
reut2-012.sgm-597.txt,0.0,idf,false,3
reut2-012.sgm-597.txt,0.0,idf,true,12
reut2-012.sgm-597.txt,0.0,logEntropy,false,3
reut2-012.sgm-597.txt,0.0,logEntropy,true,10
reut2-012.sgm-597.txt,0.0,normal,false,10
reut2-012.sgm-597.txt,0.0,normal,true,10
reut2-012.sgm-597.txt,0.0,tfidf,false,19
reut2-012.sgm-597.txt,0.0,tfidf,true,12
reut2-012.sgm-601.txt,0.0,binary,false,17
reut2-012.sgm-601.txt,0.0,binary,true,17
reut2-012.sgm-601.txt,0.0,count,false,21
reut2-012.sgm-601.txt,0.0,count,true,21
reut2-012.sgm-601.txt,0.0,gfidf,false,21
reut2-012.sgm-601.txt,0.0,gfidf,true,21
reut2-012.sgm-601.txt,0.0,idf,false,17
reut2-012.sgm-601.txt,0.0,idf,true,17
reut2-012.sgm-601.txt,0.0,logEntropy,false,21
reut2-012.sgm-601.txt,0.0,logEntropy,true,21
reut2-012.sgm-601.txt,0.0,normal,false,9
reut2-012.sgm-601.txt,0.0,normal,true,9
reut2-012.sgm-601.txt,0.0,tfidf,false,21
reut2-012.sgm-601.txt,0.0,tfidf,true,21
reut2-012.sgm-633.txt,0.0,binary,false,7
reut2-012.sgm-633.txt,0.0,binary,true,7
reut2-012.sgm-633.txt,0.0,count,false,3
reut2-012.sgm-633.txt,0.0,count,true,7
reut2-012.sgm-633.txt,0.0,gfidf,false,7
reut2-012.sgm-633.txt,0.0,gfidf,true,7
reut2-012.sgm-633.txt,0.0,idf,false,3
reut2-012.sgm-633.txt,0.0,idf,true,7
reut2-012.sgm-633.txt,0.0,logEntropy,false,7
reut2-012.sgm-633.txt,0.0,logEntropy,true,7
reut2-012.sgm-633.txt,0.0,normal,false,0
reut2-012.sgm-633.txt,0.0,normal,true,0
reut2-012.sgm-633.txt,0.0,tfidf,false,7
reut2-012.sgm-633.txt,0.0,tfidf,true,7
reut2-012.sgm-638.txt,4.263326233067683,binary,false,0
reut2-012.sgm-638.txt,4.263326233067683,binary,true,0
reut2-012.sgm-638.txt,4.263326233067683,count,false,0
reut2-012.sgm-638.txt,4.263326233067683,count,true,0
reut2-012.sgm-638.txt,4.263326233067683,gfidf,false,0
reut2-012.sgm-638.txt,4.263326233067683,gfidf,true,0
reut2-012.sgm-638.txt,4.263326233067683,idf,false,0
reut2-012.sgm-638.txt,4.263326233067683,idf,true,0
reut2-012.sgm-638.txt,4.263326233067683,logEntropy,false,0
reut2-012.sgm-638.txt,4.263326233067683,logEntropy,true,0
reut2-012.sgm-638.txt,4.263326233067683,normal,false,0
reut2-012.sgm-638.txt,4.263326233067683,normal,true,0
reut2-012.sgm-638.txt,4.263326233067683,tfidf,false,0
reut2-012.sgm-638.txt,4.263326233067683,tfidf,true,0
reut2-012.sgm-639.txt,2.771123017387283,binary,false,1
reut2-012.sgm-639.txt,2.771123017387283,binary,true,1
reut2-012.sgm-639.txt,2.771123017387283,count,false,1
reut2-012.sgm-639.txt,2.771123017387283,count,true,1
reut2-012.sgm-639.txt,2.771123017387283,gfidf,false,1
reut2-012.sgm-639.txt,2.771123017387283,gfidf,true,1
reut2-012.sgm-639.txt,2.771123017387283,idf,false,1
reut2-012.sgm-639.txt,2.771123017387283,idf,true,1
reut2-012.sgm-639.txt,2.771123017387283,logEntropy,false,1
reut2-012.sgm-639.txt,2.771123017387283,logEntropy,true,1
reut2-012.sgm-639.txt,2.771123017387283,normal,false,1
reut2-012.sgm-639.txt,2.771123017387283,normal,true,0
reut2-012.sgm-639.txt,2.771123017387283,tfidf,false,1
reut2-012.sgm-639.txt,2.771123017387283,tfidf,true,1
reut2-012.sgm-641.txt,0.0,binary,false,18
reut2-012.sgm-641.txt,0.0,binary,true,6
reut2-012.sgm-641.txt,0.0,count,false,2
reut2-012.sgm-641.txt,0.0,count,true,6
reut2-012.sgm-641.txt,0.0,gfidf,false,18
reut2-012.sgm-641.txt,0.0,gfidf,true,6
reut2-012.sgm-641.txt,0.0,idf,false,18
reut2-012.sgm-641.txt,0.0,idf,true,6
reut2-012.sgm-641.txt,0.0,logEntropy,false,18
reut2-012.sgm-641.txt,0.0,logEntropy,true,6
reut2-012.sgm-641.txt,0.0,normal,false,18
reut2-012.sgm-641.txt,0.0,normal,true,2
reut2-012.sgm-641.txt,0.0,tfidf,false,18
reut2-012.sgm-641.txt,0.0,tfidf,true,6
reut2-012.sgm-649.txt,0.0,binary,false,23
reut2-012.sgm-649.txt,0.0,binary,true,23
reut2-012.sgm-649.txt,0.0,count,false,5
reut2-012.sgm-649.txt,0.0,count,true,5
reut2-012.sgm-649.txt,0.0,gfidf,false,5
reut2-012.sgm-649.txt,0.0,gfidf,true,23
reut2-012.sgm-649.txt,0.0,idf,false,23
reut2-012.sgm-649.txt,0.0,idf,true,23
reut2-012.sgm-649.txt,0.0,logEntropy,false,5
reut2-012.sgm-649.txt,0.0,logEntropy,true,5
reut2-012.sgm-649.txt,0.0,normal,false,23
reut2-012.sgm-649.txt,0.0,normal,true,23
reut2-012.sgm-649.txt,0.0,tfidf,false,26
reut2-012.sgm-649.txt,0.0,tfidf,true,26
reut2-012.sgm-652.txt,0.0,binary,false,5
reut2-012.sgm-652.txt,0.0,binary,true,5
reut2-012.sgm-652.txt,0.0,count,false,5
reut2-012.sgm-652.txt,0.0,count,true,5
reut2-012.sgm-652.txt,0.0,gfidf,false,5
reut2-012.sgm-652.txt,0.0,gfidf,true,5
reut2-012.sgm-652.txt,0.0,idf,false,5
reut2-012.sgm-652.txt,0.0,idf,true,5
reut2-012.sgm-652.txt,0.0,logEntropy,false,5
reut2-012.sgm-652.txt,0.0,logEntropy,true,5
reut2-012.sgm-652.txt,0.0,normal,false,5
reut2-012.sgm-652.txt,0.0,normal,true,17
reut2-012.sgm-652.txt,0.0,tfidf,false,5
reut2-012.sgm-652.txt,0.0,tfidf,true,5
reut2-012.sgm-654.txt,0.0,binary,false,1
reut2-012.sgm-654.txt,0.0,binary,true,3
reut2-012.sgm-654.txt,0.0,count,false,0
reut2-012.sgm-654.txt,0.0,count,true,0
reut2-012.sgm-654.txt,0.0,gfidf,false,1
reut2-012.sgm-654.txt,0.0,gfidf,true,3
reut2-012.sgm-654.txt,0.0,idf,false,1
reut2-012.sgm-654.txt,0.0,idf,true,3
reut2-012.sgm-654.txt,0.0,logEntropy,false,1
reut2-012.sgm-654.txt,0.0,logEntropy,true,13
reut2-012.sgm-654.txt,0.0,normal,false,13
reut2-012.sgm-654.txt,0.0,normal,true,13
reut2-012.sgm-654.txt,0.0,tfidf,false,11
reut2-012.sgm-654.txt,0.0,tfidf,true,11
reut2-012.sgm-661.txt,0.0,binary,false,21
reut2-012.sgm-661.txt,0.0,binary,true,3
reut2-012.sgm-661.txt,0.0,count,false,21
reut2-012.sgm-661.txt,0.0,count,true,4
reut2-012.sgm-661.txt,0.0,gfidf,false,21
reut2-012.sgm-661.txt,0.0,gfidf,true,3
reut2-012.sgm-661.txt,0.0,idf,false,21
reut2-012.sgm-661.txt,0.0,idf,true,21
reut2-012.sgm-661.txt,0.0,logEntropy,false,21
reut2-012.sgm-661.txt,0.0,logEntropy,true,3
reut2-012.sgm-661.txt,0.0,normal,false,3
reut2-012.sgm-661.txt,0.0,normal,true,3
reut2-012.sgm-661.txt,0.0,tfidf,false,21
reut2-012.sgm-661.txt,0.0,tfidf,true,21
reut2-012.sgm-669.txt,0.0,binary,false,4
reut2-012.sgm-669.txt,0.0,binary,true,4
reut2-012.sgm-669.txt,0.0,count,false,8
reut2-012.sgm-669.txt,0.0,count,true,8
reut2-012.sgm-669.txt,0.0,gfidf,false,8
reut2-012.sgm-669.txt,0.0,gfidf,true,4
reut2-012.sgm-669.txt,0.0,idf,false,4
reut2-012.sgm-669.txt,0.0,idf,true,4
reut2-012.sgm-669.txt,0.0,logEntropy,false,8
reut2-012.sgm-669.txt,0.0,logEntropy,true,8
reut2-012.sgm-669.txt,0.0,normal,false,12
reut2-012.sgm-669.txt,0.0,normal,true,8
reut2-012.sgm-669.txt,0.0,tfidf,false,4
reut2-012.sgm-669.txt,0.0,tfidf,true,4
reut2-012.sgm-672.txt,0.0,binary,false,14
reut2-012.sgm-672.txt,0.0,binary,true,14
reut2-012.sgm-672.txt,0.0,count,false,14
reut2-012.sgm-672.txt,0.0,count,true,14
reut2-012.sgm-672.txt,0.0,gfidf,false,14
reut2-012.sgm-672.txt,0.0,gfidf,true,14
reut2-012.sgm-672.txt,0.0,idf,false,14
reut2-012.sgm-672.txt,0.0,idf,true,14
reut2-012.sgm-672.txt,0.0,logEntropy,false,14
reut2-012.sgm-672.txt,0.0,logEntropy,true,14
reut2-012.sgm-672.txt,0.0,normal,false,18
reut2-012.sgm-672.txt,0.0,normal,true,1
reut2-012.sgm-672.txt,0.0,tfidf,false,14
reut2-012.sgm-672.txt,0.0,tfidf,true,14
reut2-012.sgm-679.txt,0.0,binary,false,9
reut2-012.sgm-679.txt,0.0,binary,true,9
reut2-012.sgm-679.txt,0.0,count,false,9
reut2-012.sgm-679.txt,0.0,count,true,9
reut2-012.sgm-679.txt,0.0,gfidf,false,9
reut2-012.sgm-679.txt,0.0,gfidf,true,9
reut2-012.sgm-679.txt,0.0,idf,false,9
reut2-012.sgm-679.txt,0.0,idf,true,9
reut2-012.sgm-679.txt,0.0,logEntropy,false,9
reut2-012.sgm-679.txt,0.0,logEntropy,true,9
reut2-012.sgm-679.txt,0.0,normal,false,1
reut2-012.sgm-679.txt,0.0,normal,true,9
reut2-012.sgm-679.txt,0.0,tfidf,false,9
reut2-012.sgm-679.txt,0.0,tfidf,true,16
reut2-012.sgm-69.txt,3.3340611804502176,binary,false,0
reut2-012.sgm-69.txt,3.3340611804502176,binary,true,0
reut2-012.sgm-69.txt,3.3340611804502176,count,false,13
reut2-012.sgm-69.txt,3.3340611804502176,count,true,13
reut2-012.sgm-69.txt,3.3340611804502176,gfidf,false,0
reut2-012.sgm-69.txt,3.3340611804502176,gfidf,true,0
reut2-012.sgm-69.txt,3.3340611804502176,idf,false,0
reut2-012.sgm-69.txt,3.3340611804502176,idf,true,0
reut2-012.sgm-69.txt,3.3340611804502176,logEntropy,false,0
reut2-012.sgm-69.txt,3.3340611804502176,logEntropy,true,0
reut2-012.sgm-69.txt,3.3340611804502176,normal,false,0
reut2-012.sgm-69.txt,3.3340611804502176,normal,true,0
reut2-012.sgm-69.txt,3.3340611804502176,tfidf,false,1
reut2-012.sgm-69.txt,3.3340611804502176,tfidf,true,1
reut2-012.sgm-700.txt,0.0,binary,false,44
reut2-012.sgm-700.txt,0.0,binary,true,44
reut2-012.sgm-700.txt,0.0,count,false,44
reut2-012.sgm-700.txt,0.0,count,true,44
reut2-012.sgm-700.txt,0.0,gfidf,false,44
reut2-012.sgm-700.txt,0.0,gfidf,true,44
reut2-012.sgm-700.txt,0.0,idf,false,44
reut2-012.sgm-700.txt,0.0,idf,true,44
reut2-012.sgm-700.txt,0.0,logEntropy,false,44
reut2-012.sgm-700.txt,0.0,logEntropy,true,44
reut2-012.sgm-700.txt,0.0,normal,false,44
reut2-012.sgm-700.txt,0.0,normal,true,44
reut2-012.sgm-700.txt,0.0,tfidf,false,44
reut2-012.sgm-700.txt,0.0,tfidf,true,44
reut2-012.sgm-708.txt,0.0,binary,false,11
reut2-012.sgm-708.txt,0.0,binary,true,11
reut2-012.sgm-708.txt,0.0,count,false,20
reut2-012.sgm-708.txt,0.0,count,true,13
reut2-012.sgm-708.txt,0.0,gfidf,false,20
reut2-012.sgm-708.txt,0.0,gfidf,true,11
reut2-012.sgm-708.txt,0.0,idf,false,11
reut2-012.sgm-708.txt,0.0,idf,true,11
reut2-012.sgm-708.txt,0.0,logEntropy,false,20
reut2-012.sgm-708.txt,0.0,logEntropy,true,21
reut2-012.sgm-708.txt,0.0,normal,false,20
reut2-012.sgm-708.txt,0.0,normal,true,20
reut2-012.sgm-708.txt,0.0,tfidf,false,11
reut2-012.sgm-708.txt,0.0,tfidf,true,11
reut2-012.sgm-719.txt,0.0,binary,false,11
reut2-012.sgm-719.txt,0.0,binary,true,11
reut2-012.sgm-719.txt,0.0,count,false,13
reut2-012.sgm-719.txt,0.0,count,true,13
reut2-012.sgm-719.txt,0.0,gfidf,false,11
reut2-012.sgm-719.txt,0.0,gfidf,true,11
reut2-012.sgm-719.txt,0.0,idf,false,11
reut2-012.sgm-719.txt,0.0,idf,true,11
reut2-012.sgm-719.txt,0.0,logEntropy,false,11
reut2-012.sgm-719.txt,0.0,logEntropy,true,11
reut2-012.sgm-719.txt,0.0,normal,false,15
reut2-012.sgm-719.txt,0.0,normal,true,11
reut2-012.sgm-719.txt,0.0,tfidf,false,11
reut2-012.sgm-719.txt,0.0,tfidf,true,11
reut2-012.sgm-729.txt,0.0,binary,false,15
reut2-012.sgm-729.txt,0.0,binary,true,30
reut2-012.sgm-729.txt,0.0,count,false,32
reut2-012.sgm-729.txt,0.0,count,true,32
reut2-012.sgm-729.txt,0.0,gfidf,false,25
reut2-012.sgm-729.txt,0.0,gfidf,true,30
reut2-012.sgm-729.txt,0.0,idf,false,30
reut2-012.sgm-729.txt,0.0,idf,true,30
reut2-012.sgm-729.txt,0.0,logEntropy,false,32
reut2-012.sgm-729.txt,0.0,logEntropy,true,32
reut2-012.sgm-729.txt,0.0,normal,false,32
reut2-012.sgm-729.txt,0.0,normal,true,25
reut2-012.sgm-729.txt,0.0,tfidf,false,36
reut2-012.sgm-729.txt,0.0,tfidf,true,30
reut2-012.sgm-749.txt,0.0,binary,false,7
reut2-012.sgm-749.txt,0.0,binary,true,7
reut2-012.sgm-749.txt,0.0,count,false,7
reut2-012.sgm-749.txt,0.0,count,true,7
reut2-012.sgm-749.txt,0.0,gfidf,false,7
reut2-012.sgm-749.txt,0.0,gfidf,true,7
reut2-012.sgm-749.txt,0.0,idf,false,7
reut2-012.sgm-749.txt,0.0,idf,true,7
reut2-012.sgm-749.txt,0.0,logEntropy,false,7
reut2-012.sgm-749.txt,0.0,logEntropy,true,7
reut2-012.sgm-749.txt,0.0,normal,false,7
reut2-012.sgm-749.txt,0.0,normal,true,7
reut2-012.sgm-749.txt,0.0,tfidf,false,19
reut2-012.sgm-749.txt,0.0,tfidf,true,22
reut2-012.sgm-769.txt,0.0,binary,false,4
reut2-012.sgm-769.txt,0.0,binary,true,4
reut2-012.sgm-769.txt,0.0,count,false,4
reut2-012.sgm-769.txt,0.0,count,true,4
reut2-012.sgm-769.txt,0.0,gfidf,false,4
reut2-012.sgm-769.txt,0.0,gfidf,true,4
reut2-012.sgm-769.txt,0.0,idf,false,4
reut2-012.sgm-769.txt,0.0,idf,true,4
reut2-012.sgm-769.txt,0.0,logEntropy,false,4
reut2-012.sgm-769.txt,0.0,logEntropy,true,4
reut2-012.sgm-769.txt,0.0,normal,false,4
reut2-012.sgm-769.txt,0.0,normal,true,3
reut2-012.sgm-769.txt,0.0,tfidf,false,4
reut2-012.sgm-769.txt,0.0,tfidf,true,4
reut2-012.sgm-772.txt,0.0,binary,false,19
reut2-012.sgm-772.txt,0.0,binary,true,19
reut2-012.sgm-772.txt,0.0,count,false,19
reut2-012.sgm-772.txt,0.0,count,true,19
reut2-012.sgm-772.txt,0.0,gfidf,false,19
reut2-012.sgm-772.txt,0.0,gfidf,true,19
reut2-012.sgm-772.txt,0.0,idf,false,19
reut2-012.sgm-772.txt,0.0,idf,true,19
reut2-012.sgm-772.txt,0.0,logEntropy,false,19
reut2-012.sgm-772.txt,0.0,logEntropy,true,19
reut2-012.sgm-772.txt,0.0,normal,false,19
reut2-012.sgm-772.txt,0.0,normal,true,19
reut2-012.sgm-772.txt,0.0,tfidf,false,19
reut2-012.sgm-772.txt,0.0,tfidf,true,19
reut2-012.sgm-777.txt,0.0,binary,false,0
reut2-012.sgm-777.txt,0.0,binary,true,0
reut2-012.sgm-777.txt,0.0,count,false,16
reut2-012.sgm-777.txt,0.0,count,true,0
reut2-012.sgm-777.txt,0.0,gfidf,false,0
reut2-012.sgm-777.txt,0.0,gfidf,true,0
reut2-012.sgm-777.txt,0.0,idf,false,0
reut2-012.sgm-777.txt,0.0,idf,true,3
reut2-012.sgm-777.txt,0.0,logEntropy,false,0
reut2-012.sgm-777.txt,0.0,logEntropy,true,0
reut2-012.sgm-777.txt,0.0,normal,false,0
reut2-012.sgm-777.txt,0.0,normal,true,0
reut2-012.sgm-777.txt,0.0,tfidf,false,17
reut2-012.sgm-777.txt,0.0,tfidf,true,17
reut2-012.sgm-779.txt,2.0,binary,false,1
reut2-012.sgm-779.txt,2.0,binary,true,1
reut2-012.sgm-779.txt,2.0,count,false,1
reut2-012.sgm-779.txt,2.0,count,true,1
reut2-012.sgm-779.txt,2.0,gfidf,false,1
reut2-012.sgm-779.txt,2.0,gfidf,true,1
reut2-012.sgm-779.txt,2.0,idf,false,1
reut2-012.sgm-779.txt,2.0,idf,true,13
reut2-012.sgm-779.txt,2.0,logEntropy,false,4
reut2-012.sgm-779.txt,2.0,logEntropy,true,1
reut2-012.sgm-779.txt,2.0,normal,false,4
reut2-012.sgm-779.txt,2.0,normal,true,1
reut2-012.sgm-779.txt,2.0,tfidf,false,1
reut2-012.sgm-779.txt,2.0,tfidf,true,13
reut2-012.sgm-789.txt,0.0,binary,false,18
reut2-012.sgm-789.txt,0.0,binary,true,0
reut2-012.sgm-789.txt,0.0,count,false,0
reut2-012.sgm-789.txt,0.0,count,true,0
reut2-012.sgm-789.txt,0.0,gfidf,false,18
reut2-012.sgm-789.txt,0.0,gfidf,true,0
reut2-012.sgm-789.txt,0.0,idf,false,18
reut2-012.sgm-789.txt,0.0,idf,true,0
reut2-012.sgm-789.txt,0.0,logEntropy,false,0
reut2-012.sgm-789.txt,0.0,logEntropy,true,0
reut2-012.sgm-789.txt,0.0,normal,false,0
reut2-012.sgm-789.txt,0.0,normal,true,0
reut2-012.sgm-789.txt,0.0,tfidf,false,18
reut2-012.sgm-789.txt,0.0,tfidf,true,16
reut2-012.sgm-790.txt,0.0,binary,false,17
reut2-012.sgm-790.txt,0.0,binary,true,5
reut2-012.sgm-790.txt,0.0,count,false,17
reut2-012.sgm-790.txt,0.0,count,true,5
reut2-012.sgm-790.txt,0.0,gfidf,false,17
reut2-012.sgm-790.txt,0.0,gfidf,true,5
reut2-012.sgm-790.txt,0.0,idf,false,17
reut2-012.sgm-790.txt,0.0,idf,true,5
reut2-012.sgm-790.txt,0.0,logEntropy,false,17
reut2-012.sgm-790.txt,0.0,logEntropy,true,5
reut2-012.sgm-790.txt,0.0,normal,false,3
reut2-012.sgm-790.txt,0.0,normal,true,3
reut2-012.sgm-790.txt,0.0,tfidf,false,25
reut2-012.sgm-790.txt,0.0,tfidf,true,5
reut2-012.sgm-798.txt,2.4380273084089508,binary,false,9
reut2-012.sgm-798.txt,2.4380273084089508,binary,true,0
reut2-012.sgm-798.txt,2.4380273084089508,count,false,0
reut2-012.sgm-798.txt,2.4380273084089508,count,true,0
reut2-012.sgm-798.txt,2.4380273084089508,gfidf,false,9
reut2-012.sgm-798.txt,2.4380273084089508,gfidf,true,0
reut2-012.sgm-798.txt,2.4380273084089508,idf,false,9
reut2-012.sgm-798.txt,2.4380273084089508,idf,true,9
reut2-012.sgm-798.txt,2.4380273084089508,logEntropy,false,9
reut2-012.sgm-798.txt,2.4380273084089508,logEntropy,true,0
reut2-012.sgm-798.txt,2.4380273084089508,normal,false,5
reut2-012.sgm-798.txt,2.4380273084089508,normal,true,0
reut2-012.sgm-798.txt,2.4380273084089508,tfidf,false,9
reut2-012.sgm-798.txt,2.4380273084089508,tfidf,true,2
reut2-012.sgm-805.txt,0.0,binary,false,29
reut2-012.sgm-805.txt,0.0,binary,true,29
reut2-012.sgm-805.txt,0.0,count,false,29
reut2-012.sgm-805.txt,0.0,count,true,29
reut2-012.sgm-805.txt,0.0,gfidf,false,29
reut2-012.sgm-805.txt,0.0,gfidf,true,29
reut2-012.sgm-805.txt,0.0,idf,false,29
reut2-012.sgm-805.txt,0.0,idf,true,29
reut2-012.sgm-805.txt,0.0,logEntropy,false,29
reut2-012.sgm-805.txt,0.0,logEntropy,true,29
reut2-012.sgm-805.txt,0.0,normal,false,29
reut2-012.sgm-805.txt,0.0,normal,true,29
reut2-012.sgm-805.txt,0.0,tfidf,false,29
reut2-012.sgm-805.txt,0.0,tfidf,true,29
reut2-012.sgm-814.txt,2.119268045334097,binary,false,1
reut2-012.sgm-814.txt,2.119268045334097,binary,true,1
reut2-012.sgm-814.txt,2.119268045334097,count,false,1
reut2-012.sgm-814.txt,2.119268045334097,count,true,1
reut2-012.sgm-814.txt,2.119268045334097,gfidf,false,1
reut2-012.sgm-814.txt,2.119268045334097,gfidf,true,1
reut2-012.sgm-814.txt,2.119268045334097,idf,false,1
reut2-012.sgm-814.txt,2.119268045334097,idf,true,1
reut2-012.sgm-814.txt,2.119268045334097,logEntropy,false,1
reut2-012.sgm-814.txt,2.119268045334097,logEntropy,true,1
reut2-012.sgm-814.txt,2.119268045334097,normal,false,1
reut2-012.sgm-814.txt,2.119268045334097,normal,true,1
reut2-012.sgm-814.txt,2.119268045334097,tfidf,false,1
reut2-012.sgm-814.txt,2.119268045334097,tfidf,true,1
reut2-012.sgm-817.txt,0.0,binary,false,17
reut2-012.sgm-817.txt,0.0,binary,true,17
reut2-012.sgm-817.txt,0.0,count,false,9
reut2-012.sgm-817.txt,0.0,count,true,9
reut2-012.sgm-817.txt,0.0,gfidf,false,17
reut2-012.sgm-817.txt,0.0,gfidf,true,17
reut2-012.sgm-817.txt,0.0,idf,false,17
reut2-012.sgm-817.txt,0.0,idf,true,17
reut2-012.sgm-817.txt,0.0,logEntropy,false,9
reut2-012.sgm-817.txt,0.0,logEntropy,true,17
reut2-012.sgm-817.txt,0.0,normal,false,9
reut2-012.sgm-817.txt,0.0,normal,true,11
reut2-012.sgm-817.txt,0.0,tfidf,false,17
reut2-012.sgm-817.txt,0.0,tfidf,true,17
reut2-012.sgm-826.txt,0.0,binary,false,0
reut2-012.sgm-826.txt,0.0,binary,true,18
reut2-012.sgm-826.txt,0.0,count,false,0
reut2-012.sgm-826.txt,0.0,count,true,0
reut2-012.sgm-826.txt,0.0,gfidf,false,0
reut2-012.sgm-826.txt,0.0,gfidf,true,0
reut2-012.sgm-826.txt,0.0,idf,false,2
reut2-012.sgm-826.txt,0.0,idf,true,18
reut2-012.sgm-826.txt,0.0,logEntropy,false,0
reut2-012.sgm-826.txt,0.0,logEntropy,true,0
reut2-012.sgm-826.txt,0.0,normal,false,0
reut2-012.sgm-826.txt,0.0,normal,true,0
reut2-012.sgm-826.txt,0.0,tfidf,false,2
reut2-012.sgm-826.txt,0.0,tfidf,true,7
reut2-012.sgm-827.txt,0.0,binary,false,3
reut2-012.sgm-827.txt,0.0,binary,true,3
reut2-012.sgm-827.txt,0.0,count,false,3
reut2-012.sgm-827.txt,0.0,count,true,3
reut2-012.sgm-827.txt,0.0,gfidf,false,3
reut2-012.sgm-827.txt,0.0,gfidf,true,3
reut2-012.sgm-827.txt,0.0,idf,false,3
reut2-012.sgm-827.txt,0.0,idf,true,3
reut2-012.sgm-827.txt,0.0,logEntropy,false,3
reut2-012.sgm-827.txt,0.0,logEntropy,true,3
reut2-012.sgm-827.txt,0.0,normal,false,3
reut2-012.sgm-827.txt,0.0,normal,true,3
reut2-012.sgm-827.txt,0.0,tfidf,false,3
reut2-012.sgm-827.txt,0.0,tfidf,true,3
reut2-012.sgm-836.txt,0.0,binary,false,15
reut2-012.sgm-836.txt,0.0,binary,true,30
reut2-012.sgm-836.txt,0.0,count,false,32
reut2-012.sgm-836.txt,0.0,count,true,32
reut2-012.sgm-836.txt,0.0,gfidf,false,25
reut2-012.sgm-836.txt,0.0,gfidf,true,30
reut2-012.sgm-836.txt,0.0,idf,false,30
reut2-012.sgm-836.txt,0.0,idf,true,30
reut2-012.sgm-836.txt,0.0,logEntropy,false,32
reut2-012.sgm-836.txt,0.0,logEntropy,true,32
reut2-012.sgm-836.txt,0.0,normal,false,32
reut2-012.sgm-836.txt,0.0,normal,true,25
reut2-012.sgm-836.txt,0.0,tfidf,false,36
reut2-012.sgm-836.txt,0.0,tfidf,true,30
reut2-012.sgm-847.txt,0.0,binary,false,25
reut2-012.sgm-847.txt,0.0,binary,true,20
reut2-012.sgm-847.txt,0.0,count,false,25
reut2-012.sgm-847.txt,0.0,count,true,20
reut2-012.sgm-847.txt,0.0,gfidf,false,25
reut2-012.sgm-847.txt,0.0,gfidf,true,20
reut2-012.sgm-847.txt,0.0,idf,false,25
reut2-012.sgm-847.txt,0.0,idf,true,6
reut2-012.sgm-847.txt,0.0,logEntropy,false,25
reut2-012.sgm-847.txt,0.0,logEntropy,true,20
reut2-012.sgm-847.txt,0.0,normal,false,25
reut2-012.sgm-847.txt,0.0,normal,true,14
reut2-012.sgm-847.txt,0.0,tfidf,false,2
reut2-012.sgm-847.txt,0.0,tfidf,true,6
reut2-012.sgm-848.txt,0.0,binary,false,1
reut2-012.sgm-848.txt,0.0,binary,true,1
reut2-012.sgm-848.txt,0.0,count,false,1
reut2-012.sgm-848.txt,0.0,count,true,1
reut2-012.sgm-848.txt,0.0,gfidf,false,1
reut2-012.sgm-848.txt,0.0,gfidf,true,1
reut2-012.sgm-848.txt,0.0,idf,false,15
reut2-012.sgm-848.txt,0.0,idf,true,9
reut2-012.sgm-848.txt,0.0,logEntropy,false,1
reut2-012.sgm-848.txt,0.0,logEntropy,true,1
reut2-012.sgm-848.txt,0.0,normal,false,1
reut2-012.sgm-848.txt,0.0,normal,true,1
reut2-012.sgm-848.txt,0.0,tfidf,false,1
reut2-012.sgm-848.txt,0.0,tfidf,true,1
reut2-012.sgm-875.txt,0.0,binary,false,4
reut2-012.sgm-875.txt,0.0,binary,true,4
reut2-012.sgm-875.txt,0.0,count,false,25
reut2-012.sgm-875.txt,0.0,count,true,41
reut2-012.sgm-875.txt,0.0,gfidf,false,25
reut2-012.sgm-875.txt,0.0,gfidf,true,4
reut2-012.sgm-875.txt,0.0,idf,false,4
reut2-012.sgm-875.txt,0.0,idf,true,4
reut2-012.sgm-875.txt,0.0,logEntropy,false,25
reut2-012.sgm-875.txt,0.0,logEntropy,true,4
reut2-012.sgm-875.txt,0.0,normal,false,0
reut2-012.sgm-875.txt,0.0,normal,true,0
reut2-012.sgm-875.txt,0.0,tfidf,false,4
reut2-012.sgm-875.txt,0.0,tfidf,true,4
reut2-012.sgm-877.txt,0.0,binary,false,19
reut2-012.sgm-877.txt,0.0,binary,true,10
reut2-012.sgm-877.txt,0.0,count,false,22
reut2-012.sgm-877.txt,0.0,count,true,22
reut2-012.sgm-877.txt,0.0,gfidf,false,19
reut2-012.sgm-877.txt,0.0,gfidf,true,10
reut2-012.sgm-877.txt,0.0,idf,false,19
reut2-012.sgm-877.txt,0.0,idf,true,10
reut2-012.sgm-877.txt,0.0,logEntropy,false,22
reut2-012.sgm-877.txt,0.0,logEntropy,true,2
reut2-012.sgm-877.txt,0.0,normal,false,10
reut2-012.sgm-877.txt,0.0,normal,true,2
reut2-012.sgm-877.txt,0.0,tfidf,false,19
reut2-012.sgm-877.txt,0.0,tfidf,true,18
reut2-012.sgm-878.txt,1.4859942891369484,binary,false,10
reut2-012.sgm-878.txt,1.4859942891369484,binary,true,10
reut2-012.sgm-878.txt,1.4859942891369484,count,false,10
reut2-012.sgm-878.txt,1.4859942891369484,count,true,10
reut2-012.sgm-878.txt,1.4859942891369484,gfidf,false,10
reut2-012.sgm-878.txt,1.4859942891369484,gfidf,true,10
reut2-012.sgm-878.txt,1.4859942891369484,idf,false,10
reut2-012.sgm-878.txt,1.4859942891369484,idf,true,1
reut2-012.sgm-878.txt,1.4859942891369484,logEntropy,false,10
reut2-012.sgm-878.txt,1.4859942891369484,logEntropy,true,10
reut2-012.sgm-878.txt,1.4859942891369484,normal,false,10
reut2-012.sgm-878.txt,1.4859942891369484,normal,true,10
reut2-012.sgm-878.txt,1.4859942891369484,tfidf,false,15
reut2-012.sgm-878.txt,1.4859942891369484,tfidf,true,10
reut2-012.sgm-886.txt,2.6918003852647123,binary,false,20
reut2-012.sgm-886.txt,2.6918003852647123,binary,true,0
reut2-012.sgm-886.txt,2.6918003852647123,count,false,0
reut2-012.sgm-886.txt,2.6918003852647123,count,true,0
reut2-012.sgm-886.txt,2.6918003852647123,gfidf,false,20
reut2-012.sgm-886.txt,2.6918003852647123,gfidf,true,0
reut2-012.sgm-886.txt,2.6918003852647123,idf,false,20
reut2-012.sgm-886.txt,2.6918003852647123,idf,true,0
reut2-012.sgm-886.txt,2.6918003852647123,logEntropy,false,0
reut2-012.sgm-886.txt,2.6918003852647123,logEntropy,true,0
reut2-012.sgm-886.txt,2.6918003852647123,normal,false,10
reut2-012.sgm-886.txt,2.6918003852647123,normal,true,10
reut2-012.sgm-886.txt,2.6918003852647123,tfidf,false,20
reut2-012.sgm-886.txt,2.6918003852647123,tfidf,true,0
reut2-012.sgm-908.txt,0.0,binary,false,24
reut2-012.sgm-908.txt,0.0,binary,true,24
reut2-012.sgm-908.txt,0.0,count,false,25
reut2-012.sgm-908.txt,0.0,count,true,1
reut2-012.sgm-908.txt,0.0,gfidf,false,24
reut2-012.sgm-908.txt,0.0,gfidf,true,1
reut2-012.sgm-908.txt,0.0,idf,false,24
reut2-012.sgm-908.txt,0.0,idf,true,24
reut2-012.sgm-908.txt,0.0,logEntropy,false,25
reut2-012.sgm-908.txt,0.0,logEntropy,true,1
reut2-012.sgm-908.txt,0.0,normal,false,11
reut2-012.sgm-908.txt,0.0,normal,true,1
reut2-012.sgm-908.txt,0.0,tfidf,false,24
reut2-012.sgm-908.txt,0.0,tfidf,true,24
reut2-012.sgm-916.txt,0.0,binary,false,10
reut2-012.sgm-916.txt,0.0,binary,true,0
reut2-012.sgm-916.txt,0.0,count,false,10
reut2-012.sgm-916.txt,0.0,count,true,28
reut2-012.sgm-916.txt,0.0,gfidf,false,10
reut2-012.sgm-916.txt,0.0,gfidf,true,0
reut2-012.sgm-916.txt,0.0,idf,false,8
reut2-012.sgm-916.txt,0.0,idf,true,0
reut2-012.sgm-916.txt,0.0,logEntropy,false,10
reut2-012.sgm-916.txt,0.0,logEntropy,true,0
reut2-012.sgm-916.txt,0.0,normal,false,10
reut2-012.sgm-916.txt,0.0,normal,true,0
reut2-012.sgm-916.txt,0.0,tfidf,false,15
reut2-012.sgm-916.txt,0.0,tfidf,true,15
reut2-012.sgm-937.txt,0.0,binary,false,10
reut2-012.sgm-937.txt,0.0,binary,true,8
reut2-012.sgm-937.txt,0.0,count,false,6
reut2-012.sgm-937.txt,0.0,count,true,6
reut2-012.sgm-937.txt,0.0,gfidf,false,6
reut2-012.sgm-937.txt,0.0,gfidf,true,6
reut2-012.sgm-937.txt,0.0,idf,false,10
reut2-012.sgm-937.txt,0.0,idf,true,8
reut2-012.sgm-937.txt,0.0,logEntropy,false,6
reut2-012.sgm-937.txt,0.0,logEntropy,true,10
reut2-012.sgm-937.txt,0.0,normal,false,0
reut2-012.sgm-937.txt,0.0,normal,true,0
reut2-012.sgm-937.txt,0.0,tfidf,false,6
reut2-012.sgm-937.txt,0.0,tfidf,true,6
reut2-012.sgm-940.txt,0.0,binary,false,12
reut2-012.sgm-940.txt,0.0,binary,true,4
reut2-012.sgm-940.txt,0.0,count,false,2
reut2-012.sgm-940.txt,0.0,count,true,2
reut2-012.sgm-940.txt,0.0,gfidf,false,12
reut2-012.sgm-940.txt,0.0,gfidf,true,4
reut2-012.sgm-940.txt,0.0,idf,false,12
reut2-012.sgm-940.txt,0.0,idf,true,9
reut2-012.sgm-940.txt,0.0,logEntropy,false,2
reut2-012.sgm-940.txt,0.0,logEntropy,true,2
reut2-012.sgm-940.txt,0.0,normal,false,2
reut2-012.sgm-940.txt,0.0,normal,true,5
reut2-012.sgm-940.txt,0.0,tfidf,false,10
reut2-012.sgm-940.txt,0.0,tfidf,true,10
reut2-012.sgm-941.txt,0.0,binary,false,16
reut2-012.sgm-941.txt,0.0,binary,true,14
reut2-012.sgm-941.txt,0.0,count,false,14
reut2-012.sgm-941.txt,0.0,count,true,14
reut2-012.sgm-941.txt,0.0,gfidf,false,16
reut2-012.sgm-941.txt,0.0,gfidf,true,14
reut2-012.sgm-941.txt,0.0,idf,false,16
reut2-012.sgm-941.txt,0.0,idf,true,14
reut2-012.sgm-941.txt,0.0,logEntropy,false,14
reut2-012.sgm-941.txt,0.0,logEntropy,true,14
reut2-012.sgm-941.txt,0.0,normal,false,16
reut2-012.sgm-941.txt,0.0,normal,true,14
reut2-012.sgm-941.txt,0.0,tfidf,false,16
reut2-012.sgm-941.txt,0.0,tfidf,true,14
reut2-012.sgm-966.txt,0.0,binary,false,10
reut2-012.sgm-966.txt,0.0,binary,true,2
reut2-012.sgm-966.txt,0.0,count,false,27
reut2-012.sgm-966.txt,0.0,count,true,27
reut2-012.sgm-966.txt,0.0,gfidf,false,27
reut2-012.sgm-966.txt,0.0,gfidf,true,2
reut2-012.sgm-966.txt,0.0,idf,false,27
reut2-012.sgm-966.txt,0.0,idf,true,22
reut2-012.sgm-966.txt,0.0,logEntropy,false,27
reut2-012.sgm-966.txt,0.0,logEntropy,true,27
reut2-012.sgm-966.txt,0.0,normal,false,2
reut2-012.sgm-966.txt,0.0,normal,true,2
reut2-012.sgm-966.txt,0.0,tfidf,false,27
reut2-012.sgm-966.txt,0.0,tfidf,true,27
reut2-012.sgm-970.txt,0.0,binary,false,16
reut2-012.sgm-970.txt,0.0,binary,true,0
reut2-012.sgm-970.txt,0.0,count,false,17
reut2-012.sgm-970.txt,0.0,count,true,17
reut2-012.sgm-970.txt,0.0,gfidf,false,17
reut2-012.sgm-970.txt,0.0,gfidf,true,0
reut2-012.sgm-970.txt,0.0,idf,false,16
reut2-012.sgm-970.txt,0.0,idf,true,9
reut2-012.sgm-970.txt,0.0,logEntropy,false,17
reut2-012.sgm-970.txt,0.0,logEntropy,true,0
reut2-012.sgm-970.txt,0.0,normal,false,17
reut2-012.sgm-970.txt,0.0,normal,true,17
reut2-012.sgm-970.txt,0.0,tfidf,false,9
reut2-012.sgm-970.txt,0.0,tfidf,true,9
reut2-012.sgm-988.txt,0.0,binary,false,0
reut2-012.sgm-988.txt,0.0,binary,true,0
reut2-012.sgm-988.txt,0.0,count,false,0
reut2-012.sgm-988.txt,0.0,count,true,0
reut2-012.sgm-988.txt,0.0,gfidf,false,0
reut2-012.sgm-988.txt,0.0,gfidf,true,0
reut2-012.sgm-988.txt,0.0,idf,false,9
reut2-012.sgm-988.txt,0.0,idf,true,3
reut2-012.sgm-988.txt,0.0,logEntropy,false,0
reut2-012.sgm-988.txt,0.0,logEntropy,true,0
reut2-012.sgm-988.txt,0.0,normal,false,0
reut2-012.sgm-988.txt,0.0,normal,true,0
reut2-012.sgm-988.txt,0.0,tfidf,false,9
reut2-012.sgm-988.txt,0.0,tfidf,true,3
reut2-013.sgm-114.txt,0.0,binary,false,12
reut2-013.sgm-114.txt,0.0,binary,true,12
reut2-013.sgm-114.txt,0.0,count,false,12
reut2-013.sgm-114.txt,0.0,count,true,12
reut2-013.sgm-114.txt,0.0,gfidf,false,12
reut2-013.sgm-114.txt,0.0,gfidf,true,12
reut2-013.sgm-114.txt,0.0,idf,false,25
reut2-013.sgm-114.txt,0.0,idf,true,21
reut2-013.sgm-114.txt,0.0,logEntropy,false,12
reut2-013.sgm-114.txt,0.0,logEntropy,true,12
reut2-013.sgm-114.txt,0.0,normal,false,12
reut2-013.sgm-114.txt,0.0,normal,true,12
reut2-013.sgm-114.txt,0.0,tfidf,false,25
reut2-013.sgm-114.txt,0.0,tfidf,true,21
reut2-013.sgm-122.txt,0.0,binary,false,14
reut2-013.sgm-122.txt,0.0,binary,true,14
reut2-013.sgm-122.txt,0.0,count,false,8
reut2-013.sgm-122.txt,0.0,count,true,8
reut2-013.sgm-122.txt,0.0,gfidf,false,14
reut2-013.sgm-122.txt,0.0,gfidf,true,14
reut2-013.sgm-122.txt,0.0,idf,false,14
reut2-013.sgm-122.txt,0.0,idf,true,14
reut2-013.sgm-122.txt,0.0,logEntropy,false,8
reut2-013.sgm-122.txt,0.0,logEntropy,true,14
reut2-013.sgm-122.txt,0.0,normal,false,14
reut2-013.sgm-122.txt,0.0,normal,true,14
reut2-013.sgm-122.txt,0.0,tfidf,false,14
reut2-013.sgm-122.txt,0.0,tfidf,true,14
reut2-013.sgm-156.txt,0.0,binary,false,8
reut2-013.sgm-156.txt,0.0,binary,true,8
reut2-013.sgm-156.txt,0.0,count,false,8
reut2-013.sgm-156.txt,0.0,count,true,8
reut2-013.sgm-156.txt,0.0,gfidf,false,8
reut2-013.sgm-156.txt,0.0,gfidf,true,8
reut2-013.sgm-156.txt,0.0,idf,false,8
reut2-013.sgm-156.txt,0.0,idf,true,8
reut2-013.sgm-156.txt,0.0,logEntropy,false,8
reut2-013.sgm-156.txt,0.0,logEntropy,true,8
reut2-013.sgm-156.txt,0.0,normal,false,8
reut2-013.sgm-156.txt,0.0,normal,true,8
reut2-013.sgm-156.txt,0.0,tfidf,false,8
reut2-013.sgm-156.txt,0.0,tfidf,true,8
reut2-013.sgm-207.txt,0.0,binary,false,2
reut2-013.sgm-207.txt,0.0,binary,true,23
reut2-013.sgm-207.txt,0.0,count,false,2
reut2-013.sgm-207.txt,0.0,count,true,22
reut2-013.sgm-207.txt,0.0,gfidf,false,2
reut2-013.sgm-207.txt,0.0,gfidf,true,23
reut2-013.sgm-207.txt,0.0,idf,false,2
reut2-013.sgm-207.txt,0.0,idf,true,23
reut2-013.sgm-207.txt,0.0,logEntropy,false,2
reut2-013.sgm-207.txt,0.0,logEntropy,true,22
reut2-013.sgm-207.txt,0.0,normal,false,2
reut2-013.sgm-207.txt,0.0,normal,true,23
reut2-013.sgm-207.txt,0.0,tfidf,false,2
reut2-013.sgm-207.txt,0.0,tfidf,true,2
reut2-013.sgm-215.txt,0.0,binary,false,26
reut2-013.sgm-215.txt,0.0,binary,true,26
reut2-013.sgm-215.txt,0.0,count,false,26
reut2-013.sgm-215.txt,0.0,count,true,26
reut2-013.sgm-215.txt,0.0,gfidf,false,26
reut2-013.sgm-215.txt,0.0,gfidf,true,26
reut2-013.sgm-215.txt,0.0,idf,false,26
reut2-013.sgm-215.txt,0.0,idf,true,26
reut2-013.sgm-215.txt,0.0,logEntropy,false,26
reut2-013.sgm-215.txt,0.0,logEntropy,true,26
reut2-013.sgm-215.txt,0.0,normal,false,26
reut2-013.sgm-215.txt,0.0,normal,true,26
reut2-013.sgm-215.txt,0.0,tfidf,false,26
reut2-013.sgm-215.txt,0.0,tfidf,true,26
reut2-013.sgm-233.txt,0.0,binary,false,6
reut2-013.sgm-233.txt,0.0,binary,true,6
reut2-013.sgm-233.txt,0.0,count,false,6
reut2-013.sgm-233.txt,0.0,count,true,6
reut2-013.sgm-233.txt,0.0,gfidf,false,6
reut2-013.sgm-233.txt,0.0,gfidf,true,6
reut2-013.sgm-233.txt,0.0,idf,false,6
reut2-013.sgm-233.txt,0.0,idf,true,6
reut2-013.sgm-233.txt,0.0,logEntropy,false,6
reut2-013.sgm-233.txt,0.0,logEntropy,true,6
reut2-013.sgm-233.txt,0.0,normal,false,6
reut2-013.sgm-233.txt,0.0,normal,true,6
reut2-013.sgm-233.txt,0.0,tfidf,false,6
reut2-013.sgm-233.txt,0.0,tfidf,true,6
reut2-013.sgm-240.txt,0.0,binary,false,8
reut2-013.sgm-240.txt,0.0,binary,true,0
reut2-013.sgm-240.txt,0.0,count,false,8
reut2-013.sgm-240.txt,0.0,count,true,8
reut2-013.sgm-240.txt,0.0,gfidf,false,8
reut2-013.sgm-240.txt,0.0,gfidf,true,3
reut2-013.sgm-240.txt,0.0,idf,false,8
reut2-013.sgm-240.txt,0.0,idf,true,0
reut2-013.sgm-240.txt,0.0,logEntropy,false,8
reut2-013.sgm-240.txt,0.0,logEntropy,true,8
reut2-013.sgm-240.txt,0.0,normal,false,8
reut2-013.sgm-240.txt,0.0,normal,true,6
reut2-013.sgm-240.txt,0.0,tfidf,false,3
reut2-013.sgm-240.txt,0.0,tfidf,true,3
reut2-013.sgm-243.txt,0.0,binary,false,12
reut2-013.sgm-243.txt,0.0,binary,true,12
reut2-013.sgm-243.txt,0.0,count,false,12
reut2-013.sgm-243.txt,0.0,count,true,12
reut2-013.sgm-243.txt,0.0,gfidf,false,4
reut2-013.sgm-243.txt,0.0,gfidf,true,12
reut2-013.sgm-243.txt,0.0,idf,false,12
reut2-013.sgm-243.txt,0.0,idf,true,12
reut2-013.sgm-243.txt,0.0,logEntropy,false,12
reut2-013.sgm-243.txt,0.0,logEntropy,true,12
reut2-013.sgm-243.txt,0.0,normal,false,16
reut2-013.sgm-243.txt,0.0,normal,true,0
reut2-013.sgm-243.txt,0.0,tfidf,false,12
reut2-013.sgm-243.txt,0.0,tfidf,true,12
reut2-013.sgm-245.txt,0.0,binary,false,0
reut2-013.sgm-245.txt,0.0,binary,true,0
reut2-013.sgm-245.txt,0.0,count,false,5
reut2-013.sgm-245.txt,0.0,count,true,0
reut2-013.sgm-245.txt,0.0,gfidf,false,5
reut2-013.sgm-245.txt,0.0,gfidf,true,0
reut2-013.sgm-245.txt,0.0,idf,false,5
reut2-013.sgm-245.txt,0.0,idf,true,7
reut2-013.sgm-245.txt,0.0,logEntropy,false,5
reut2-013.sgm-245.txt,0.0,logEntropy,true,0
reut2-013.sgm-245.txt,0.0,normal,false,0
reut2-013.sgm-245.txt,0.0,normal,true,0
reut2-013.sgm-245.txt,0.0,tfidf,false,5
reut2-013.sgm-245.txt,0.0,tfidf,true,7
reut2-013.sgm-248.txt,0.0,binary,false,12
reut2-013.sgm-248.txt,0.0,binary,true,4
reut2-013.sgm-248.txt,0.0,count,false,12
reut2-013.sgm-248.txt,0.0,count,true,12
reut2-013.sgm-248.txt,0.0,gfidf,false,12
reut2-013.sgm-248.txt,0.0,gfidf,true,12
reut2-013.sgm-248.txt,0.0,idf,false,12
reut2-013.sgm-248.txt,0.0,idf,true,12
reut2-013.sgm-248.txt,0.0,logEntropy,false,12
reut2-013.sgm-248.txt,0.0,logEntropy,true,12
reut2-013.sgm-248.txt,0.0,normal,false,4
reut2-013.sgm-248.txt,0.0,normal,true,4
reut2-013.sgm-248.txt,0.0,tfidf,false,12
reut2-013.sgm-248.txt,0.0,tfidf,true,12
reut2-013.sgm-249.txt,2.486637103616606,binary,false,1
reut2-013.sgm-249.txt,2.486637103616606,binary,true,1
reut2-013.sgm-249.txt,2.486637103616606,count,false,14
reut2-013.sgm-249.txt,2.486637103616606,count,true,14
reut2-013.sgm-249.txt,2.486637103616606,gfidf,false,1
reut2-013.sgm-249.txt,2.486637103616606,gfidf,true,1
reut2-013.sgm-249.txt,2.486637103616606,idf,false,1
reut2-013.sgm-249.txt,2.486637103616606,idf,true,1
reut2-013.sgm-249.txt,2.486637103616606,logEntropy,false,14
reut2-013.sgm-249.txt,2.486637103616606,logEntropy,true,14
reut2-013.sgm-249.txt,2.486637103616606,normal,false,0
reut2-013.sgm-249.txt,2.486637103616606,normal,true,0
reut2-013.sgm-249.txt,2.486637103616606,tfidf,false,14
reut2-013.sgm-249.txt,2.486637103616606,tfidf,true,1
reut2-013.sgm-251.txt,0.0,binary,false,9
reut2-013.sgm-251.txt,0.0,binary,true,6
reut2-013.sgm-251.txt,0.0,count,false,14
reut2-013.sgm-251.txt,0.0,count,true,6
reut2-013.sgm-251.txt,0.0,gfidf,false,14
reut2-013.sgm-251.txt,0.0,gfidf,true,6
reut2-013.sgm-251.txt,0.0,idf,false,9
reut2-013.sgm-251.txt,0.0,idf,true,6
reut2-013.sgm-251.txt,0.0,logEntropy,false,9
reut2-013.sgm-251.txt,0.0,logEntropy,true,6
reut2-013.sgm-251.txt,0.0,normal,false,9
reut2-013.sgm-251.txt,0.0,normal,true,6
reut2-013.sgm-251.txt,0.0,tfidf,false,15
reut2-013.sgm-251.txt,0.0,tfidf,true,15
reut2-013.sgm-252.txt,0.0,binary,false,0
reut2-013.sgm-252.txt,0.0,binary,true,0
reut2-013.sgm-252.txt,0.0,count,false,7
reut2-013.sgm-252.txt,0.0,count,true,7
reut2-013.sgm-252.txt,0.0,gfidf,false,2
reut2-013.sgm-252.txt,0.0,gfidf,true,7
reut2-013.sgm-252.txt,0.0,idf,false,5
reut2-013.sgm-252.txt,0.0,idf,true,5
reut2-013.sgm-252.txt,0.0,logEntropy,false,5
reut2-013.sgm-252.txt,0.0,logEntropy,true,7
reut2-013.sgm-252.txt,0.0,normal,false,2
reut2-013.sgm-252.txt,0.0,normal,true,2
reut2-013.sgm-252.txt,0.0,tfidf,false,8
reut2-013.sgm-252.txt,0.0,tfidf,true,5
reut2-013.sgm-255.txt,0.0,binary,false,8
reut2-013.sgm-255.txt,0.0,binary,true,8
reut2-013.sgm-255.txt,0.0,count,false,15
reut2-013.sgm-255.txt,0.0,count,true,21
reut2-013.sgm-255.txt,0.0,gfidf,false,8
reut2-013.sgm-255.txt,0.0,gfidf,true,8
reut2-013.sgm-255.txt,0.0,idf,false,8
reut2-013.sgm-255.txt,0.0,idf,true,21
reut2-013.sgm-255.txt,0.0,logEntropy,false,15
reut2-013.sgm-255.txt,0.0,logEntropy,true,21
reut2-013.sgm-255.txt,0.0,normal,false,8
reut2-013.sgm-255.txt,0.0,normal,true,18
reut2-013.sgm-255.txt,0.0,tfidf,false,5
reut2-013.sgm-255.txt,0.0,tfidf,true,21
reut2-013.sgm-257.txt,0.0,binary,false,10
reut2-013.sgm-257.txt,0.0,binary,true,10
reut2-013.sgm-257.txt,0.0,count,false,10
reut2-013.sgm-257.txt,0.0,count,true,10
reut2-013.sgm-257.txt,0.0,gfidf,false,10
reut2-013.sgm-257.txt,0.0,gfidf,true,10
reut2-013.sgm-257.txt,0.0,idf,false,10
reut2-013.sgm-257.txt,0.0,idf,true,10
reut2-013.sgm-257.txt,0.0,logEntropy,false,10
reut2-013.sgm-257.txt,0.0,logEntropy,true,10
reut2-013.sgm-257.txt,0.0,normal,false,1
reut2-013.sgm-257.txt,0.0,normal,true,10
reut2-013.sgm-257.txt,0.0,tfidf,false,10
reut2-013.sgm-257.txt,0.0,tfidf,true,10
reut2-013.sgm-260.txt,0.0,binary,false,27
reut2-013.sgm-260.txt,0.0,binary,true,0
reut2-013.sgm-260.txt,0.0,count,false,27
reut2-013.sgm-260.txt,0.0,count,true,27
reut2-013.sgm-260.txt,0.0,gfidf,false,27
reut2-013.sgm-260.txt,0.0,gfidf,true,0
reut2-013.sgm-260.txt,0.0,idf,false,27
reut2-013.sgm-260.txt,0.0,idf,true,26
reut2-013.sgm-260.txt,0.0,logEntropy,false,27
reut2-013.sgm-260.txt,0.0,logEntropy,true,27
reut2-013.sgm-260.txt,0.0,normal,false,0
reut2-013.sgm-260.txt,0.0,normal,true,0
reut2-013.sgm-260.txt,0.0,tfidf,false,27
reut2-013.sgm-260.txt,0.0,tfidf,true,3
reut2-013.sgm-262.txt,0.0,binary,false,4
reut2-013.sgm-262.txt,0.0,binary,true,4
reut2-013.sgm-262.txt,0.0,count,false,15
reut2-013.sgm-262.txt,0.0,count,true,15
reut2-013.sgm-262.txt,0.0,gfidf,false,10
reut2-013.sgm-262.txt,0.0,gfidf,true,4
reut2-013.sgm-262.txt,0.0,idf,false,7
reut2-013.sgm-262.txt,0.0,idf,true,4
reut2-013.sgm-262.txt,0.0,logEntropy,false,15
reut2-013.sgm-262.txt,0.0,logEntropy,true,15
reut2-013.sgm-262.txt,0.0,normal,false,0
reut2-013.sgm-262.txt,0.0,normal,true,0
reut2-013.sgm-262.txt,0.0,tfidf,false,7
reut2-013.sgm-262.txt,0.0,tfidf,true,4
reut2-013.sgm-264.txt,0.0,binary,false,13
reut2-013.sgm-264.txt,0.0,binary,true,13
reut2-013.sgm-264.txt,0.0,count,false,13
reut2-013.sgm-264.txt,0.0,count,true,13
reut2-013.sgm-264.txt,0.0,gfidf,false,13
reut2-013.sgm-264.txt,0.0,gfidf,true,13
reut2-013.sgm-264.txt,0.0,idf,false,13
reut2-013.sgm-264.txt,0.0,idf,true,13
reut2-013.sgm-264.txt,0.0,logEntropy,false,13
reut2-013.sgm-264.txt,0.0,logEntropy,true,13
reut2-013.sgm-264.txt,0.0,normal,false,8
reut2-013.sgm-264.txt,0.0,normal,true,0
reut2-013.sgm-264.txt,0.0,tfidf,false,13
reut2-013.sgm-264.txt,0.0,tfidf,true,13
reut2-013.sgm-265.txt,0.0,binary,false,1
reut2-013.sgm-265.txt,0.0,binary,true,1
reut2-013.sgm-265.txt,0.0,count,false,9
reut2-013.sgm-265.txt,0.0,count,true,9
reut2-013.sgm-265.txt,0.0,gfidf,false,19
reut2-013.sgm-265.txt,0.0,gfidf,true,1
reut2-013.sgm-265.txt,0.0,idf,false,1
reut2-013.sgm-265.txt,0.0,idf,true,1
reut2-013.sgm-265.txt,0.0,logEntropy,false,9
reut2-013.sgm-265.txt,0.0,logEntropy,true,9
reut2-013.sgm-265.txt,0.0,normal,false,9
reut2-013.sgm-265.txt,0.0,normal,true,12
reut2-013.sgm-265.txt,0.0,tfidf,false,19
reut2-013.sgm-265.txt,0.0,tfidf,true,1
reut2-013.sgm-277.txt,2.0,binary,false,1
reut2-013.sgm-277.txt,2.0,binary,true,1
reut2-013.sgm-277.txt,2.0,count,false,1
reut2-013.sgm-277.txt,2.0,count,true,1
reut2-013.sgm-277.txt,2.0,gfidf,false,1
reut2-013.sgm-277.txt,2.0,gfidf,true,1
reut2-013.sgm-277.txt,2.0,idf,false,1
reut2-013.sgm-277.txt,2.0,idf,true,1
reut2-013.sgm-277.txt,2.0,logEntropy,false,1
reut2-013.sgm-277.txt,2.0,logEntropy,true,1
reut2-013.sgm-277.txt,2.0,normal,false,1
reut2-013.sgm-277.txt,2.0,normal,true,1
reut2-013.sgm-277.txt,2.0,tfidf,false,6
reut2-013.sgm-277.txt,2.0,tfidf,true,1
reut2-013.sgm-279.txt,3.2813414240305514,binary,false,0
reut2-013.sgm-279.txt,3.2813414240305514,binary,true,0
reut2-013.sgm-279.txt,3.2813414240305514,count,false,0
reut2-013.sgm-279.txt,3.2813414240305514,count,true,0
reut2-013.sgm-279.txt,3.2813414240305514,gfidf,false,0
reut2-013.sgm-279.txt,3.2813414240305514,gfidf,true,0
reut2-013.sgm-279.txt,3.2813414240305514,idf,false,0
reut2-013.sgm-279.txt,3.2813414240305514,idf,true,0
reut2-013.sgm-279.txt,3.2813414240305514,logEntropy,false,0
reut2-013.sgm-279.txt,3.2813414240305514,logEntropy,true,0
reut2-013.sgm-279.txt,3.2813414240305514,normal,false,0
reut2-013.sgm-279.txt,3.2813414240305514,normal,true,0
reut2-013.sgm-279.txt,3.2813414240305514,tfidf,false,5
reut2-013.sgm-279.txt,3.2813414240305514,tfidf,true,3
reut2-013.sgm-280.txt,0.0,binary,false,11
reut2-013.sgm-280.txt,0.0,binary,true,11
reut2-013.sgm-280.txt,0.0,count,false,1
reut2-013.sgm-280.txt,0.0,count,true,1
reut2-013.sgm-280.txt,0.0,gfidf,false,11
reut2-013.sgm-280.txt,0.0,gfidf,true,11
reut2-013.sgm-280.txt,0.0,idf,false,11
reut2-013.sgm-280.txt,0.0,idf,true,11
reut2-013.sgm-280.txt,0.0,logEntropy,false,11
reut2-013.sgm-280.txt,0.0,logEntropy,true,11
reut2-013.sgm-280.txt,0.0,normal,false,9
reut2-013.sgm-280.txt,0.0,normal,true,9
reut2-013.sgm-280.txt,0.0,tfidf,false,11
reut2-013.sgm-280.txt,0.0,tfidf,true,11
reut2-013.sgm-322.txt,0.0,binary,false,8
reut2-013.sgm-322.txt,0.0,binary,true,13
reut2-013.sgm-322.txt,0.0,count,false,8
reut2-013.sgm-322.txt,0.0,count,true,13
reut2-013.sgm-322.txt,0.0,gfidf,false,8
reut2-013.sgm-322.txt,0.0,gfidf,true,0
reut2-013.sgm-322.txt,0.0,idf,false,8
reut2-013.sgm-322.txt,0.0,idf,true,13
reut2-013.sgm-322.txt,0.0,logEntropy,false,8
reut2-013.sgm-322.txt,0.0,logEntropy,true,13
reut2-013.sgm-322.txt,0.0,normal,false,1
reut2-013.sgm-322.txt,0.0,normal,true,0
reut2-013.sgm-322.txt,0.0,tfidf,false,8
reut2-013.sgm-322.txt,0.0,tfidf,true,13
reut2-013.sgm-33.txt,0.0,binary,false,6
reut2-013.sgm-33.txt,0.0,binary,true,1
reut2-013.sgm-33.txt,0.0,count,false,14
reut2-013.sgm-33.txt,0.0,count,true,12
reut2-013.sgm-33.txt,0.0,gfidf,false,14
reut2-013.sgm-33.txt,0.0,gfidf,true,12
reut2-013.sgm-33.txt,0.0,idf,false,6
reut2-013.sgm-33.txt,0.0,idf,true,12
reut2-013.sgm-33.txt,0.0,logEntropy,false,14
reut2-013.sgm-33.txt,0.0,logEntropy,true,12
reut2-013.sgm-33.txt,0.0,normal,false,14
reut2-013.sgm-33.txt,0.0,normal,true,24
reut2-013.sgm-33.txt,0.0,tfidf,false,12
reut2-013.sgm-33.txt,0.0,tfidf,true,12
reut2-013.sgm-330.txt,0.0,binary,false,0
reut2-013.sgm-330.txt,0.0,binary,true,0
reut2-013.sgm-330.txt,0.0,count,false,0
reut2-013.sgm-330.txt,0.0,count,true,0
reut2-013.sgm-330.txt,0.0,gfidf,false,0
reut2-013.sgm-330.txt,0.0,gfidf,true,0
reut2-013.sgm-330.txt,0.0,idf,false,3
reut2-013.sgm-330.txt,0.0,idf,true,0
reut2-013.sgm-330.txt,0.0,logEntropy,false,0
reut2-013.sgm-330.txt,0.0,logEntropy,true,0
reut2-013.sgm-330.txt,0.0,normal,false,0
reut2-013.sgm-330.txt,0.0,normal,true,0
reut2-013.sgm-330.txt,0.0,tfidf,false,3
reut2-013.sgm-330.txt,0.0,tfidf,true,24
reut2-013.sgm-346.txt,0.0,binary,false,19
reut2-013.sgm-346.txt,0.0,binary,true,5
reut2-013.sgm-346.txt,0.0,count,false,19
reut2-013.sgm-346.txt,0.0,count,true,5
reut2-013.sgm-346.txt,0.0,gfidf,false,19
reut2-013.sgm-346.txt,0.0,gfidf,true,5
reut2-013.sgm-346.txt,0.0,idf,false,19
reut2-013.sgm-346.txt,0.0,idf,true,19
reut2-013.sgm-346.txt,0.0,logEntropy,false,19
reut2-013.sgm-346.txt,0.0,logEntropy,true,5
reut2-013.sgm-346.txt,0.0,normal,false,9
reut2-013.sgm-346.txt,0.0,normal,true,5
reut2-013.sgm-346.txt,0.0,tfidf,false,19
reut2-013.sgm-346.txt,0.0,tfidf,true,15
reut2-013.sgm-378.txt,0.0,binary,false,10
reut2-013.sgm-378.txt,0.0,binary,true,10
reut2-013.sgm-378.txt,0.0,count,false,10
reut2-013.sgm-378.txt,0.0,count,true,10
reut2-013.sgm-378.txt,0.0,gfidf,false,10
reut2-013.sgm-378.txt,0.0,gfidf,true,10
reut2-013.sgm-378.txt,0.0,idf,false,10
reut2-013.sgm-378.txt,0.0,idf,true,10
reut2-013.sgm-378.txt,0.0,logEntropy,false,10
reut2-013.sgm-378.txt,0.0,logEntropy,true,10
reut2-013.sgm-378.txt,0.0,normal,false,10
reut2-013.sgm-378.txt,0.0,normal,true,10
reut2-013.sgm-378.txt,0.0,tfidf,false,10
reut2-013.sgm-378.txt,0.0,tfidf,true,10
reut2-013.sgm-395.txt,0.0,binary,false,1
reut2-013.sgm-395.txt,0.0,binary,true,18
reut2-013.sgm-395.txt,0.0,count,false,18
reut2-013.sgm-395.txt,0.0,count,true,18
reut2-013.sgm-395.txt,0.0,gfidf,false,18
reut2-013.sgm-395.txt,0.0,gfidf,true,18
reut2-013.sgm-395.txt,0.0,idf,false,1
reut2-013.sgm-395.txt,0.0,idf,true,18
reut2-013.sgm-395.txt,0.0,logEntropy,false,1
reut2-013.sgm-395.txt,0.0,logEntropy,true,18
reut2-013.sgm-395.txt,0.0,normal,false,15
reut2-013.sgm-395.txt,0.0,normal,true,15
reut2-013.sgm-395.txt,0.0,tfidf,false,18
reut2-013.sgm-395.txt,0.0,tfidf,true,18
reut2-013.sgm-41.txt,0.0,binary,false,5
reut2-013.sgm-41.txt,0.0,binary,true,5
reut2-013.sgm-41.txt,0.0,count,false,5
reut2-013.sgm-41.txt,0.0,count,true,5
reut2-013.sgm-41.txt,0.0,gfidf,false,5
reut2-013.sgm-41.txt,0.0,gfidf,true,5
reut2-013.sgm-41.txt,0.0,idf,false,5
reut2-013.sgm-41.txt,0.0,idf,true,5
reut2-013.sgm-41.txt,0.0,logEntropy,false,5
reut2-013.sgm-41.txt,0.0,logEntropy,true,5
reut2-013.sgm-41.txt,0.0,normal,false,5
reut2-013.sgm-41.txt,0.0,normal,true,0
reut2-013.sgm-41.txt,0.0,tfidf,false,5
reut2-013.sgm-41.txt,0.0,tfidf,true,5
reut2-013.sgm-418.txt,0.0,binary,false,18
reut2-013.sgm-418.txt,0.0,binary,true,18
reut2-013.sgm-418.txt,0.0,count,false,25
reut2-013.sgm-418.txt,0.0,count,true,25
reut2-013.sgm-418.txt,0.0,gfidf,false,18
reut2-013.sgm-418.txt,0.0,gfidf,true,18
reut2-013.sgm-418.txt,0.0,idf,false,18
reut2-013.sgm-418.txt,0.0,idf,true,18
reut2-013.sgm-418.txt,0.0,logEntropy,false,18
reut2-013.sgm-418.txt,0.0,logEntropy,true,25
reut2-013.sgm-418.txt,0.0,normal,false,12
reut2-013.sgm-418.txt,0.0,normal,true,12
reut2-013.sgm-418.txt,0.0,tfidf,false,18
reut2-013.sgm-418.txt,0.0,tfidf,true,18
reut2-013.sgm-419.txt,0.0,binary,false,2
reut2-013.sgm-419.txt,0.0,binary,true,2
reut2-013.sgm-419.txt,0.0,count,false,2
reut2-013.sgm-419.txt,0.0,count,true,2
reut2-013.sgm-419.txt,0.0,gfidf,false,2
reut2-013.sgm-419.txt,0.0,gfidf,true,2
reut2-013.sgm-419.txt,0.0,idf,false,0
reut2-013.sgm-419.txt,0.0,idf,true,0
reut2-013.sgm-419.txt,0.0,logEntropy,false,2
reut2-013.sgm-419.txt,0.0,logEntropy,true,2
reut2-013.sgm-419.txt,0.0,normal,false,2
reut2-013.sgm-419.txt,0.0,normal,true,2
reut2-013.sgm-419.txt,0.0,tfidf,false,0
reut2-013.sgm-419.txt,0.0,tfidf,true,0
reut2-013.sgm-433.txt,3.1228367286228407,binary,false,8
reut2-013.sgm-433.txt,3.1228367286228407,binary,true,0
reut2-013.sgm-433.txt,3.1228367286228407,count,false,0
reut2-013.sgm-433.txt,3.1228367286228407,count,true,0
reut2-013.sgm-433.txt,3.1228367286228407,gfidf,false,0
reut2-013.sgm-433.txt,3.1228367286228407,gfidf,true,0
reut2-013.sgm-433.txt,3.1228367286228407,idf,false,8
reut2-013.sgm-433.txt,3.1228367286228407,idf,true,0
reut2-013.sgm-433.txt,3.1228367286228407,logEntropy,false,0
reut2-013.sgm-433.txt,3.1228367286228407,logEntropy,true,0
reut2-013.sgm-433.txt,3.1228367286228407,normal,false,0
reut2-013.sgm-433.txt,3.1228367286228407,normal,true,0
reut2-013.sgm-433.txt,3.1228367286228407,tfidf,false,8
reut2-013.sgm-433.txt,3.1228367286228407,tfidf,true,8
reut2-013.sgm-45.txt,0.0,binary,false,9
reut2-013.sgm-45.txt,0.0,binary,true,9
reut2-013.sgm-45.txt,0.0,count,false,9
reut2-013.sgm-45.txt,0.0,count,true,9
reut2-013.sgm-45.txt,0.0,gfidf,false,9
reut2-013.sgm-45.txt,0.0,gfidf,true,9
reut2-013.sgm-45.txt,0.0,idf,false,9
reut2-013.sgm-45.txt,0.0,idf,true,9
reut2-013.sgm-45.txt,0.0,logEntropy,false,9
reut2-013.sgm-45.txt,0.0,logEntropy,true,9
reut2-013.sgm-45.txt,0.0,normal,false,2
reut2-013.sgm-45.txt,0.0,normal,true,2
reut2-013.sgm-45.txt,0.0,tfidf,false,25
reut2-013.sgm-45.txt,0.0,tfidf,true,20
reut2-013.sgm-454.txt,0.0,binary,false,12
reut2-013.sgm-454.txt,0.0,binary,true,12
reut2-013.sgm-454.txt,0.0,count,false,1
reut2-013.sgm-454.txt,0.0,count,true,1
reut2-013.sgm-454.txt,0.0,gfidf,false,1
reut2-013.sgm-454.txt,0.0,gfidf,true,1
reut2-013.sgm-454.txt,0.0,idf,false,12
reut2-013.sgm-454.txt,0.0,idf,true,12
reut2-013.sgm-454.txt,0.0,logEntropy,false,1
reut2-013.sgm-454.txt,0.0,logEntropy,true,12
reut2-013.sgm-454.txt,0.0,normal,false,12
reut2-013.sgm-454.txt,0.0,normal,true,12
reut2-013.sgm-454.txt,0.0,tfidf,false,1
reut2-013.sgm-454.txt,0.0,tfidf,true,1
reut2-013.sgm-460.txt,0.0,binary,false,4
reut2-013.sgm-460.txt,0.0,binary,true,4
reut2-013.sgm-460.txt,0.0,count,false,4
reut2-013.sgm-460.txt,0.0,count,true,4
reut2-013.sgm-460.txt,0.0,gfidf,false,4
reut2-013.sgm-460.txt,0.0,gfidf,true,4
reut2-013.sgm-460.txt,0.0,idf,false,4
reut2-013.sgm-460.txt,0.0,idf,true,4
reut2-013.sgm-460.txt,0.0,logEntropy,false,4
reut2-013.sgm-460.txt,0.0,logEntropy,true,0
reut2-013.sgm-460.txt,0.0,normal,false,0
reut2-013.sgm-460.txt,0.0,normal,true,0
reut2-013.sgm-460.txt,0.0,tfidf,false,4
reut2-013.sgm-460.txt,0.0,tfidf,true,4
reut2-013.sgm-461.txt,0.0,binary,false,28
reut2-013.sgm-461.txt,0.0,binary,true,28
reut2-013.sgm-461.txt,0.0,count,false,28
reut2-013.sgm-461.txt,0.0,count,true,28
reut2-013.sgm-461.txt,0.0,gfidf,false,28
reut2-013.sgm-461.txt,0.0,gfidf,true,24
reut2-013.sgm-461.txt,0.0,idf,false,28
reut2-013.sgm-461.txt,0.0,idf,true,28
reut2-013.sgm-461.txt,0.0,logEntropy,false,28
reut2-013.sgm-461.txt,0.0,logEntropy,true,28
reut2-013.sgm-461.txt,0.0,normal,false,1
reut2-013.sgm-461.txt,0.0,normal,true,1
reut2-013.sgm-461.txt,0.0,tfidf,false,28
reut2-013.sgm-461.txt,0.0,tfidf,true,28
reut2-013.sgm-495.txt,0.0,binary,false,11
reut2-013.sgm-495.txt,0.0,binary,true,5
reut2-013.sgm-495.txt,0.0,count,false,5
reut2-013.sgm-495.txt,0.0,count,true,5
reut2-013.sgm-495.txt,0.0,gfidf,false,9
reut2-013.sgm-495.txt,0.0,gfidf,true,5
reut2-013.sgm-495.txt,0.0,idf,false,11
reut2-013.sgm-495.txt,0.0,idf,true,5
reut2-013.sgm-495.txt,0.0,logEntropy,false,5
reut2-013.sgm-495.txt,0.0,logEntropy,true,5
reut2-013.sgm-495.txt,0.0,normal,false,9
reut2-013.sgm-495.txt,0.0,normal,true,5
reut2-013.sgm-495.txt,0.0,tfidf,false,11
reut2-013.sgm-495.txt,0.0,tfidf,true,3
reut2-013.sgm-52.txt,0.0,binary,false,33
reut2-013.sgm-52.txt,0.0,binary,true,33
reut2-013.sgm-52.txt,0.0,count,false,28
reut2-013.sgm-52.txt,0.0,count,true,28
reut2-013.sgm-52.txt,0.0,gfidf,false,33
reut2-013.sgm-52.txt,0.0,gfidf,true,33
reut2-013.sgm-52.txt,0.0,idf,false,33
reut2-013.sgm-52.txt,0.0,idf,true,28
reut2-013.sgm-52.txt,0.0,logEntropy,false,33
reut2-013.sgm-52.txt,0.0,logEntropy,true,28
reut2-013.sgm-52.txt,0.0,normal,false,33
reut2-013.sgm-52.txt,0.0,normal,true,33
reut2-013.sgm-52.txt,0.0,tfidf,false,28
reut2-013.sgm-52.txt,0.0,tfidf,true,28
reut2-013.sgm-530.txt,0.0,binary,false,5
reut2-013.sgm-530.txt,0.0,binary,true,1
reut2-013.sgm-530.txt,0.0,count,false,5
reut2-013.sgm-530.txt,0.0,count,true,5
reut2-013.sgm-530.txt,0.0,gfidf,false,5
reut2-013.sgm-530.txt,0.0,gfidf,true,5
reut2-013.sgm-530.txt,0.0,idf,false,5
reut2-013.sgm-530.txt,0.0,idf,true,5
reut2-013.sgm-530.txt,0.0,logEntropy,false,5
reut2-013.sgm-530.txt,0.0,logEntropy,true,5
reut2-013.sgm-530.txt,0.0,normal,false,1
reut2-013.sgm-530.txt,0.0,normal,true,1
reut2-013.sgm-530.txt,0.0,tfidf,false,5
reut2-013.sgm-530.txt,0.0,tfidf,true,5
reut2-013.sgm-560.txt,0.0,binary,false,9
reut2-013.sgm-560.txt,0.0,binary,true,9
reut2-013.sgm-560.txt,0.0,count,false,9
reut2-013.sgm-560.txt,0.0,count,true,0
reut2-013.sgm-560.txt,0.0,gfidf,false,9
reut2-013.sgm-560.txt,0.0,gfidf,true,1
reut2-013.sgm-560.txt,0.0,idf,false,9
reut2-013.sgm-560.txt,0.0,idf,true,1
reut2-013.sgm-560.txt,0.0,logEntropy,false,9
reut2-013.sgm-560.txt,0.0,logEntropy,true,0
reut2-013.sgm-560.txt,0.0,normal,false,0
reut2-013.sgm-560.txt,0.0,normal,true,0
reut2-013.sgm-560.txt,0.0,tfidf,false,7
reut2-013.sgm-560.txt,0.0,tfidf,true,7
reut2-013.sgm-563.txt,0.0,binary,false,19
reut2-013.sgm-563.txt,0.0,binary,true,19
reut2-013.sgm-563.txt,0.0,count,false,10
reut2-013.sgm-563.txt,0.0,count,true,10
reut2-013.sgm-563.txt,0.0,gfidf,false,19
reut2-013.sgm-563.txt,0.0,gfidf,true,10
reut2-013.sgm-563.txt,0.0,idf,false,19
reut2-013.sgm-563.txt,0.0,idf,true,10
reut2-013.sgm-563.txt,0.0,logEntropy,false,19
reut2-013.sgm-563.txt,0.0,logEntropy,true,10
reut2-013.sgm-563.txt,0.0,normal,false,15
reut2-013.sgm-563.txt,0.0,normal,true,15
reut2-013.sgm-563.txt,0.0,tfidf,false,10
reut2-013.sgm-563.txt,0.0,tfidf,true,10
reut2-013.sgm-570.txt,3.8067806120424774,binary,false,0
reut2-013.sgm-570.txt,3.8067806120424774,binary,true,0
reut2-013.sgm-570.txt,3.8067806120424774,count,false,0
reut2-013.sgm-570.txt,3.8067806120424774,count,true,0
reut2-013.sgm-570.txt,3.8067806120424774,gfidf,false,0
reut2-013.sgm-570.txt,3.8067806120424774,gfidf,true,0
reut2-013.sgm-570.txt,3.8067806120424774,idf,false,0
reut2-013.sgm-570.txt,3.8067806120424774,idf,true,0
reut2-013.sgm-570.txt,3.8067806120424774,logEntropy,false,0
reut2-013.sgm-570.txt,3.8067806120424774,logEntropy,true,0
reut2-013.sgm-570.txt,3.8067806120424774,normal,false,0
reut2-013.sgm-570.txt,3.8067806120424774,normal,true,0
reut2-013.sgm-570.txt,3.8067806120424774,tfidf,false,0
reut2-013.sgm-570.txt,3.8067806120424774,tfidf,true,6
reut2-013.sgm-575.txt,0.0,binary,false,5
reut2-013.sgm-575.txt,0.0,binary,true,2
reut2-013.sgm-575.txt,0.0,count,false,5
reut2-013.sgm-575.txt,0.0,count,true,7
reut2-013.sgm-575.txt,0.0,gfidf,false,5
reut2-013.sgm-575.txt,0.0,gfidf,true,7
reut2-013.sgm-575.txt,0.0,idf,false,2
reut2-013.sgm-575.txt,0.0,idf,true,2
reut2-013.sgm-575.txt,0.0,logEntropy,false,5
reut2-013.sgm-575.txt,0.0,logEntropy,true,5
reut2-013.sgm-575.txt,0.0,normal,false,5
reut2-013.sgm-575.txt,0.0,normal,true,5
reut2-013.sgm-575.txt,0.0,tfidf,false,7
reut2-013.sgm-575.txt,0.0,tfidf,true,7
reut2-013.sgm-591.txt,0.0,binary,false,8
reut2-013.sgm-591.txt,0.0,binary,true,8
reut2-013.sgm-591.txt,0.0,count,false,8
reut2-013.sgm-591.txt,0.0,count,true,8
reut2-013.sgm-591.txt,0.0,gfidf,false,8
reut2-013.sgm-591.txt,0.0,gfidf,true,8
reut2-013.sgm-591.txt,0.0,idf,false,8
reut2-013.sgm-591.txt,0.0,idf,true,8
reut2-013.sgm-591.txt,0.0,logEntropy,false,8
reut2-013.sgm-591.txt,0.0,logEntropy,true,8
reut2-013.sgm-591.txt,0.0,normal,false,8
reut2-013.sgm-591.txt,0.0,normal,true,8
reut2-013.sgm-591.txt,0.0,tfidf,false,8
reut2-013.sgm-591.txt,0.0,tfidf,true,6
reut2-013.sgm-615.txt,0.0,binary,false,5
reut2-013.sgm-615.txt,0.0,binary,true,5
reut2-013.sgm-615.txt,0.0,count,false,5
reut2-013.sgm-615.txt,0.0,count,true,5
reut2-013.sgm-615.txt,0.0,gfidf,false,5
reut2-013.sgm-615.txt,0.0,gfidf,true,5
reut2-013.sgm-615.txt,0.0,idf,false,5
reut2-013.sgm-615.txt,0.0,idf,true,5
reut2-013.sgm-615.txt,0.0,logEntropy,false,5
reut2-013.sgm-615.txt,0.0,logEntropy,true,5
reut2-013.sgm-615.txt,0.0,normal,false,5
reut2-013.sgm-615.txt,0.0,normal,true,5
reut2-013.sgm-615.txt,0.0,tfidf,false,5
reut2-013.sgm-615.txt,0.0,tfidf,true,5
reut2-013.sgm-628.txt,0.0,binary,false,22
reut2-013.sgm-628.txt,0.0,binary,true,44
reut2-013.sgm-628.txt,0.0,count,false,22
reut2-013.sgm-628.txt,0.0,count,true,24
reut2-013.sgm-628.txt,0.0,gfidf,false,22
reut2-013.sgm-628.txt,0.0,gfidf,true,44
reut2-013.sgm-628.txt,0.0,idf,false,22
reut2-013.sgm-628.txt,0.0,idf,true,44
reut2-013.sgm-628.txt,0.0,logEntropy,false,24
reut2-013.sgm-628.txt,0.0,logEntropy,true,24
reut2-013.sgm-628.txt,0.0,normal,false,24
reut2-013.sgm-628.txt,0.0,normal,true,24
reut2-013.sgm-628.txt,0.0,tfidf,false,22
reut2-013.sgm-628.txt,0.0,tfidf,true,29
reut2-013.sgm-636.txt,2.101513277306439,binary,false,1
reut2-013.sgm-636.txt,2.101513277306439,binary,true,13
reut2-013.sgm-636.txt,2.101513277306439,count,false,1
reut2-013.sgm-636.txt,2.101513277306439,count,true,0
reut2-013.sgm-636.txt,2.101513277306439,gfidf,false,1
reut2-013.sgm-636.txt,2.101513277306439,gfidf,true,0
reut2-013.sgm-636.txt,2.101513277306439,idf,false,1
reut2-013.sgm-636.txt,2.101513277306439,idf,true,13
reut2-013.sgm-636.txt,2.101513277306439,logEntropy,false,1
reut2-013.sgm-636.txt,2.101513277306439,logEntropy,true,13
reut2-013.sgm-636.txt,2.101513277306439,normal,false,2
reut2-013.sgm-636.txt,2.101513277306439,normal,true,0
reut2-013.sgm-636.txt,2.101513277306439,tfidf,false,1
reut2-013.sgm-636.txt,2.101513277306439,tfidf,true,13
reut2-013.sgm-648.txt,0.0,binary,false,4
reut2-013.sgm-648.txt,0.0,binary,true,4
reut2-013.sgm-648.txt,0.0,count,false,3
reut2-013.sgm-648.txt,0.0,count,true,12
reut2-013.sgm-648.txt,0.0,gfidf,false,3
reut2-013.sgm-648.txt,0.0,gfidf,true,12
reut2-013.sgm-648.txt,0.0,idf,false,6
reut2-013.sgm-648.txt,0.0,idf,true,4
reut2-013.sgm-648.txt,0.0,logEntropy,false,3
reut2-013.sgm-648.txt,0.0,logEntropy,true,12
reut2-013.sgm-648.txt,0.0,normal,false,3
reut2-013.sgm-648.txt,0.0,normal,true,12
reut2-013.sgm-648.txt,0.0,tfidf,false,3
reut2-013.sgm-648.txt,0.0,tfidf,true,6
reut2-013.sgm-656.txt,0.0,binary,false,9
reut2-013.sgm-656.txt,0.0,binary,true,9
reut2-013.sgm-656.txt,0.0,count,false,9
reut2-013.sgm-656.txt,0.0,count,true,9
reut2-013.sgm-656.txt,0.0,gfidf,false,9
reut2-013.sgm-656.txt,0.0,gfidf,true,9
reut2-013.sgm-656.txt,0.0,idf,false,9
reut2-013.sgm-656.txt,0.0,idf,true,9
reut2-013.sgm-656.txt,0.0,logEntropy,false,9
reut2-013.sgm-656.txt,0.0,logEntropy,true,9
reut2-013.sgm-656.txt,0.0,normal,false,5
reut2-013.sgm-656.txt,0.0,normal,true,5
reut2-013.sgm-656.txt,0.0,tfidf,false,9
reut2-013.sgm-656.txt,0.0,tfidf,true,9
reut2-013.sgm-67.txt,0.0,binary,false,23
reut2-013.sgm-67.txt,0.0,binary,true,16
reut2-013.sgm-67.txt,0.0,count,false,5
reut2-013.sgm-67.txt,0.0,count,true,23
reut2-013.sgm-67.txt,0.0,gfidf,false,5
reut2-013.sgm-67.txt,0.0,gfidf,true,11
reut2-013.sgm-67.txt,0.0,idf,false,16
reut2-013.sgm-67.txt,0.0,idf,true,16
reut2-013.sgm-67.txt,0.0,logEntropy,false,5
reut2-013.sgm-67.txt,0.0,logEntropy,true,23
reut2-013.sgm-67.txt,0.0,normal,false,3
reut2-013.sgm-67.txt,0.0,normal,true,3
reut2-013.sgm-67.txt,0.0,tfidf,false,5
reut2-013.sgm-67.txt,0.0,tfidf,true,16
reut2-013.sgm-691.txt,0.0,binary,false,4
reut2-013.sgm-691.txt,0.0,binary,true,4
reut2-013.sgm-691.txt,0.0,count,false,17
reut2-013.sgm-691.txt,0.0,count,true,8
reut2-013.sgm-691.txt,0.0,gfidf,false,17
reut2-013.sgm-691.txt,0.0,gfidf,true,8
reut2-013.sgm-691.txt,0.0,idf,false,4
reut2-013.sgm-691.txt,0.0,idf,true,4
reut2-013.sgm-691.txt,0.0,logEntropy,false,4
reut2-013.sgm-691.txt,0.0,logEntropy,true,4
reut2-013.sgm-691.txt,0.0,normal,false,17
reut2-013.sgm-691.txt,0.0,normal,true,13
reut2-013.sgm-691.txt,0.0,tfidf,false,24
reut2-013.sgm-691.txt,0.0,tfidf,true,8
reut2-013.sgm-71.txt,0.0,binary,false,4
reut2-013.sgm-71.txt,0.0,binary,true,4
reut2-013.sgm-71.txt,0.0,count,false,7
reut2-013.sgm-71.txt,0.0,count,true,1
reut2-013.sgm-71.txt,0.0,gfidf,false,7
reut2-013.sgm-71.txt,0.0,gfidf,true,4
reut2-013.sgm-71.txt,0.0,idf,false,4
reut2-013.sgm-71.txt,0.0,idf,true,1
reut2-013.sgm-71.txt,0.0,logEntropy,false,7
reut2-013.sgm-71.txt,0.0,logEntropy,true,1
reut2-013.sgm-71.txt,0.0,normal,false,4
reut2-013.sgm-71.txt,0.0,normal,true,4
reut2-013.sgm-71.txt,0.0,tfidf,false,7
reut2-013.sgm-71.txt,0.0,tfidf,true,1
reut2-013.sgm-72.txt,1.8114473285278132,binary,false,1
reut2-013.sgm-72.txt,1.8114473285278132,binary,true,1
reut2-013.sgm-72.txt,1.8114473285278132,count,false,33
reut2-013.sgm-72.txt,1.8114473285278132,count,true,33
reut2-013.sgm-72.txt,1.8114473285278132,gfidf,false,1
reut2-013.sgm-72.txt,1.8114473285278132,gfidf,true,1
reut2-013.sgm-72.txt,1.8114473285278132,idf,false,1
reut2-013.sgm-72.txt,1.8114473285278132,idf,true,18
reut2-013.sgm-72.txt,1.8114473285278132,logEntropy,false,1
reut2-013.sgm-72.txt,1.8114473285278132,logEntropy,true,1
reut2-013.sgm-72.txt,1.8114473285278132,normal,false,24
reut2-013.sgm-72.txt,1.8114473285278132,normal,true,1
reut2-013.sgm-72.txt,1.8114473285278132,tfidf,false,18
reut2-013.sgm-72.txt,1.8114473285278132,tfidf,true,18
reut2-013.sgm-737.txt,0.0,binary,false,4
reut2-013.sgm-737.txt,0.0,binary,true,13
reut2-013.sgm-737.txt,0.0,count,false,16
reut2-013.sgm-737.txt,0.0,count,true,16
reut2-013.sgm-737.txt,0.0,gfidf,false,13
reut2-013.sgm-737.txt,0.0,gfidf,true,13
reut2-013.sgm-737.txt,0.0,idf,false,4
reut2-013.sgm-737.txt,0.0,idf,true,13
reut2-013.sgm-737.txt,0.0,logEntropy,false,16
reut2-013.sgm-737.txt,0.0,logEntropy,true,16
reut2-013.sgm-737.txt,0.0,normal,false,13
reut2-013.sgm-737.txt,0.0,normal,true,13
reut2-013.sgm-737.txt,0.0,tfidf,false,16
reut2-013.sgm-737.txt,0.0,tfidf,true,13
reut2-013.sgm-751.txt,0.0,binary,false,11
reut2-013.sgm-751.txt,0.0,binary,true,0
reut2-013.sgm-751.txt,0.0,count,false,5
reut2-013.sgm-751.txt,0.0,count,true,5
reut2-013.sgm-751.txt,0.0,gfidf,false,5
reut2-013.sgm-751.txt,0.0,gfidf,true,5
reut2-013.sgm-751.txt,0.0,idf,false,11
reut2-013.sgm-751.txt,0.0,idf,true,0
reut2-013.sgm-751.txt,0.0,logEntropy,false,11
reut2-013.sgm-751.txt,0.0,logEntropy,true,5
reut2-013.sgm-751.txt,0.0,normal,false,11
reut2-013.sgm-751.txt,0.0,normal,true,14
reut2-013.sgm-751.txt,0.0,tfidf,false,5
reut2-013.sgm-751.txt,0.0,tfidf,true,5
reut2-013.sgm-770.txt,0.0,binary,false,1
reut2-013.sgm-770.txt,0.0,binary,true,1
reut2-013.sgm-770.txt,0.0,count,false,15
reut2-013.sgm-770.txt,0.0,count,true,15
reut2-013.sgm-770.txt,0.0,gfidf,false,15
reut2-013.sgm-770.txt,0.0,gfidf,true,15
reut2-013.sgm-770.txt,0.0,idf,false,1
reut2-013.sgm-770.txt,0.0,idf,true,1
reut2-013.sgm-770.txt,0.0,logEntropy,false,15
reut2-013.sgm-770.txt,0.0,logEntropy,true,15
reut2-013.sgm-770.txt,0.0,normal,false,1
reut2-013.sgm-770.txt,0.0,normal,true,1
reut2-013.sgm-770.txt,0.0,tfidf,false,15
reut2-013.sgm-770.txt,0.0,tfidf,true,15
reut2-013.sgm-79.txt,0.0,binary,false,0
reut2-013.sgm-79.txt,0.0,binary,true,0
reut2-013.sgm-79.txt,0.0,count,false,23
reut2-013.sgm-79.txt,0.0,count,true,0
reut2-013.sgm-79.txt,0.0,gfidf,false,0
reut2-013.sgm-79.txt,0.0,gfidf,true,0
reut2-013.sgm-79.txt,0.0,idf,false,10
reut2-013.sgm-79.txt,0.0,idf,true,10
reut2-013.sgm-79.txt,0.0,logEntropy,false,0
reut2-013.sgm-79.txt,0.0,logEntropy,true,0
reut2-013.sgm-79.txt,0.0,normal,false,1
reut2-013.sgm-79.txt,0.0,normal,true,1
reut2-013.sgm-79.txt,0.0,tfidf,false,10
reut2-013.sgm-79.txt,0.0,tfidf,true,10
reut2-013.sgm-808.txt,0.0,binary,false,4
reut2-013.sgm-808.txt,0.0,binary,true,4
reut2-013.sgm-808.txt,0.0,count,false,4
reut2-013.sgm-808.txt,0.0,count,true,4
reut2-013.sgm-808.txt,0.0,gfidf,false,4
reut2-013.sgm-808.txt,0.0,gfidf,true,4
reut2-013.sgm-808.txt,0.0,idf,false,17
reut2-013.sgm-808.txt,0.0,idf,true,4
reut2-013.sgm-808.txt,0.0,logEntropy,false,4
reut2-013.sgm-808.txt,0.0,logEntropy,true,4
reut2-013.sgm-808.txt,0.0,normal,false,0
reut2-013.sgm-808.txt,0.0,normal,true,0
reut2-013.sgm-808.txt,0.0,tfidf,false,17
reut2-013.sgm-808.txt,0.0,tfidf,true,4
reut2-013.sgm-864.txt,2.2081790273476245,binary,false,3
reut2-013.sgm-864.txt,2.2081790273476245,binary,true,0
reut2-013.sgm-864.txt,2.2081790273476245,count,false,3
reut2-013.sgm-864.txt,2.2081790273476245,count,true,3
reut2-013.sgm-864.txt,2.2081790273476245,gfidf,false,3
reut2-013.sgm-864.txt,2.2081790273476245,gfidf,true,0
reut2-013.sgm-864.txt,2.2081790273476245,idf,false,3
reut2-013.sgm-864.txt,2.2081790273476245,idf,true,3
reut2-013.sgm-864.txt,2.2081790273476245,logEntropy,false,3
reut2-013.sgm-864.txt,2.2081790273476245,logEntropy,true,3
reut2-013.sgm-864.txt,2.2081790273476245,normal,false,0
reut2-013.sgm-864.txt,2.2081790273476245,normal,true,0
reut2-013.sgm-864.txt,2.2081790273476245,tfidf,false,3
reut2-013.sgm-864.txt,2.2081790273476245,tfidf,true,3
reut2-013.sgm-902.txt,2.101513277306439,binary,false,6
reut2-013.sgm-902.txt,2.101513277306439,binary,true,6
reut2-013.sgm-902.txt,2.101513277306439,count,false,6
reut2-013.sgm-902.txt,2.101513277306439,count,true,6
reut2-013.sgm-902.txt,2.101513277306439,gfidf,false,6
reut2-013.sgm-902.txt,2.101513277306439,gfidf,true,6
reut2-013.sgm-902.txt,2.101513277306439,idf,false,6
reut2-013.sgm-902.txt,2.101513277306439,idf,true,6
reut2-013.sgm-902.txt,2.101513277306439,logEntropy,false,6
reut2-013.sgm-902.txt,2.101513277306439,logEntropy,true,6
reut2-013.sgm-902.txt,2.101513277306439,normal,false,6
reut2-013.sgm-902.txt,2.101513277306439,normal,true,0
reut2-013.sgm-902.txt,2.101513277306439,tfidf,false,6
reut2-013.sgm-902.txt,2.101513277306439,tfidf,true,6
reut2-013.sgm-907.txt,0.0,binary,false,15
reut2-013.sgm-907.txt,0.0,binary,true,15
reut2-013.sgm-907.txt,0.0,count,false,2
reut2-013.sgm-907.txt,0.0,count,true,2
reut2-013.sgm-907.txt,0.0,gfidf,false,15
reut2-013.sgm-907.txt,0.0,gfidf,true,2
reut2-013.sgm-907.txt,0.0,idf,false,15
reut2-013.sgm-907.txt,0.0,idf,true,10
reut2-013.sgm-907.txt,0.0,logEntropy,false,2
reut2-013.sgm-907.txt,0.0,logEntropy,true,2
reut2-013.sgm-907.txt,0.0,normal,false,15
reut2-013.sgm-907.txt,0.0,normal,true,2
reut2-013.sgm-907.txt,0.0,tfidf,false,15
reut2-013.sgm-907.txt,0.0,tfidf,true,10
reut2-013.sgm-945.txt,4.4014204205619745,binary,false,0
reut2-013.sgm-945.txt,4.4014204205619745,binary,true,0
reut2-013.sgm-945.txt,4.4014204205619745,count,false,0
reut2-013.sgm-945.txt,4.4014204205619745,count,true,0
reut2-013.sgm-945.txt,4.4014204205619745,gfidf,false,0
reut2-013.sgm-945.txt,4.4014204205619745,gfidf,true,0
reut2-013.sgm-945.txt,4.4014204205619745,idf,false,0
reut2-013.sgm-945.txt,4.4014204205619745,idf,true,0
reut2-013.sgm-945.txt,4.4014204205619745,logEntropy,false,0
reut2-013.sgm-945.txt,4.4014204205619745,logEntropy,true,0
reut2-013.sgm-945.txt,4.4014204205619745,normal,false,0
reut2-013.sgm-945.txt,4.4014204205619745,normal,true,0
reut2-013.sgm-945.txt,4.4014204205619745,tfidf,false,0
reut2-013.sgm-945.txt,4.4014204205619745,tfidf,true,0
reut2-013.sgm-948.txt,0.0,binary,false,3
reut2-013.sgm-948.txt,0.0,binary,true,3
reut2-013.sgm-948.txt,0.0,count,false,3
reut2-013.sgm-948.txt,0.0,count,true,29
reut2-013.sgm-948.txt,0.0,gfidf,false,11
reut2-013.sgm-948.txt,0.0,gfidf,true,3
reut2-013.sgm-948.txt,0.0,idf,false,3
reut2-013.sgm-948.txt,0.0,idf,true,3
reut2-013.sgm-948.txt,0.0,logEntropy,false,3
reut2-013.sgm-948.txt,0.0,logEntropy,true,3
reut2-013.sgm-948.txt,0.0,normal,false,0
reut2-013.sgm-948.txt,0.0,normal,true,0
reut2-013.sgm-948.txt,0.0,tfidf,false,3
reut2-013.sgm-948.txt,0.0,tfidf,true,3
reut2-013.sgm-992.txt,0.0,binary,false,17
reut2-013.sgm-992.txt,0.0,binary,true,5
reut2-013.sgm-992.txt,0.0,count,false,10
reut2-013.sgm-992.txt,0.0,count,true,10
reut2-013.sgm-992.txt,0.0,gfidf,false,10
reut2-013.sgm-992.txt,0.0,gfidf,true,10
reut2-013.sgm-992.txt,0.0,idf,false,10
reut2-013.sgm-992.txt,0.0,idf,true,5
reut2-013.sgm-992.txt,0.0,logEntropy,false,10
reut2-013.sgm-992.txt,0.0,logEntropy,true,10
reut2-013.sgm-992.txt,0.0,normal,false,0
reut2-013.sgm-992.txt,0.0,normal,true,17
reut2-013.sgm-992.txt,0.0,tfidf,false,10
reut2-013.sgm-992.txt,0.0,tfidf,true,10
reut2-013.sgm-994.txt,0.0,binary,false,16
reut2-013.sgm-994.txt,0.0,binary,true,10
reut2-013.sgm-994.txt,0.0,count,false,16
reut2-013.sgm-994.txt,0.0,count,true,10
reut2-013.sgm-994.txt,0.0,gfidf,false,16
reut2-013.sgm-994.txt,0.0,gfidf,true,10
reut2-013.sgm-994.txt,0.0,idf,false,10
reut2-013.sgm-994.txt,0.0,idf,true,10
reut2-013.sgm-994.txt,0.0,logEntropy,false,16
reut2-013.sgm-994.txt,0.0,logEntropy,true,10
reut2-013.sgm-994.txt,0.0,normal,false,16
reut2-013.sgm-994.txt,0.0,normal,true,16
reut2-013.sgm-994.txt,0.0,tfidf,false,10
reut2-013.sgm-994.txt,0.0,tfidf,true,10
reut2-014.sgm-108.txt,2.3487774830953807,binary,false,1
reut2-014.sgm-108.txt,2.3487774830953807,binary,true,1
reut2-014.sgm-108.txt,2.3487774830953807,count,false,1
reut2-014.sgm-108.txt,2.3487774830953807,count,true,1
reut2-014.sgm-108.txt,2.3487774830953807,gfidf,false,1
reut2-014.sgm-108.txt,2.3487774830953807,gfidf,true,1
reut2-014.sgm-108.txt,2.3487774830953807,idf,false,5
reut2-014.sgm-108.txt,2.3487774830953807,idf,true,1
reut2-014.sgm-108.txt,2.3487774830953807,logEntropy,false,1
reut2-014.sgm-108.txt,2.3487774830953807,logEntropy,true,1
reut2-014.sgm-108.txt,2.3487774830953807,normal,false,1
reut2-014.sgm-108.txt,2.3487774830953807,normal,true,0
reut2-014.sgm-108.txt,2.3487774830953807,tfidf,false,2
reut2-014.sgm-108.txt,2.3487774830953807,tfidf,true,16
reut2-014.sgm-198.txt,0.0,binary,false,5
reut2-014.sgm-198.txt,0.0,binary,true,5
reut2-014.sgm-198.txt,0.0,count,false,5
reut2-014.sgm-198.txt,0.0,count,true,8
reut2-014.sgm-198.txt,0.0,gfidf,false,5
reut2-014.sgm-198.txt,0.0,gfidf,true,5
reut2-014.sgm-198.txt,0.0,idf,false,5
reut2-014.sgm-198.txt,0.0,idf,true,5
reut2-014.sgm-198.txt,0.0,logEntropy,false,5
reut2-014.sgm-198.txt,0.0,logEntropy,true,5
reut2-014.sgm-198.txt,0.0,normal,false,8
reut2-014.sgm-198.txt,0.0,normal,true,8
reut2-014.sgm-198.txt,0.0,tfidf,false,5
reut2-014.sgm-198.txt,0.0,tfidf,true,5
reut2-014.sgm-211.txt,0.0,binary,false,5
reut2-014.sgm-211.txt,0.0,binary,true,5
reut2-014.sgm-211.txt,0.0,count,false,9
reut2-014.sgm-211.txt,0.0,count,true,1
reut2-014.sgm-211.txt,0.0,gfidf,false,9
reut2-014.sgm-211.txt,0.0,gfidf,true,5
reut2-014.sgm-211.txt,0.0,idf,false,9
reut2-014.sgm-211.txt,0.0,idf,true,9
reut2-014.sgm-211.txt,0.0,logEntropy,false,9
reut2-014.sgm-211.txt,0.0,logEntropy,true,1
reut2-014.sgm-211.txt,0.0,normal,false,5
reut2-014.sgm-211.txt,0.0,normal,true,1
reut2-014.sgm-211.txt,0.0,tfidf,false,9
reut2-014.sgm-211.txt,0.0,tfidf,true,4
reut2-014.sgm-219.txt,3.2813414240305514,binary,false,0
reut2-014.sgm-219.txt,3.2813414240305514,binary,true,0
reut2-014.sgm-219.txt,3.2813414240305514,count,false,0
reut2-014.sgm-219.txt,3.2813414240305514,count,true,0
reut2-014.sgm-219.txt,3.2813414240305514,gfidf,false,0
reut2-014.sgm-219.txt,3.2813414240305514,gfidf,true,0
reut2-014.sgm-219.txt,3.2813414240305514,idf,false,0
reut2-014.sgm-219.txt,3.2813414240305514,idf,true,0
reut2-014.sgm-219.txt,3.2813414240305514,logEntropy,false,0
reut2-014.sgm-219.txt,3.2813414240305514,logEntropy,true,0
reut2-014.sgm-219.txt,3.2813414240305514,normal,false,18
reut2-014.sgm-219.txt,3.2813414240305514,normal,true,18
reut2-014.sgm-219.txt,3.2813414240305514,tfidf,false,15
reut2-014.sgm-219.txt,3.2813414240305514,tfidf,true,15
reut2-014.sgm-29.txt,0.0,binary,false,11
reut2-014.sgm-29.txt,0.0,binary,true,11
reut2-014.sgm-29.txt,0.0,count,false,11
reut2-014.sgm-29.txt,0.0,count,true,11
reut2-014.sgm-29.txt,0.0,gfidf,false,11
reut2-014.sgm-29.txt,0.0,gfidf,true,11
reut2-014.sgm-29.txt,0.0,idf,false,11
reut2-014.sgm-29.txt,0.0,idf,true,11
reut2-014.sgm-29.txt,0.0,logEntropy,false,11
reut2-014.sgm-29.txt,0.0,logEntropy,true,11
reut2-014.sgm-29.txt,0.0,normal,false,2
reut2-014.sgm-29.txt,0.0,normal,true,2
reut2-014.sgm-29.txt,0.0,tfidf,false,11
reut2-014.sgm-29.txt,0.0,tfidf,true,11
reut2-014.sgm-312.txt,0.0,binary,false,4
reut2-014.sgm-312.txt,0.0,binary,true,2
reut2-014.sgm-312.txt,0.0,count,false,4
reut2-014.sgm-312.txt,0.0,count,true,4
reut2-014.sgm-312.txt,0.0,gfidf,false,4
reut2-014.sgm-312.txt,0.0,gfidf,true,2
reut2-014.sgm-312.txt,0.0,idf,false,4
reut2-014.sgm-312.txt,0.0,idf,true,2
reut2-014.sgm-312.txt,0.0,logEntropy,false,4
reut2-014.sgm-312.txt,0.0,logEntropy,true,4
reut2-014.sgm-312.txt,0.0,normal,false,4
reut2-014.sgm-312.txt,0.0,normal,true,4
reut2-014.sgm-312.txt,0.0,tfidf,false,2
reut2-014.sgm-312.txt,0.0,tfidf,true,2
reut2-014.sgm-330.txt,0.0,binary,false,2
reut2-014.sgm-330.txt,0.0,binary,true,5
reut2-014.sgm-330.txt,0.0,count,false,5
reut2-014.sgm-330.txt,0.0,count,true,5
reut2-014.sgm-330.txt,0.0,gfidf,false,2
reut2-014.sgm-330.txt,0.0,gfidf,true,5
reut2-014.sgm-330.txt,0.0,idf,false,2
reut2-014.sgm-330.txt,0.0,idf,true,5
reut2-014.sgm-330.txt,0.0,logEntropy,false,2
reut2-014.sgm-330.txt,0.0,logEntropy,true,5
reut2-014.sgm-330.txt,0.0,normal,false,0
reut2-014.sgm-330.txt,0.0,normal,true,0
reut2-014.sgm-330.txt,0.0,tfidf,false,2
reut2-014.sgm-330.txt,0.0,tfidf,true,5
reut2-014.sgm-341.txt,2.101513277306439,binary,false,15
reut2-014.sgm-341.txt,2.101513277306439,binary,true,15
reut2-014.sgm-341.txt,2.101513277306439,count,false,15
reut2-014.sgm-341.txt,2.101513277306439,count,true,15
reut2-014.sgm-341.txt,2.101513277306439,gfidf,false,15
reut2-014.sgm-341.txt,2.101513277306439,gfidf,true,15
reut2-014.sgm-341.txt,2.101513277306439,idf,false,15
reut2-014.sgm-341.txt,2.101513277306439,idf,true,15
reut2-014.sgm-341.txt,2.101513277306439,logEntropy,false,15
reut2-014.sgm-341.txt,2.101513277306439,logEntropy,true,15
reut2-014.sgm-341.txt,2.101513277306439,normal,false,0
reut2-014.sgm-341.txt,2.101513277306439,normal,true,0
reut2-014.sgm-341.txt,2.101513277306439,tfidf,false,15
reut2-014.sgm-341.txt,2.101513277306439,tfidf,true,15
reut2-014.sgm-356.txt,3.622894657055627,binary,false,0
reut2-014.sgm-356.txt,3.622894657055627,binary,true,0
reut2-014.sgm-356.txt,3.622894657055627,count,false,0
reut2-014.sgm-356.txt,3.622894657055627,count,true,0
reut2-014.sgm-356.txt,3.622894657055627,gfidf,false,0
reut2-014.sgm-356.txt,3.622894657055627,gfidf,true,0
reut2-014.sgm-356.txt,3.622894657055627,idf,false,0
reut2-014.sgm-356.txt,3.622894657055627,idf,true,0
reut2-014.sgm-356.txt,3.622894657055627,logEntropy,false,0
reut2-014.sgm-356.txt,3.622894657055627,logEntropy,true,0
reut2-014.sgm-356.txt,3.622894657055627,normal,false,0
reut2-014.sgm-356.txt,3.622894657055627,normal,true,0
reut2-014.sgm-356.txt,3.622894657055627,tfidf,false,4
reut2-014.sgm-356.txt,3.622894657055627,tfidf,true,10
reut2-014.sgm-389.txt,0.0,binary,false,15
reut2-014.sgm-389.txt,0.0,binary,true,15
reut2-014.sgm-389.txt,0.0,count,false,13
reut2-014.sgm-389.txt,0.0,count,true,13
reut2-014.sgm-389.txt,0.0,gfidf,false,13
reut2-014.sgm-389.txt,0.0,gfidf,true,13
reut2-014.sgm-389.txt,0.0,idf,false,15
reut2-014.sgm-389.txt,0.0,idf,true,15
reut2-014.sgm-389.txt,0.0,logEntropy,false,13
reut2-014.sgm-389.txt,0.0,logEntropy,true,13
reut2-014.sgm-389.txt,0.0,normal,false,13
reut2-014.sgm-389.txt,0.0,normal,true,13
reut2-014.sgm-389.txt,0.0,tfidf,false,15
reut2-014.sgm-389.txt,0.0,tfidf,true,15
reut2-014.sgm-418.txt,0.0,binary,false,29
reut2-014.sgm-418.txt,0.0,binary,true,29
reut2-014.sgm-418.txt,0.0,count,false,25
reut2-014.sgm-418.txt,0.0,count,true,13
reut2-014.sgm-418.txt,0.0,gfidf,false,13
reut2-014.sgm-418.txt,0.0,gfidf,true,13
reut2-014.sgm-418.txt,0.0,idf,false,29
reut2-014.sgm-418.txt,0.0,idf,true,29
reut2-014.sgm-418.txt,0.0,logEntropy,false,29
reut2-014.sgm-418.txt,0.0,logEntropy,true,29
reut2-014.sgm-418.txt,0.0,normal,false,29
reut2-014.sgm-418.txt,0.0,normal,true,15
reut2-014.sgm-418.txt,0.0,tfidf,false,13
reut2-014.sgm-418.txt,0.0,tfidf,true,13
reut2-014.sgm-42.txt,0.0,binary,false,13
reut2-014.sgm-42.txt,0.0,binary,true,13
reut2-014.sgm-42.txt,0.0,count,false,13
reut2-014.sgm-42.txt,0.0,count,true,13
reut2-014.sgm-42.txt,0.0,gfidf,false,13
reut2-014.sgm-42.txt,0.0,gfidf,true,13
reut2-014.sgm-42.txt,0.0,idf,false,13
reut2-014.sgm-42.txt,0.0,idf,true,13
reut2-014.sgm-42.txt,0.0,logEntropy,false,13
reut2-014.sgm-42.txt,0.0,logEntropy,true,13
reut2-014.sgm-42.txt,0.0,normal,false,4
reut2-014.sgm-42.txt,0.0,normal,true,13
reut2-014.sgm-42.txt,0.0,tfidf,false,7
reut2-014.sgm-42.txt,0.0,tfidf,true,13
reut2-014.sgm-433.txt,0.0,binary,false,8
reut2-014.sgm-433.txt,0.0,binary,true,8
reut2-014.sgm-433.txt,0.0,count,false,8
reut2-014.sgm-433.txt,0.0,count,true,8
reut2-014.sgm-433.txt,0.0,gfidf,false,8
reut2-014.sgm-433.txt,0.0,gfidf,true,8
reut2-014.sgm-433.txt,0.0,idf,false,8
reut2-014.sgm-433.txt,0.0,idf,true,7
reut2-014.sgm-433.txt,0.0,logEntropy,false,8
reut2-014.sgm-433.txt,0.0,logEntropy,true,8
reut2-014.sgm-433.txt,0.0,normal,false,8
reut2-014.sgm-433.txt,0.0,normal,true,8
reut2-014.sgm-433.txt,0.0,tfidf,false,5
reut2-014.sgm-433.txt,0.0,tfidf,true,5
reut2-014.sgm-477.txt,2.3774550725295036,binary,false,1
reut2-014.sgm-477.txt,2.3774550725295036,binary,true,1
reut2-014.sgm-477.txt,2.3774550725295036,count,false,1
reut2-014.sgm-477.txt,2.3774550725295036,count,true,1
reut2-014.sgm-477.txt,2.3774550725295036,gfidf,false,1
reut2-014.sgm-477.txt,2.3774550725295036,gfidf,true,1
reut2-014.sgm-477.txt,2.3774550725295036,idf,false,1
reut2-014.sgm-477.txt,2.3774550725295036,idf,true,1
reut2-014.sgm-477.txt,2.3774550725295036,logEntropy,false,1
reut2-014.sgm-477.txt,2.3774550725295036,logEntropy,true,1
reut2-014.sgm-477.txt,2.3774550725295036,normal,false,0
reut2-014.sgm-477.txt,2.3774550725295036,normal,true,0
reut2-014.sgm-477.txt,2.3774550725295036,tfidf,false,1
reut2-014.sgm-477.txt,2.3774550725295036,tfidf,true,1
reut2-014.sgm-491.txt,0.0,binary,false,0
reut2-014.sgm-491.txt,0.0,binary,true,0
reut2-014.sgm-491.txt,0.0,count,false,0
reut2-014.sgm-491.txt,0.0,count,true,0
reut2-014.sgm-491.txt,0.0,gfidf,false,3
reut2-014.sgm-491.txt,0.0,gfidf,true,0
reut2-014.sgm-491.txt,0.0,idf,false,7
reut2-014.sgm-491.txt,0.0,idf,true,7
reut2-014.sgm-491.txt,0.0,logEntropy,false,0
reut2-014.sgm-491.txt,0.0,logEntropy,true,0
reut2-014.sgm-491.txt,0.0,normal,false,0
reut2-014.sgm-491.txt,0.0,normal,true,0
reut2-014.sgm-491.txt,0.0,tfidf,false,3
reut2-014.sgm-491.txt,0.0,tfidf,true,3
reut2-014.sgm-614.txt,0.0,binary,false,7
reut2-014.sgm-614.txt,0.0,binary,true,1
reut2-014.sgm-614.txt,0.0,count,false,7
reut2-014.sgm-614.txt,0.0,count,true,7
reut2-014.sgm-614.txt,0.0,gfidf,false,7
reut2-014.sgm-614.txt,0.0,gfidf,true,0
reut2-014.sgm-614.txt,0.0,idf,false,7
reut2-014.sgm-614.txt,0.0,idf,true,1
reut2-014.sgm-614.txt,0.0,logEntropy,false,7
reut2-014.sgm-614.txt,0.0,logEntropy,true,7
reut2-014.sgm-614.txt,0.0,normal,false,0
reut2-014.sgm-614.txt,0.0,normal,true,0
reut2-014.sgm-614.txt,0.0,tfidf,false,7
reut2-014.sgm-614.txt,0.0,tfidf,true,1
reut2-014.sgm-634.txt,0.0,binary,false,25
reut2-014.sgm-634.txt,0.0,binary,true,40
reut2-014.sgm-634.txt,0.0,count,false,0
reut2-014.sgm-634.txt,0.0,count,true,40
reut2-014.sgm-634.txt,0.0,gfidf,false,0
reut2-014.sgm-634.txt,0.0,gfidf,true,40
reut2-014.sgm-634.txt,0.0,idf,false,20
reut2-014.sgm-634.txt,0.0,idf,true,20
reut2-014.sgm-634.txt,0.0,logEntropy,false,0
reut2-014.sgm-634.txt,0.0,logEntropy,true,40
reut2-014.sgm-634.txt,0.0,normal,false,0
reut2-014.sgm-634.txt,0.0,normal,true,0
reut2-014.sgm-634.txt,0.0,tfidf,false,20
reut2-014.sgm-634.txt,0.0,tfidf,true,20
reut2-014.sgm-653.txt,3.1228367286228407,binary,false,0
reut2-014.sgm-653.txt,3.1228367286228407,binary,true,22
reut2-014.sgm-653.txt,3.1228367286228407,count,false,0
reut2-014.sgm-653.txt,3.1228367286228407,count,true,22
reut2-014.sgm-653.txt,3.1228367286228407,gfidf,false,0
reut2-014.sgm-653.txt,3.1228367286228407,gfidf,true,0
reut2-014.sgm-653.txt,3.1228367286228407,idf,false,22
reut2-014.sgm-653.txt,3.1228367286228407,idf,true,22
reut2-014.sgm-653.txt,3.1228367286228407,logEntropy,false,0
reut2-014.sgm-653.txt,3.1228367286228407,logEntropy,true,22
reut2-014.sgm-653.txt,3.1228367286228407,normal,false,0
reut2-014.sgm-653.txt,3.1228367286228407,normal,true,0
reut2-014.sgm-653.txt,3.1228367286228407,tfidf,false,0
reut2-014.sgm-653.txt,3.1228367286228407,tfidf,true,0
reut2-014.sgm-690.txt,0.0,binary,false,4
reut2-014.sgm-690.txt,0.0,binary,true,21
reut2-014.sgm-690.txt,0.0,count,false,21
reut2-014.sgm-690.txt,0.0,count,true,21
reut2-014.sgm-690.txt,0.0,gfidf,false,21
reut2-014.sgm-690.txt,0.0,gfidf,true,21
reut2-014.sgm-690.txt,0.0,idf,false,4
reut2-014.sgm-690.txt,0.0,idf,true,21
reut2-014.sgm-690.txt,0.0,logEntropy,false,4
reut2-014.sgm-690.txt,0.0,logEntropy,true,21
reut2-014.sgm-690.txt,0.0,normal,false,4
reut2-014.sgm-690.txt,0.0,normal,true,21
reut2-014.sgm-690.txt,0.0,tfidf,false,21
reut2-014.sgm-690.txt,0.0,tfidf,true,21
reut2-014.sgm-697.txt,0.0,binary,false,14
reut2-014.sgm-697.txt,0.0,binary,true,5
reut2-014.sgm-697.txt,0.0,count,false,18
reut2-014.sgm-697.txt,0.0,count,true,18
reut2-014.sgm-697.txt,0.0,gfidf,false,14
reut2-014.sgm-697.txt,0.0,gfidf,true,18
reut2-014.sgm-697.txt,0.0,idf,false,14
reut2-014.sgm-697.txt,0.0,idf,true,5
reut2-014.sgm-697.txt,0.0,logEntropy,false,18
reut2-014.sgm-697.txt,0.0,logEntropy,true,5
reut2-014.sgm-697.txt,0.0,normal,false,15
reut2-014.sgm-697.txt,0.0,normal,true,15
reut2-014.sgm-697.txt,0.0,tfidf,false,14
reut2-014.sgm-697.txt,0.0,tfidf,true,18
reut2-014.sgm-707.txt,0.0,binary,false,14
reut2-014.sgm-707.txt,0.0,binary,true,14
reut2-014.sgm-707.txt,0.0,count,false,14
reut2-014.sgm-707.txt,0.0,count,true,1
reut2-014.sgm-707.txt,0.0,gfidf,false,14
reut2-014.sgm-707.txt,0.0,gfidf,true,14
reut2-014.sgm-707.txt,0.0,idf,false,14
reut2-014.sgm-707.txt,0.0,idf,true,14
reut2-014.sgm-707.txt,0.0,logEntropy,false,14
reut2-014.sgm-707.txt,0.0,logEntropy,true,14
reut2-014.sgm-707.txt,0.0,normal,false,14
reut2-014.sgm-707.txt,0.0,normal,true,14
reut2-014.sgm-707.txt,0.0,tfidf,false,14
reut2-014.sgm-707.txt,0.0,tfidf,true,7
reut2-014.sgm-709.txt,3.1228367286228407,binary,false,0
reut2-014.sgm-709.txt,3.1228367286228407,binary,true,22
reut2-014.sgm-709.txt,3.1228367286228407,count,false,0
reut2-014.sgm-709.txt,3.1228367286228407,count,true,22
reut2-014.sgm-709.txt,3.1228367286228407,gfidf,false,0
reut2-014.sgm-709.txt,3.1228367286228407,gfidf,true,0
reut2-014.sgm-709.txt,3.1228367286228407,idf,false,22
reut2-014.sgm-709.txt,3.1228367286228407,idf,true,22
reut2-014.sgm-709.txt,3.1228367286228407,logEntropy,false,0
reut2-014.sgm-709.txt,3.1228367286228407,logEntropy,true,22
reut2-014.sgm-709.txt,3.1228367286228407,normal,false,0
reut2-014.sgm-709.txt,3.1228367286228407,normal,true,0
reut2-014.sgm-709.txt,3.1228367286228407,tfidf,false,0
reut2-014.sgm-709.txt,3.1228367286228407,tfidf,true,0
reut2-014.sgm-747.txt,0.0,binary,false,10
reut2-014.sgm-747.txt,0.0,binary,true,34
reut2-014.sgm-747.txt,0.0,count,false,34
reut2-014.sgm-747.txt,0.0,count,true,34
reut2-014.sgm-747.txt,0.0,gfidf,false,34
reut2-014.sgm-747.txt,0.0,gfidf,true,34
reut2-014.sgm-747.txt,0.0,idf,false,10
reut2-014.sgm-747.txt,0.0,idf,true,34
reut2-014.sgm-747.txt,0.0,logEntropy,false,34
reut2-014.sgm-747.txt,0.0,logEntropy,true,34
reut2-014.sgm-747.txt,0.0,normal,false,34
reut2-014.sgm-747.txt,0.0,normal,true,34
reut2-014.sgm-747.txt,0.0,tfidf,false,34
reut2-014.sgm-747.txt,0.0,tfidf,true,34
reut2-014.sgm-748.txt,0.0,binary,false,9
reut2-014.sgm-748.txt,0.0,binary,true,9
reut2-014.sgm-748.txt,0.0,count,false,9
reut2-014.sgm-748.txt,0.0,count,true,9
reut2-014.sgm-748.txt,0.0,gfidf,false,9
reut2-014.sgm-748.txt,0.0,gfidf,true,9
reut2-014.sgm-748.txt,0.0,idf,false,9
reut2-014.sgm-748.txt,0.0,idf,true,9
reut2-014.sgm-748.txt,0.0,logEntropy,false,9
reut2-014.sgm-748.txt,0.0,logEntropy,true,9
reut2-014.sgm-748.txt,0.0,normal,false,9
reut2-014.sgm-748.txt,0.0,normal,true,9
reut2-014.sgm-748.txt,0.0,tfidf,false,13
reut2-014.sgm-748.txt,0.0,tfidf,true,13
reut2-014.sgm-756.txt,0.0,binary,false,1
reut2-014.sgm-756.txt,0.0,binary,true,0
reut2-014.sgm-756.txt,0.0,count,false,10
reut2-014.sgm-756.txt,0.0,count,true,6
reut2-014.sgm-756.txt,0.0,gfidf,false,1
reut2-014.sgm-756.txt,0.0,gfidf,true,6
reut2-014.sgm-756.txt,0.0,idf,false,1
reut2-014.sgm-756.txt,0.0,idf,true,9
reut2-014.sgm-756.txt,0.0,logEntropy,false,1
reut2-014.sgm-756.txt,0.0,logEntropy,true,6
reut2-014.sgm-756.txt,0.0,normal,false,6
reut2-014.sgm-756.txt,0.0,normal,true,0
reut2-014.sgm-756.txt,0.0,tfidf,false,1
reut2-014.sgm-756.txt,0.0,tfidf,true,9
reut2-014.sgm-766.txt,0.0,binary,false,0
reut2-014.sgm-766.txt,0.0,binary,true,1
reut2-014.sgm-766.txt,0.0,count,false,0
reut2-014.sgm-766.txt,0.0,count,true,0
reut2-014.sgm-766.txt,0.0,gfidf,false,0
reut2-014.sgm-766.txt,0.0,gfidf,true,0
reut2-014.sgm-766.txt,0.0,idf,false,1
reut2-014.sgm-766.txt,0.0,idf,true,1
reut2-014.sgm-766.txt,0.0,logEntropy,false,0
reut2-014.sgm-766.txt,0.0,logEntropy,true,0
reut2-014.sgm-766.txt,0.0,normal,false,10
reut2-014.sgm-766.txt,0.0,normal,true,0
reut2-014.sgm-766.txt,0.0,tfidf,false,9
reut2-014.sgm-766.txt,0.0,tfidf,true,9
reut2-014.sgm-769.txt,0.0,binary,false,9
reut2-014.sgm-769.txt,0.0,binary,true,9
reut2-014.sgm-769.txt,0.0,count,false,9
reut2-014.sgm-769.txt,0.0,count,true,9
reut2-014.sgm-769.txt,0.0,gfidf,false,9
reut2-014.sgm-769.txt,0.0,gfidf,true,9
reut2-014.sgm-769.txt,0.0,idf,false,5
reut2-014.sgm-769.txt,0.0,idf,true,5
reut2-014.sgm-769.txt,0.0,logEntropy,false,9
reut2-014.sgm-769.txt,0.0,logEntropy,true,9
reut2-014.sgm-769.txt,0.0,normal,false,1
reut2-014.sgm-769.txt,0.0,normal,true,0
reut2-014.sgm-769.txt,0.0,tfidf,false,5
reut2-014.sgm-769.txt,0.0,tfidf,true,5
reut2-014.sgm-779.txt,0.0,binary,false,11
reut2-014.sgm-779.txt,0.0,binary,true,11
reut2-014.sgm-779.txt,0.0,count,false,11
reut2-014.sgm-779.txt,0.0,count,true,11
reut2-014.sgm-779.txt,0.0,gfidf,false,11
reut2-014.sgm-779.txt,0.0,gfidf,true,11
reut2-014.sgm-779.txt,0.0,idf,false,11
reut2-014.sgm-779.txt,0.0,idf,true,11
reut2-014.sgm-779.txt,0.0,logEntropy,false,11
reut2-014.sgm-779.txt,0.0,logEntropy,true,11
reut2-014.sgm-779.txt,0.0,normal,false,4
reut2-014.sgm-779.txt,0.0,normal,true,11
reut2-014.sgm-779.txt,0.0,tfidf,false,3
reut2-014.sgm-779.txt,0.0,tfidf,true,11
reut2-014.sgm-808.txt,0.0,binary,false,6
reut2-014.sgm-808.txt,0.0,binary,true,6
reut2-014.sgm-808.txt,0.0,count,false,6
reut2-014.sgm-808.txt,0.0,count,true,6
reut2-014.sgm-808.txt,0.0,gfidf,false,6
reut2-014.sgm-808.txt,0.0,gfidf,true,6
reut2-014.sgm-808.txt,0.0,idf,false,6
reut2-014.sgm-808.txt,0.0,idf,true,6
reut2-014.sgm-808.txt,0.0,logEntropy,false,6
reut2-014.sgm-808.txt,0.0,logEntropy,true,6
reut2-014.sgm-808.txt,0.0,normal,false,6
reut2-014.sgm-808.txt,0.0,normal,true,11
reut2-014.sgm-808.txt,0.0,tfidf,false,6
reut2-014.sgm-808.txt,0.0,tfidf,true,6
reut2-014.sgm-823.txt,0.0,binary,false,8
reut2-014.sgm-823.txt,0.0,binary,true,11
reut2-014.sgm-823.txt,0.0,count,false,8
reut2-014.sgm-823.txt,0.0,count,true,11
reut2-014.sgm-823.txt,0.0,gfidf,false,8
reut2-014.sgm-823.txt,0.0,gfidf,true,11
reut2-014.sgm-823.txt,0.0,idf,false,8
reut2-014.sgm-823.txt,0.0,idf,true,11
reut2-014.sgm-823.txt,0.0,logEntropy,false,8
reut2-014.sgm-823.txt,0.0,logEntropy,true,11
reut2-014.sgm-823.txt,0.0,normal,false,8
reut2-014.sgm-823.txt,0.0,normal,true,11
reut2-014.sgm-823.txt,0.0,tfidf,false,8
reut2-014.sgm-823.txt,0.0,tfidf,true,11
reut2-014.sgm-825.txt,0.0,binary,false,26
reut2-014.sgm-825.txt,0.0,binary,true,26
reut2-014.sgm-825.txt,0.0,count,false,26
reut2-014.sgm-825.txt,0.0,count,true,48
reut2-014.sgm-825.txt,0.0,gfidf,false,26
reut2-014.sgm-825.txt,0.0,gfidf,true,7
reut2-014.sgm-825.txt,0.0,idf,false,46
reut2-014.sgm-825.txt,0.0,idf,true,46
reut2-014.sgm-825.txt,0.0,logEntropy,false,26
reut2-014.sgm-825.txt,0.0,logEntropy,true,48
reut2-014.sgm-825.txt,0.0,normal,false,26
reut2-014.sgm-825.txt,0.0,normal,true,26
reut2-014.sgm-825.txt,0.0,tfidf,false,46
reut2-014.sgm-825.txt,0.0,tfidf,true,46
reut2-014.sgm-839.txt,0.0,binary,false,13
reut2-014.sgm-839.txt,0.0,binary,true,13
reut2-014.sgm-839.txt,0.0,count,false,13
reut2-014.sgm-839.txt,0.0,count,true,13
reut2-014.sgm-839.txt,0.0,gfidf,false,15
reut2-014.sgm-839.txt,0.0,gfidf,true,15
reut2-014.sgm-839.txt,0.0,idf,false,15
reut2-014.sgm-839.txt,0.0,idf,true,15
reut2-014.sgm-839.txt,0.0,logEntropy,false,13
reut2-014.sgm-839.txt,0.0,logEntropy,true,13
reut2-014.sgm-839.txt,0.0,normal,false,13
reut2-014.sgm-839.txt,0.0,normal,true,13
reut2-014.sgm-839.txt,0.0,tfidf,false,15
reut2-014.sgm-839.txt,0.0,tfidf,true,15
reut2-014.sgm-842.txt,0.0,binary,false,28
reut2-014.sgm-842.txt,0.0,binary,true,28
reut2-014.sgm-842.txt,0.0,count,false,28
reut2-014.sgm-842.txt,0.0,count,true,28
reut2-014.sgm-842.txt,0.0,gfidf,false,28
reut2-014.sgm-842.txt,0.0,gfidf,true,28
reut2-014.sgm-842.txt,0.0,idf,false,15
reut2-014.sgm-842.txt,0.0,idf,true,28
reut2-014.sgm-842.txt,0.0,logEntropy,false,28
reut2-014.sgm-842.txt,0.0,logEntropy,true,28
reut2-014.sgm-842.txt,0.0,normal,false,28
reut2-014.sgm-842.txt,0.0,normal,true,28
reut2-014.sgm-842.txt,0.0,tfidf,false,2
reut2-014.sgm-842.txt,0.0,tfidf,true,15
reut2-014.sgm-852.txt,0.0,binary,false,23
reut2-014.sgm-852.txt,0.0,binary,true,23
reut2-014.sgm-852.txt,0.0,count,false,23
reut2-014.sgm-852.txt,0.0,count,true,23
reut2-014.sgm-852.txt,0.0,gfidf,false,23
reut2-014.sgm-852.txt,0.0,gfidf,true,16
reut2-014.sgm-852.txt,0.0,idf,false,23
reut2-014.sgm-852.txt,0.0,idf,true,16
reut2-014.sgm-852.txt,0.0,logEntropy,false,23
reut2-014.sgm-852.txt,0.0,logEntropy,true,23
reut2-014.sgm-852.txt,0.0,normal,false,23
reut2-014.sgm-852.txt,0.0,normal,true,23
reut2-014.sgm-852.txt,0.0,tfidf,false,16
reut2-014.sgm-852.txt,0.0,tfidf,true,16
reut2-014.sgm-856.txt,0.0,binary,false,0
reut2-014.sgm-856.txt,0.0,binary,true,0
reut2-014.sgm-856.txt,0.0,count,false,15
reut2-014.sgm-856.txt,0.0,count,true,15
reut2-014.sgm-856.txt,0.0,gfidf,false,0
reut2-014.sgm-856.txt,0.0,gfidf,true,0
reut2-014.sgm-856.txt,0.0,idf,false,0
reut2-014.sgm-856.txt,0.0,idf,true,0
reut2-014.sgm-856.txt,0.0,logEntropy,false,0
reut2-014.sgm-856.txt,0.0,logEntropy,true,0
reut2-014.sgm-856.txt,0.0,normal,false,28
reut2-014.sgm-856.txt,0.0,normal,true,28
reut2-014.sgm-856.txt,0.0,tfidf,false,31
reut2-014.sgm-856.txt,0.0,tfidf,true,0
reut2-014.sgm-857.txt,0.0,binary,false,30
reut2-014.sgm-857.txt,0.0,binary,true,30
reut2-014.sgm-857.txt,0.0,count,false,30
reut2-014.sgm-857.txt,0.0,count,true,30
reut2-014.sgm-857.txt,0.0,gfidf,false,30
reut2-014.sgm-857.txt,0.0,gfidf,true,30
reut2-014.sgm-857.txt,0.0,idf,false,30
reut2-014.sgm-857.txt,0.0,idf,true,30
reut2-014.sgm-857.txt,0.0,logEntropy,false,30
reut2-014.sgm-857.txt,0.0,logEntropy,true,30
reut2-014.sgm-857.txt,0.0,normal,false,32
reut2-014.sgm-857.txt,0.0,normal,true,30
reut2-014.sgm-857.txt,0.0,tfidf,false,30
reut2-014.sgm-857.txt,0.0,tfidf,true,30
reut2-014.sgm-861.txt,0.0,binary,false,1
reut2-014.sgm-861.txt,0.0,binary,true,1
reut2-014.sgm-861.txt,0.0,count,false,1
reut2-014.sgm-861.txt,0.0,count,true,1
reut2-014.sgm-861.txt,0.0,gfidf,false,1
reut2-014.sgm-861.txt,0.0,gfidf,true,1
reut2-014.sgm-861.txt,0.0,idf,false,1
reut2-014.sgm-861.txt,0.0,idf,true,1
reut2-014.sgm-861.txt,0.0,logEntropy,false,1
reut2-014.sgm-861.txt,0.0,logEntropy,true,1
reut2-014.sgm-861.txt,0.0,normal,false,7
reut2-014.sgm-861.txt,0.0,normal,true,7
reut2-014.sgm-861.txt,0.0,tfidf,false,1
reut2-014.sgm-861.txt,0.0,tfidf,true,1
reut2-014.sgm-863.txt,0.0,binary,false,0
reut2-014.sgm-863.txt,0.0,binary,true,0
reut2-014.sgm-863.txt,0.0,count,false,0
reut2-014.sgm-863.txt,0.0,count,true,0
reut2-014.sgm-863.txt,0.0,gfidf,false,0
reut2-014.sgm-863.txt,0.0,gfidf,true,0
reut2-014.sgm-863.txt,0.0,idf,false,4
reut2-014.sgm-863.txt,0.0,idf,true,8
reut2-014.sgm-863.txt,0.0,logEntropy,false,0
reut2-014.sgm-863.txt,0.0,logEntropy,true,0
reut2-014.sgm-863.txt,0.0,normal,false,0
reut2-014.sgm-863.txt,0.0,normal,true,0
reut2-014.sgm-863.txt,0.0,tfidf,false,4
reut2-014.sgm-863.txt,0.0,tfidf,true,15
reut2-014.sgm-868.txt,0.0,binary,false,19
reut2-014.sgm-868.txt,0.0,binary,true,20
reut2-014.sgm-868.txt,0.0,count,false,20
reut2-014.sgm-868.txt,0.0,count,true,20
reut2-014.sgm-868.txt,0.0,gfidf,false,20
reut2-014.sgm-868.txt,0.0,gfidf,true,20
reut2-014.sgm-868.txt,0.0,idf,false,20
reut2-014.sgm-868.txt,0.0,idf,true,20
reut2-014.sgm-868.txt,0.0,logEntropy,false,20
reut2-014.sgm-868.txt,0.0,logEntropy,true,20
reut2-014.sgm-868.txt,0.0,normal,false,19
reut2-014.sgm-868.txt,0.0,normal,true,0
reut2-014.sgm-868.txt,0.0,tfidf,false,20
reut2-014.sgm-868.txt,0.0,tfidf,true,20
reut2-014.sgm-873.txt,0.0,binary,false,19
reut2-014.sgm-873.txt,0.0,binary,true,7
reut2-014.sgm-873.txt,0.0,count,false,19
reut2-014.sgm-873.txt,0.0,count,true,19
reut2-014.sgm-873.txt,0.0,gfidf,false,19
reut2-014.sgm-873.txt,0.0,gfidf,true,19
reut2-014.sgm-873.txt,0.0,idf,false,9
reut2-014.sgm-873.txt,0.0,idf,true,7
reut2-014.sgm-873.txt,0.0,logEntropy,false,19
reut2-014.sgm-873.txt,0.0,logEntropy,true,19
reut2-014.sgm-873.txt,0.0,normal,false,15
reut2-014.sgm-873.txt,0.0,normal,true,15
reut2-014.sgm-873.txt,0.0,tfidf,false,19
reut2-014.sgm-873.txt,0.0,tfidf,true,7
reut2-014.sgm-877.txt,2.7789909887462754,binary,false,1
reut2-014.sgm-877.txt,2.7789909887462754,binary,true,0
reut2-014.sgm-877.txt,2.7789909887462754,count,false,0
reut2-014.sgm-877.txt,2.7789909887462754,count,true,0
reut2-014.sgm-877.txt,2.7789909887462754,gfidf,false,10
reut2-014.sgm-877.txt,2.7789909887462754,gfidf,true,10
reut2-014.sgm-877.txt,2.7789909887462754,idf,false,1
reut2-014.sgm-877.txt,2.7789909887462754,idf,true,10
reut2-014.sgm-877.txt,2.7789909887462754,logEntropy,false,0
reut2-014.sgm-877.txt,2.7789909887462754,logEntropy,true,0
reut2-014.sgm-877.txt,2.7789909887462754,normal,false,0
reut2-014.sgm-877.txt,2.7789909887462754,normal,true,0
reut2-014.sgm-877.txt,2.7789909887462754,tfidf,false,1
reut2-014.sgm-877.txt,2.7789909887462754,tfidf,true,10
reut2-014.sgm-879.txt,0.0,binary,false,6
reut2-014.sgm-879.txt,0.0,binary,true,6
reut2-014.sgm-879.txt,0.0,count,false,9
reut2-014.sgm-879.txt,0.0,count,true,9
reut2-014.sgm-879.txt,0.0,gfidf,false,6
reut2-014.sgm-879.txt,0.0,gfidf,true,6
reut2-014.sgm-879.txt,0.0,idf,false,6
reut2-014.sgm-879.txt,0.0,idf,true,6
reut2-014.sgm-879.txt,0.0,logEntropy,false,9
reut2-014.sgm-879.txt,0.0,logEntropy,true,9
reut2-014.sgm-879.txt,0.0,normal,false,11
reut2-014.sgm-879.txt,0.0,normal,true,1
reut2-014.sgm-879.txt,0.0,tfidf,false,9
reut2-014.sgm-879.txt,0.0,tfidf,true,9
reut2-014.sgm-889.txt,0.0,binary,false,22
reut2-014.sgm-889.txt,0.0,binary,true,22
reut2-014.sgm-889.txt,0.0,count,false,22
reut2-014.sgm-889.txt,0.0,count,true,22
reut2-014.sgm-889.txt,0.0,gfidf,false,22
reut2-014.sgm-889.txt,0.0,gfidf,true,22
reut2-014.sgm-889.txt,0.0,idf,false,22
reut2-014.sgm-889.txt,0.0,idf,true,22
reut2-014.sgm-889.txt,0.0,logEntropy,false,22
reut2-014.sgm-889.txt,0.0,logEntropy,true,22
reut2-014.sgm-889.txt,0.0,normal,false,22
reut2-014.sgm-889.txt,0.0,normal,true,22
reut2-014.sgm-889.txt,0.0,tfidf,false,34
reut2-014.sgm-889.txt,0.0,tfidf,true,34
reut2-014.sgm-890.txt,0.0,binary,false,5
reut2-014.sgm-890.txt,0.0,binary,true,5
reut2-014.sgm-890.txt,0.0,count,false,28
reut2-014.sgm-890.txt,0.0,count,true,28
reut2-014.sgm-890.txt,0.0,gfidf,false,28
reut2-014.sgm-890.txt,0.0,gfidf,true,28
reut2-014.sgm-890.txt,0.0,idf,false,5
reut2-014.sgm-890.txt,0.0,idf,true,5
reut2-014.sgm-890.txt,0.0,logEntropy,false,5
reut2-014.sgm-890.txt,0.0,logEntropy,true,28
reut2-014.sgm-890.txt,0.0,normal,false,23
reut2-014.sgm-890.txt,0.0,normal,true,23
reut2-014.sgm-890.txt,0.0,tfidf,false,15
reut2-014.sgm-890.txt,0.0,tfidf,true,5
reut2-014.sgm-920.txt,0.0,binary,false,2
reut2-014.sgm-920.txt,0.0,binary,true,16
reut2-014.sgm-920.txt,0.0,count,false,2
reut2-014.sgm-920.txt,0.0,count,true,2
reut2-014.sgm-920.txt,0.0,gfidf,false,2
reut2-014.sgm-920.txt,0.0,gfidf,true,16
reut2-014.sgm-920.txt,0.0,idf,false,2
reut2-014.sgm-920.txt,0.0,idf,true,16
reut2-014.sgm-920.txt,0.0,logEntropy,false,2
reut2-014.sgm-920.txt,0.0,logEntropy,true,2
reut2-014.sgm-920.txt,0.0,normal,false,2
reut2-014.sgm-920.txt,0.0,normal,true,6
reut2-014.sgm-920.txt,0.0,tfidf,false,17
reut2-014.sgm-920.txt,0.0,tfidf,true,16
reut2-014.sgm-930.txt,0.0,binary,false,9
reut2-014.sgm-930.txt,0.0,binary,true,9
reut2-014.sgm-930.txt,0.0,count,false,9
reut2-014.sgm-930.txt,0.0,count,true,9
reut2-014.sgm-930.txt,0.0,gfidf,false,9
reut2-014.sgm-930.txt,0.0,gfidf,true,9
reut2-014.sgm-930.txt,0.0,idf,false,5
reut2-014.sgm-930.txt,0.0,idf,true,5
reut2-014.sgm-930.txt,0.0,logEntropy,false,9
reut2-014.sgm-930.txt,0.0,logEntropy,true,9
reut2-014.sgm-930.txt,0.0,normal,false,1
reut2-014.sgm-930.txt,0.0,normal,true,0
reut2-014.sgm-930.txt,0.0,tfidf,false,5
reut2-014.sgm-930.txt,0.0,tfidf,true,5
reut2-014.sgm-937.txt,0.0,binary,false,7
reut2-014.sgm-937.txt,0.0,binary,true,2
reut2-014.sgm-937.txt,0.0,count,false,1
reut2-014.sgm-937.txt,0.0,count,true,1
reut2-014.sgm-937.txt,0.0,gfidf,false,7
reut2-014.sgm-937.txt,0.0,gfidf,true,0
reut2-014.sgm-937.txt,0.0,idf,false,7
reut2-014.sgm-937.txt,0.0,idf,true,7
reut2-014.sgm-937.txt,0.0,logEntropy,false,2
reut2-014.sgm-937.txt,0.0,logEntropy,true,2
reut2-014.sgm-937.txt,0.0,normal,false,0
reut2-014.sgm-937.txt,0.0,normal,true,0
reut2-014.sgm-937.txt,0.0,tfidf,false,7
reut2-014.sgm-937.txt,0.0,tfidf,true,7
reut2-014.sgm-941.txt,2.320258772320326,binary,false,16
reut2-014.sgm-941.txt,2.320258772320326,binary,true,8
reut2-014.sgm-941.txt,2.320258772320326,count,false,16
reut2-014.sgm-941.txt,2.320258772320326,count,true,0
reut2-014.sgm-941.txt,2.320258772320326,gfidf,false,16
reut2-014.sgm-941.txt,2.320258772320326,gfidf,true,0
reut2-014.sgm-941.txt,2.320258772320326,idf,false,8
reut2-014.sgm-941.txt,2.320258772320326,idf,true,8
reut2-014.sgm-941.txt,2.320258772320326,logEntropy,false,16
reut2-014.sgm-941.txt,2.320258772320326,logEntropy,true,0
reut2-014.sgm-941.txt,2.320258772320326,normal,false,16
reut2-014.sgm-941.txt,2.320258772320326,normal,true,16
reut2-014.sgm-941.txt,2.320258772320326,tfidf,false,0
reut2-014.sgm-941.txt,2.320258772320326,tfidf,true,0
reut2-014.sgm-943.txt,0.0,binary,false,12
reut2-014.sgm-943.txt,0.0,binary,true,12
reut2-014.sgm-943.txt,0.0,count,false,12
reut2-014.sgm-943.txt,0.0,count,true,2
reut2-014.sgm-943.txt,0.0,gfidf,false,12
reut2-014.sgm-943.txt,0.0,gfidf,true,12
reut2-014.sgm-943.txt,0.0,idf,false,12
reut2-014.sgm-943.txt,0.0,idf,true,12
reut2-014.sgm-943.txt,0.0,logEntropy,false,12
reut2-014.sgm-943.txt,0.0,logEntropy,true,12
reut2-014.sgm-943.txt,0.0,normal,false,2
reut2-014.sgm-943.txt,0.0,normal,true,2
reut2-014.sgm-943.txt,0.0,tfidf,false,12
reut2-014.sgm-943.txt,0.0,tfidf,true,12
reut2-014.sgm-955.txt,0.0,binary,false,13
reut2-014.sgm-955.txt,0.0,binary,true,8
reut2-014.sgm-955.txt,0.0,count,false,4
reut2-014.sgm-955.txt,0.0,count,true,4
reut2-014.sgm-955.txt,0.0,gfidf,false,4
reut2-014.sgm-955.txt,0.0,gfidf,true,8
reut2-014.sgm-955.txt,0.0,idf,false,13
reut2-014.sgm-955.txt,0.0,idf,true,8
reut2-014.sgm-955.txt,0.0,logEntropy,false,4
reut2-014.sgm-955.txt,0.0,logEntropy,true,4
reut2-014.sgm-955.txt,0.0,normal,false,4
reut2-014.sgm-955.txt,0.0,normal,true,4
reut2-014.sgm-955.txt,0.0,tfidf,false,13
reut2-014.sgm-955.txt,0.0,tfidf,true,8
reut2-014.sgm-981.txt,2.0,binary,false,3
reut2-014.sgm-981.txt,2.0,binary,true,0
reut2-014.sgm-981.txt,2.0,count,false,3
reut2-014.sgm-981.txt,2.0,count,true,3
reut2-014.sgm-981.txt,2.0,gfidf,false,3
reut2-014.sgm-981.txt,2.0,gfidf,true,3
reut2-014.sgm-981.txt,2.0,idf,false,3
reut2-014.sgm-981.txt,2.0,idf,true,3
reut2-014.sgm-981.txt,2.0,logEntropy,false,3
reut2-014.sgm-981.txt,2.0,logEntropy,true,3
reut2-014.sgm-981.txt,2.0,normal,false,8
reut2-014.sgm-981.txt,2.0,normal,true,0
reut2-014.sgm-981.txt,2.0,tfidf,false,3
reut2-014.sgm-981.txt,2.0,tfidf,true,3
reut2-014.sgm-986.txt,0.0,binary,false,4
reut2-014.sgm-986.txt,0.0,binary,true,4
reut2-014.sgm-986.txt,0.0,count,false,4
reut2-014.sgm-986.txt,0.0,count,true,4
reut2-014.sgm-986.txt,0.0,gfidf,false,4
reut2-014.sgm-986.txt,0.0,gfidf,true,4
reut2-014.sgm-986.txt,0.0,idf,false,4
reut2-014.sgm-986.txt,0.0,idf,true,4
reut2-014.sgm-986.txt,0.0,logEntropy,false,4
reut2-014.sgm-986.txt,0.0,logEntropy,true,4
reut2-014.sgm-986.txt,0.0,normal,false,0
reut2-014.sgm-986.txt,0.0,normal,true,0
reut2-014.sgm-986.txt,0.0,tfidf,false,4
reut2-014.sgm-986.txt,0.0,tfidf,true,4
reut2-015.sgm-102.txt,0.0,binary,false,4
reut2-015.sgm-102.txt,0.0,binary,true,4
reut2-015.sgm-102.txt,0.0,count,false,4
reut2-015.sgm-102.txt,0.0,count,true,4
reut2-015.sgm-102.txt,0.0,gfidf,false,4
reut2-015.sgm-102.txt,0.0,gfidf,true,4
reut2-015.sgm-102.txt,0.0,idf,false,4
reut2-015.sgm-102.txt,0.0,idf,true,4
reut2-015.sgm-102.txt,0.0,logEntropy,false,4
reut2-015.sgm-102.txt,0.0,logEntropy,true,4
reut2-015.sgm-102.txt,0.0,normal,false,4
reut2-015.sgm-102.txt,0.0,normal,true,3
reut2-015.sgm-102.txt,0.0,tfidf,false,4
reut2-015.sgm-102.txt,0.0,tfidf,true,12
reut2-015.sgm-13.txt,4.0,binary,false,0
reut2-015.sgm-13.txt,4.0,binary,true,0
reut2-015.sgm-13.txt,4.0,count,false,0
reut2-015.sgm-13.txt,4.0,count,true,0
reut2-015.sgm-13.txt,4.0,gfidf,false,0
reut2-015.sgm-13.txt,4.0,gfidf,true,0
reut2-015.sgm-13.txt,4.0,idf,false,0
reut2-015.sgm-13.txt,4.0,idf,true,0
reut2-015.sgm-13.txt,4.0,logEntropy,false,0
reut2-015.sgm-13.txt,4.0,logEntropy,true,0
reut2-015.sgm-13.txt,4.0,normal,false,0
reut2-015.sgm-13.txt,4.0,normal,true,0
reut2-015.sgm-13.txt,4.0,tfidf,false,0
reut2-015.sgm-13.txt,4.0,tfidf,true,0
reut2-015.sgm-138.txt,0.0,binary,false,2
reut2-015.sgm-138.txt,0.0,binary,true,2
reut2-015.sgm-138.txt,0.0,count,false,2
reut2-015.sgm-138.txt,0.0,count,true,2
reut2-015.sgm-138.txt,0.0,gfidf,false,2
reut2-015.sgm-138.txt,0.0,gfidf,true,2
reut2-015.sgm-138.txt,0.0,idf,false,9
reut2-015.sgm-138.txt,0.0,idf,true,8
reut2-015.sgm-138.txt,0.0,logEntropy,false,2
reut2-015.sgm-138.txt,0.0,logEntropy,true,2
reut2-015.sgm-138.txt,0.0,normal,false,2
reut2-015.sgm-138.txt,0.0,normal,true,2
reut2-015.sgm-138.txt,0.0,tfidf,false,8
reut2-015.sgm-138.txt,0.0,tfidf,true,8
reut2-015.sgm-148.txt,0.0,binary,false,1
reut2-015.sgm-148.txt,0.0,binary,true,1
reut2-015.sgm-148.txt,0.0,count,false,1
reut2-015.sgm-148.txt,0.0,count,true,1
reut2-015.sgm-148.txt,0.0,gfidf,false,1
reut2-015.sgm-148.txt,0.0,gfidf,true,1
reut2-015.sgm-148.txt,0.0,idf,false,1
reut2-015.sgm-148.txt,0.0,idf,true,1
reut2-015.sgm-148.txt,0.0,logEntropy,false,1
reut2-015.sgm-148.txt,0.0,logEntropy,true,1
reut2-015.sgm-148.txt,0.0,normal,false,2
reut2-015.sgm-148.txt,0.0,normal,true,2
reut2-015.sgm-148.txt,0.0,tfidf,false,27
reut2-015.sgm-148.txt,0.0,tfidf,true,34
reut2-015.sgm-153.txt,0.0,binary,false,20
reut2-015.sgm-153.txt,0.0,binary,true,20
reut2-015.sgm-153.txt,0.0,count,false,4
reut2-015.sgm-153.txt,0.0,count,true,4
reut2-015.sgm-153.txt,0.0,gfidf,false,20
reut2-015.sgm-153.txt,0.0,gfidf,true,20
reut2-015.sgm-153.txt,0.0,idf,false,20
reut2-015.sgm-153.txt,0.0,idf,true,20
reut2-015.sgm-153.txt,0.0,logEntropy,false,4
reut2-015.sgm-153.txt,0.0,logEntropy,true,20
reut2-015.sgm-153.txt,0.0,normal,false,0
reut2-015.sgm-153.txt,0.0,normal,true,0
reut2-015.sgm-153.txt,0.0,tfidf,false,20
reut2-015.sgm-153.txt,0.0,tfidf,true,20
reut2-015.sgm-159.txt,0.0,binary,false,8
reut2-015.sgm-159.txt,0.0,binary,true,4
reut2-015.sgm-159.txt,0.0,count,false,8
reut2-015.sgm-159.txt,0.0,count,true,1
reut2-015.sgm-159.txt,0.0,gfidf,false,8
reut2-015.sgm-159.txt,0.0,gfidf,true,4
reut2-015.sgm-159.txt,0.0,idf,false,8
reut2-015.sgm-159.txt,0.0,idf,true,8
reut2-015.sgm-159.txt,0.0,logEntropy,false,8
reut2-015.sgm-159.txt,0.0,logEntropy,true,4
reut2-015.sgm-159.txt,0.0,normal,false,0
reut2-015.sgm-159.txt,0.0,normal,true,1
reut2-015.sgm-159.txt,0.0,tfidf,false,8
reut2-015.sgm-159.txt,0.0,tfidf,true,8
reut2-015.sgm-193.txt,2.82842712474619,binary,false,0
reut2-015.sgm-193.txt,2.82842712474619,binary,true,0
reut2-015.sgm-193.txt,2.82842712474619,count,false,10
reut2-015.sgm-193.txt,2.82842712474619,count,true,10
reut2-015.sgm-193.txt,2.82842712474619,gfidf,false,0
reut2-015.sgm-193.txt,2.82842712474619,gfidf,true,0
reut2-015.sgm-193.txt,2.82842712474619,idf,false,0
reut2-015.sgm-193.txt,2.82842712474619,idf,true,0
reut2-015.sgm-193.txt,2.82842712474619,logEntropy,false,0
reut2-015.sgm-193.txt,2.82842712474619,logEntropy,true,10
reut2-015.sgm-193.txt,2.82842712474619,normal,false,10
reut2-015.sgm-193.txt,2.82842712474619,normal,true,10
reut2-015.sgm-193.txt,2.82842712474619,tfidf,false,0
reut2-015.sgm-193.txt,2.82842712474619,tfidf,true,0
reut2-015.sgm-212.txt,0.0,binary,false,10
reut2-015.sgm-212.txt,0.0,binary,true,4
reut2-015.sgm-212.txt,0.0,count,false,17
reut2-015.sgm-212.txt,0.0,count,true,17
reut2-015.sgm-212.txt,0.0,gfidf,false,4
reut2-015.sgm-212.txt,0.0,gfidf,true,4
reut2-015.sgm-212.txt,0.0,idf,false,10
reut2-015.sgm-212.txt,0.0,idf,true,17
reut2-015.sgm-212.txt,0.0,logEntropy,false,17
reut2-015.sgm-212.txt,0.0,logEntropy,true,17
reut2-015.sgm-212.txt,0.0,normal,false,4
reut2-015.sgm-212.txt,0.0,normal,true,4
reut2-015.sgm-212.txt,0.0,tfidf,false,17
reut2-015.sgm-212.txt,0.0,tfidf,true,17
reut2-015.sgm-238.txt,0.0,binary,false,18
reut2-015.sgm-238.txt,0.0,binary,true,18
reut2-015.sgm-238.txt,0.0,count,false,18
reut2-015.sgm-238.txt,0.0,count,true,18
reut2-015.sgm-238.txt,0.0,gfidf,false,18
reut2-015.sgm-238.txt,0.0,gfidf,true,18
reut2-015.sgm-238.txt,0.0,idf,false,18
reut2-015.sgm-238.txt,0.0,idf,true,18
reut2-015.sgm-238.txt,0.0,logEntropy,false,18
reut2-015.sgm-238.txt,0.0,logEntropy,true,18
reut2-015.sgm-238.txt,0.0,normal,false,18
reut2-015.sgm-238.txt,0.0,normal,true,18
reut2-015.sgm-238.txt,0.0,tfidf,false,18
reut2-015.sgm-238.txt,0.0,tfidf,true,18
reut2-015.sgm-245.txt,0.0,binary,false,9
reut2-015.sgm-245.txt,0.0,binary,true,9
reut2-015.sgm-245.txt,0.0,count,false,9
reut2-015.sgm-245.txt,0.0,count,true,9
reut2-015.sgm-245.txt,0.0,gfidf,false,9
reut2-015.sgm-245.txt,0.0,gfidf,true,9
reut2-015.sgm-245.txt,0.0,idf,false,9
reut2-015.sgm-245.txt,0.0,idf,true,9
reut2-015.sgm-245.txt,0.0,logEntropy,false,9
reut2-015.sgm-245.txt,0.0,logEntropy,true,9
reut2-015.sgm-245.txt,0.0,normal,false,9
reut2-015.sgm-245.txt,0.0,normal,true,8
reut2-015.sgm-245.txt,0.0,tfidf,false,9
reut2-015.sgm-245.txt,0.0,tfidf,true,9
reut2-015.sgm-253.txt,0.0,binary,false,20
reut2-015.sgm-253.txt,0.0,binary,true,2
reut2-015.sgm-253.txt,0.0,count,false,20
reut2-015.sgm-253.txt,0.0,count,true,2
reut2-015.sgm-253.txt,0.0,gfidf,false,20
reut2-015.sgm-253.txt,0.0,gfidf,true,2
reut2-015.sgm-253.txt,0.0,idf,false,20
reut2-015.sgm-253.txt,0.0,idf,true,20
reut2-015.sgm-253.txt,0.0,logEntropy,false,20
reut2-015.sgm-253.txt,0.0,logEntropy,true,2
reut2-015.sgm-253.txt,0.0,normal,false,20
reut2-015.sgm-253.txt,0.0,normal,true,2
reut2-015.sgm-253.txt,0.0,tfidf,false,20
reut2-015.sgm-253.txt,0.0,tfidf,true,20
reut2-015.sgm-262.txt,0.0,binary,false,11
reut2-015.sgm-262.txt,0.0,binary,true,11
reut2-015.sgm-262.txt,0.0,count,false,5
reut2-015.sgm-262.txt,0.0,count,true,5
reut2-015.sgm-262.txt,0.0,gfidf,false,11
reut2-015.sgm-262.txt,0.0,gfidf,true,11
reut2-015.sgm-262.txt,0.0,idf,false,11
reut2-015.sgm-262.txt,0.0,idf,true,11
reut2-015.sgm-262.txt,0.0,logEntropy,false,5
reut2-015.sgm-262.txt,0.0,logEntropy,true,5
reut2-015.sgm-262.txt,0.0,normal,false,5
reut2-015.sgm-262.txt,0.0,normal,true,5
reut2-015.sgm-262.txt,0.0,tfidf,false,9
reut2-015.sgm-262.txt,0.0,tfidf,true,11
reut2-015.sgm-263.txt,0.0,binary,false,0
reut2-015.sgm-263.txt,0.0,binary,true,0
reut2-015.sgm-263.txt,0.0,count,false,8
reut2-015.sgm-263.txt,0.0,count,true,10
reut2-015.sgm-263.txt,0.0,gfidf,false,0
reut2-015.sgm-263.txt,0.0,gfidf,true,10
reut2-015.sgm-263.txt,0.0,idf,false,0
reut2-015.sgm-263.txt,0.0,idf,true,0
reut2-015.sgm-263.txt,0.0,logEntropy,false,0
reut2-015.sgm-263.txt,0.0,logEntropy,true,10
reut2-015.sgm-263.txt,0.0,normal,false,0
reut2-015.sgm-263.txt,0.0,normal,true,10
reut2-015.sgm-263.txt,0.0,tfidf,false,10
reut2-015.sgm-263.txt,0.0,tfidf,true,10
reut2-015.sgm-348.txt,2.6918003852647123,binary,false,9
reut2-015.sgm-348.txt,2.6918003852647123,binary,true,0
reut2-015.sgm-348.txt,2.6918003852647123,count,false,9
reut2-015.sgm-348.txt,2.6918003852647123,count,true,0
reut2-015.sgm-348.txt,2.6918003852647123,gfidf,false,9
reut2-015.sgm-348.txt,2.6918003852647123,gfidf,true,0
reut2-015.sgm-348.txt,2.6918003852647123,idf,false,9
reut2-015.sgm-348.txt,2.6918003852647123,idf,true,0
reut2-015.sgm-348.txt,2.6918003852647123,logEntropy,false,9
reut2-015.sgm-348.txt,2.6918003852647123,logEntropy,true,0
reut2-015.sgm-348.txt,2.6918003852647123,normal,false,2
reut2-015.sgm-348.txt,2.6918003852647123,normal,true,0
reut2-015.sgm-348.txt,2.6918003852647123,tfidf,false,9
reut2-015.sgm-348.txt,2.6918003852647123,tfidf,true,9
reut2-015.sgm-351.txt,0.0,binary,false,17
reut2-015.sgm-351.txt,0.0,binary,true,17
reut2-015.sgm-351.txt,0.0,count,false,35
reut2-015.sgm-351.txt,0.0,count,true,35
reut2-015.sgm-351.txt,0.0,gfidf,false,35
reut2-015.sgm-351.txt,0.0,gfidf,true,17
reut2-015.sgm-351.txt,0.0,idf,false,17
reut2-015.sgm-351.txt,0.0,idf,true,17
reut2-015.sgm-351.txt,0.0,logEntropy,false,35
reut2-015.sgm-351.txt,0.0,logEntropy,true,35
reut2-015.sgm-351.txt,0.0,normal,false,27
reut2-015.sgm-351.txt,0.0,normal,true,4
reut2-015.sgm-351.txt,0.0,tfidf,false,17
reut2-015.sgm-351.txt,0.0,tfidf,true,17
reut2-015.sgm-361.txt,0.0,binary,false,0
reut2-015.sgm-361.txt,0.0,binary,true,0
reut2-015.sgm-361.txt,0.0,count,false,0
reut2-015.sgm-361.txt,0.0,count,true,0
reut2-015.sgm-361.txt,0.0,gfidf,false,0
reut2-015.sgm-361.txt,0.0,gfidf,true,0
reut2-015.sgm-361.txt,0.0,idf,false,0
reut2-015.sgm-361.txt,0.0,idf,true,0
reut2-015.sgm-361.txt,0.0,logEntropy,false,0
reut2-015.sgm-361.txt,0.0,logEntropy,true,0
reut2-015.sgm-361.txt,0.0,normal,false,7
reut2-015.sgm-361.txt,0.0,normal,true,7
reut2-015.sgm-361.txt,0.0,tfidf,false,9
reut2-015.sgm-361.txt,0.0,tfidf,true,9
reut2-015.sgm-363.txt,0.0,binary,false,8
reut2-015.sgm-363.txt,0.0,binary,true,28
reut2-015.sgm-363.txt,0.0,count,false,27
reut2-015.sgm-363.txt,0.0,count,true,28
reut2-015.sgm-363.txt,0.0,gfidf,false,28
reut2-015.sgm-363.txt,0.0,gfidf,true,28
reut2-015.sgm-363.txt,0.0,idf,false,8
reut2-015.sgm-363.txt,0.0,idf,true,28
reut2-015.sgm-363.txt,0.0,logEntropy,false,27
reut2-015.sgm-363.txt,0.0,logEntropy,true,28
reut2-015.sgm-363.txt,0.0,normal,false,27
reut2-015.sgm-363.txt,0.0,normal,true,28
reut2-015.sgm-363.txt,0.0,tfidf,false,8
reut2-015.sgm-363.txt,0.0,tfidf,true,28
reut2-015.sgm-368.txt,0.0,binary,false,7
reut2-015.sgm-368.txt,0.0,binary,true,7
reut2-015.sgm-368.txt,0.0,count,false,7
reut2-015.sgm-368.txt,0.0,count,true,7
reut2-015.sgm-368.txt,0.0,gfidf,false,7
reut2-015.sgm-368.txt,0.0,gfidf,true,7
reut2-015.sgm-368.txt,0.0,idf,false,7
reut2-015.sgm-368.txt,0.0,idf,true,21
reut2-015.sgm-368.txt,0.0,logEntropy,false,7
reut2-015.sgm-368.txt,0.0,logEntropy,true,7
reut2-015.sgm-368.txt,0.0,normal,false,7
reut2-015.sgm-368.txt,0.0,normal,true,7
reut2-015.sgm-368.txt,0.0,tfidf,false,7
reut2-015.sgm-368.txt,0.0,tfidf,true,21
reut2-015.sgm-371.txt,0.0,binary,false,24
reut2-015.sgm-371.txt,0.0,binary,true,24
reut2-015.sgm-371.txt,0.0,count,false,24
reut2-015.sgm-371.txt,0.0,count,true,24
reut2-015.sgm-371.txt,0.0,gfidf,false,24
reut2-015.sgm-371.txt,0.0,gfidf,true,24
reut2-015.sgm-371.txt,0.0,idf,false,24
reut2-015.sgm-371.txt,0.0,idf,true,24
reut2-015.sgm-371.txt,0.0,logEntropy,false,24
reut2-015.sgm-371.txt,0.0,logEntropy,true,24
reut2-015.sgm-371.txt,0.0,normal,false,12
reut2-015.sgm-371.txt,0.0,normal,true,0
reut2-015.sgm-371.txt,0.0,tfidf,false,24
reut2-015.sgm-371.txt,0.0,tfidf,true,24
reut2-015.sgm-372.txt,4.0,binary,false,0
reut2-015.sgm-372.txt,4.0,binary,true,0
reut2-015.sgm-372.txt,4.0,count,false,0
reut2-015.sgm-372.txt,4.0,count,true,0
reut2-015.sgm-372.txt,4.0,gfidf,false,0
reut2-015.sgm-372.txt,4.0,gfidf,true,0
reut2-015.sgm-372.txt,4.0,idf,false,0
reut2-015.sgm-372.txt,4.0,idf,true,0
reut2-015.sgm-372.txt,4.0,logEntropy,false,0
reut2-015.sgm-372.txt,4.0,logEntropy,true,0
reut2-015.sgm-372.txt,4.0,normal,false,0
reut2-015.sgm-372.txt,4.0,normal,true,0
reut2-015.sgm-372.txt,4.0,tfidf,false,0
reut2-015.sgm-372.txt,4.0,tfidf,true,0
reut2-015.sgm-374.txt,0.0,binary,false,8
reut2-015.sgm-374.txt,0.0,binary,true,8
reut2-015.sgm-374.txt,0.0,count,false,8
reut2-015.sgm-374.txt,0.0,count,true,8
reut2-015.sgm-374.txt,0.0,gfidf,false,8
reut2-015.sgm-374.txt,0.0,gfidf,true,8
reut2-015.sgm-374.txt,0.0,idf,false,8
reut2-015.sgm-374.txt,0.0,idf,true,8
reut2-015.sgm-374.txt,0.0,logEntropy,false,8
reut2-015.sgm-374.txt,0.0,logEntropy,true,8
reut2-015.sgm-374.txt,0.0,normal,false,8
reut2-015.sgm-374.txt,0.0,normal,true,8
reut2-015.sgm-374.txt,0.0,tfidf,false,8
reut2-015.sgm-374.txt,0.0,tfidf,true,8
reut2-015.sgm-381.txt,0.0,binary,false,16
reut2-015.sgm-381.txt,0.0,binary,true,31
reut2-015.sgm-381.txt,0.0,count,false,38
reut2-015.sgm-381.txt,0.0,count,true,16
reut2-015.sgm-381.txt,0.0,gfidf,false,16
reut2-015.sgm-381.txt,0.0,gfidf,true,16
reut2-015.sgm-381.txt,0.0,idf,false,16
reut2-015.sgm-381.txt,0.0,idf,true,16
reut2-015.sgm-381.txt,0.0,logEntropy,false,16
reut2-015.sgm-381.txt,0.0,logEntropy,true,16
reut2-015.sgm-381.txt,0.0,normal,false,31
reut2-015.sgm-381.txt,0.0,normal,true,31
reut2-015.sgm-381.txt,0.0,tfidf,false,32
reut2-015.sgm-381.txt,0.0,tfidf,true,16
reut2-015.sgm-39.txt,0.0,binary,false,0
reut2-015.sgm-39.txt,0.0,binary,true,0
reut2-015.sgm-39.txt,0.0,count,false,9
reut2-015.sgm-39.txt,0.0,count,true,12
reut2-015.sgm-39.txt,0.0,gfidf,false,0
reut2-015.sgm-39.txt,0.0,gfidf,true,0
reut2-015.sgm-39.txt,0.0,idf,false,0
reut2-015.sgm-39.txt,0.0,idf,true,0
reut2-015.sgm-39.txt,0.0,logEntropy,false,9
reut2-015.sgm-39.txt,0.0,logEntropy,true,9
reut2-015.sgm-39.txt,0.0,normal,false,9
reut2-015.sgm-39.txt,0.0,normal,true,9
reut2-015.sgm-39.txt,0.0,tfidf,false,0
reut2-015.sgm-39.txt,0.0,tfidf,true,6
reut2-015.sgm-40.txt,0.0,binary,false,12
reut2-015.sgm-40.txt,0.0,binary,true,12
reut2-015.sgm-40.txt,0.0,count,false,12
reut2-015.sgm-40.txt,0.0,count,true,12
reut2-015.sgm-40.txt,0.0,gfidf,false,12
reut2-015.sgm-40.txt,0.0,gfidf,true,12
reut2-015.sgm-40.txt,0.0,idf,false,12
reut2-015.sgm-40.txt,0.0,idf,true,12
reut2-015.sgm-40.txt,0.0,logEntropy,false,12
reut2-015.sgm-40.txt,0.0,logEntropy,true,12
reut2-015.sgm-40.txt,0.0,normal,false,8
reut2-015.sgm-40.txt,0.0,normal,true,0
reut2-015.sgm-40.txt,0.0,tfidf,false,12
reut2-015.sgm-40.txt,0.0,tfidf,true,12
reut2-015.sgm-402.txt,0.0,binary,false,2
reut2-015.sgm-402.txt,0.0,binary,true,2
reut2-015.sgm-402.txt,0.0,count,false,2
reut2-015.sgm-402.txt,0.0,count,true,2
reut2-015.sgm-402.txt,0.0,gfidf,false,2
reut2-015.sgm-402.txt,0.0,gfidf,true,5
reut2-015.sgm-402.txt,0.0,idf,false,2
reut2-015.sgm-402.txt,0.0,idf,true,5
reut2-015.sgm-402.txt,0.0,logEntropy,false,2
reut2-015.sgm-402.txt,0.0,logEntropy,true,2
reut2-015.sgm-402.txt,0.0,normal,false,14
reut2-015.sgm-402.txt,0.0,normal,true,14
reut2-015.sgm-402.txt,0.0,tfidf,false,2
reut2-015.sgm-402.txt,0.0,tfidf,true,5
reut2-015.sgm-407.txt,0.0,binary,false,4
reut2-015.sgm-407.txt,0.0,binary,true,4
reut2-015.sgm-407.txt,0.0,count,false,4
reut2-015.sgm-407.txt,0.0,count,true,4
reut2-015.sgm-407.txt,0.0,gfidf,false,4
reut2-015.sgm-407.txt,0.0,gfidf,true,7
reut2-015.sgm-407.txt,0.0,idf,false,4
reut2-015.sgm-407.txt,0.0,idf,true,4
reut2-015.sgm-407.txt,0.0,logEntropy,false,4
reut2-015.sgm-407.txt,0.0,logEntropy,true,4
reut2-015.sgm-407.txt,0.0,normal,false,4
reut2-015.sgm-407.txt,0.0,normal,true,7
reut2-015.sgm-407.txt,0.0,tfidf,false,4
reut2-015.sgm-407.txt,0.0,tfidf,true,4
reut2-015.sgm-412.txt,0.0,binary,false,12
reut2-015.sgm-412.txt,0.0,binary,true,12
reut2-015.sgm-412.txt,0.0,count,false,10
reut2-015.sgm-412.txt,0.0,count,true,10
reut2-015.sgm-412.txt,0.0,gfidf,false,10
reut2-015.sgm-412.txt,0.0,gfidf,true,10
reut2-015.sgm-412.txt,0.0,idf,false,12
reut2-015.sgm-412.txt,0.0,idf,true,12
reut2-015.sgm-412.txt,0.0,logEntropy,false,10
reut2-015.sgm-412.txt,0.0,logEntropy,true,10
reut2-015.sgm-412.txt,0.0,normal,false,2
reut2-015.sgm-412.txt,0.0,normal,true,2
reut2-015.sgm-412.txt,0.0,tfidf,false,10
reut2-015.sgm-412.txt,0.0,tfidf,true,10
reut2-015.sgm-42.txt,2.6918003852647123,binary,false,0
reut2-015.sgm-42.txt,2.6918003852647123,binary,true,3
reut2-015.sgm-42.txt,2.6918003852647123,count,false,0
reut2-015.sgm-42.txt,2.6918003852647123,count,true,0
reut2-015.sgm-42.txt,2.6918003852647123,gfidf,false,0
reut2-015.sgm-42.txt,2.6918003852647123,gfidf,true,0
reut2-015.sgm-42.txt,2.6918003852647123,idf,false,2
reut2-015.sgm-42.txt,2.6918003852647123,idf,true,3
reut2-015.sgm-42.txt,2.6918003852647123,logEntropy,false,0
reut2-015.sgm-42.txt,2.6918003852647123,logEntropy,true,3
reut2-015.sgm-42.txt,2.6918003852647123,normal,false,7
reut2-015.sgm-42.txt,2.6918003852647123,normal,true,19
reut2-015.sgm-42.txt,2.6918003852647123,tfidf,false,0
reut2-015.sgm-42.txt,2.6918003852647123,tfidf,true,0
reut2-015.sgm-436.txt,1.9593219335154728,binary,false,2
reut2-015.sgm-436.txt,1.9593219335154728,binary,true,2
reut2-015.sgm-436.txt,1.9593219335154728,count,false,1
reut2-015.sgm-436.txt,1.9593219335154728,count,true,1
reut2-015.sgm-436.txt,1.9593219335154728,gfidf,false,2
reut2-015.sgm-436.txt,1.9593219335154728,gfidf,true,2
reut2-015.sgm-436.txt,1.9593219335154728,idf,false,0
reut2-015.sgm-436.txt,1.9593219335154728,idf,true,2
reut2-015.sgm-436.txt,1.9593219335154728,logEntropy,false,1
reut2-015.sgm-436.txt,1.9593219335154728,logEntropy,true,1
reut2-015.sgm-436.txt,1.9593219335154728,normal,false,14
reut2-015.sgm-436.txt,1.9593219335154728,normal,true,5
reut2-015.sgm-436.txt,1.9593219335154728,tfidf,false,2
reut2-015.sgm-436.txt,1.9593219335154728,tfidf,true,2
reut2-015.sgm-437.txt,0.0,binary,false,3
reut2-015.sgm-437.txt,0.0,binary,true,3
reut2-015.sgm-437.txt,0.0,count,false,2
reut2-015.sgm-437.txt,0.0,count,true,2
reut2-015.sgm-437.txt,0.0,gfidf,false,4
reut2-015.sgm-437.txt,0.0,gfidf,true,3
reut2-015.sgm-437.txt,0.0,idf,false,3
reut2-015.sgm-437.txt,0.0,idf,true,3
reut2-015.sgm-437.txt,0.0,logEntropy,false,2
reut2-015.sgm-437.txt,0.0,logEntropy,true,2
reut2-015.sgm-437.txt,0.0,normal,false,10
reut2-015.sgm-437.txt,0.0,normal,true,4
reut2-015.sgm-437.txt,0.0,tfidf,false,3
reut2-015.sgm-437.txt,0.0,tfidf,true,3
reut2-015.sgm-441.txt,0.0,binary,false,12
reut2-015.sgm-441.txt,0.0,binary,true,12
reut2-015.sgm-441.txt,0.0,count,false,12
reut2-015.sgm-441.txt,0.0,count,true,12
reut2-015.sgm-441.txt,0.0,gfidf,false,12
reut2-015.sgm-441.txt,0.0,gfidf,true,12
reut2-015.sgm-441.txt,0.0,idf,false,10
reut2-015.sgm-441.txt,0.0,idf,true,12
reut2-015.sgm-441.txt,0.0,logEntropy,false,12
reut2-015.sgm-441.txt,0.0,logEntropy,true,12
reut2-015.sgm-441.txt,0.0,normal,false,1
reut2-015.sgm-441.txt,0.0,normal,true,20
reut2-015.sgm-441.txt,0.0,tfidf,false,10
reut2-015.sgm-441.txt,0.0,tfidf,true,12
reut2-015.sgm-443.txt,0.0,binary,false,1
reut2-015.sgm-443.txt,0.0,binary,true,1
reut2-015.sgm-443.txt,0.0,count,false,1
reut2-015.sgm-443.txt,0.0,count,true,1
reut2-015.sgm-443.txt,0.0,gfidf,false,1
reut2-015.sgm-443.txt,0.0,gfidf,true,1
reut2-015.sgm-443.txt,0.0,idf,false,1
reut2-015.sgm-443.txt,0.0,idf,true,1
reut2-015.sgm-443.txt,0.0,logEntropy,false,1
reut2-015.sgm-443.txt,0.0,logEntropy,true,1
reut2-015.sgm-443.txt,0.0,normal,false,4
reut2-015.sgm-443.txt,0.0,normal,true,4
reut2-015.sgm-443.txt,0.0,tfidf,false,1
reut2-015.sgm-443.txt,0.0,tfidf,true,1
reut2-015.sgm-449.txt,0.0,binary,false,7
reut2-015.sgm-449.txt,0.0,binary,true,7
reut2-015.sgm-449.txt,0.0,count,false,8
reut2-015.sgm-449.txt,0.0,count,true,0
reut2-015.sgm-449.txt,0.0,gfidf,false,8
reut2-015.sgm-449.txt,0.0,gfidf,true,0
reut2-015.sgm-449.txt,0.0,idf,false,7
reut2-015.sgm-449.txt,0.0,idf,true,7
reut2-015.sgm-449.txt,0.0,logEntropy,false,8
reut2-015.sgm-449.txt,0.0,logEntropy,true,0
reut2-015.sgm-449.txt,0.0,normal,false,0
reut2-015.sgm-449.txt,0.0,normal,true,0
reut2-015.sgm-449.txt,0.0,tfidf,false,7
reut2-015.sgm-449.txt,0.0,tfidf,true,7
reut2-015.sgm-450.txt,0.0,binary,false,14
reut2-015.sgm-450.txt,0.0,binary,true,14
reut2-015.sgm-450.txt,0.0,count,false,13
reut2-015.sgm-450.txt,0.0,count,true,13
reut2-015.sgm-450.txt,0.0,gfidf,false,14
reut2-015.sgm-450.txt,0.0,gfidf,true,14
reut2-015.sgm-450.txt,0.0,idf,false,14
reut2-015.sgm-450.txt,0.0,idf,true,14
reut2-015.sgm-450.txt,0.0,logEntropy,false,13
reut2-015.sgm-450.txt,0.0,logEntropy,true,13
reut2-015.sgm-450.txt,0.0,normal,false,19
reut2-015.sgm-450.txt,0.0,normal,true,13
reut2-015.sgm-450.txt,0.0,tfidf,false,19
reut2-015.sgm-450.txt,0.0,tfidf,true,14
reut2-015.sgm-451.txt,0.0,binary,false,8
reut2-015.sgm-451.txt,0.0,binary,true,8
reut2-015.sgm-451.txt,0.0,count,false,8
reut2-015.sgm-451.txt,0.0,count,true,8
reut2-015.sgm-451.txt,0.0,gfidf,false,8
reut2-015.sgm-451.txt,0.0,gfidf,true,8
reut2-015.sgm-451.txt,0.0,idf,false,8
reut2-015.sgm-451.txt,0.0,idf,true,8
reut2-015.sgm-451.txt,0.0,logEntropy,false,8
reut2-015.sgm-451.txt,0.0,logEntropy,true,8
reut2-015.sgm-451.txt,0.0,normal,false,8
reut2-015.sgm-451.txt,0.0,normal,true,8
reut2-015.sgm-451.txt,0.0,tfidf,false,8
reut2-015.sgm-451.txt,0.0,tfidf,true,8
reut2-015.sgm-452.txt,0.0,binary,false,9
reut2-015.sgm-452.txt,0.0,binary,true,9
reut2-015.sgm-452.txt,0.0,count,false,8
reut2-015.sgm-452.txt,0.0,count,true,9
reut2-015.sgm-452.txt,0.0,gfidf,false,9
reut2-015.sgm-452.txt,0.0,gfidf,true,9
reut2-015.sgm-452.txt,0.0,idf,false,9
reut2-015.sgm-452.txt,0.0,idf,true,9
reut2-015.sgm-452.txt,0.0,logEntropy,false,9
reut2-015.sgm-452.txt,0.0,logEntropy,true,9
reut2-015.sgm-452.txt,0.0,normal,false,0
reut2-015.sgm-452.txt,0.0,normal,true,0
reut2-015.sgm-452.txt,0.0,tfidf,false,9
reut2-015.sgm-452.txt,0.0,tfidf,true,9
reut2-015.sgm-453.txt,0.0,binary,false,6
reut2-015.sgm-453.txt,0.0,binary,true,11
reut2-015.sgm-453.txt,0.0,count,false,6
reut2-015.sgm-453.txt,0.0,count,true,6
reut2-015.sgm-453.txt,0.0,gfidf,false,6
reut2-015.sgm-453.txt,0.0,gfidf,true,6
reut2-015.sgm-453.txt,0.0,idf,false,6
reut2-015.sgm-453.txt,0.0,idf,true,11
reut2-015.sgm-453.txt,0.0,logEntropy,false,6
reut2-015.sgm-453.txt,0.0,logEntropy,true,6
reut2-015.sgm-453.txt,0.0,normal,false,6
reut2-015.sgm-453.txt,0.0,normal,true,0
reut2-015.sgm-453.txt,0.0,tfidf,false,6
reut2-015.sgm-453.txt,0.0,tfidf,true,5
reut2-015.sgm-455.txt,0.0,binary,false,4
reut2-015.sgm-455.txt,0.0,binary,true,4
reut2-015.sgm-455.txt,0.0,count,false,4
reut2-015.sgm-455.txt,0.0,count,true,4
reut2-015.sgm-455.txt,0.0,gfidf,false,4
reut2-015.sgm-455.txt,0.0,gfidf,true,7
reut2-015.sgm-455.txt,0.0,idf,false,4
reut2-015.sgm-455.txt,0.0,idf,true,4
reut2-015.sgm-455.txt,0.0,logEntropy,false,4
reut2-015.sgm-455.txt,0.0,logEntropy,true,4
reut2-015.sgm-455.txt,0.0,normal,false,4
reut2-015.sgm-455.txt,0.0,normal,true,7
reut2-015.sgm-455.txt,0.0,tfidf,false,4
reut2-015.sgm-455.txt,0.0,tfidf,true,4
reut2-015.sgm-459.txt,0.0,binary,false,12
reut2-015.sgm-459.txt,0.0,binary,true,12
reut2-015.sgm-459.txt,0.0,count,false,12
reut2-015.sgm-459.txt,0.0,count,true,12
reut2-015.sgm-459.txt,0.0,gfidf,false,12
reut2-015.sgm-459.txt,0.0,gfidf,true,12
reut2-015.sgm-459.txt,0.0,idf,false,12
reut2-015.sgm-459.txt,0.0,idf,true,12
reut2-015.sgm-459.txt,0.0,logEntropy,false,12
reut2-015.sgm-459.txt,0.0,logEntropy,true,12
reut2-015.sgm-459.txt,0.0,normal,false,20
reut2-015.sgm-459.txt,0.0,normal,true,20
reut2-015.sgm-459.txt,0.0,tfidf,false,10
reut2-015.sgm-459.txt,0.0,tfidf,true,12
reut2-015.sgm-469.txt,0.0,binary,false,0
reut2-015.sgm-469.txt,0.0,binary,true,25
reut2-015.sgm-469.txt,0.0,count,false,25
reut2-015.sgm-469.txt,0.0,count,true,25
reut2-015.sgm-469.txt,0.0,gfidf,false,25
reut2-015.sgm-469.txt,0.0,gfidf,true,25
reut2-015.sgm-469.txt,0.0,idf,false,5
reut2-015.sgm-469.txt,0.0,idf,true,25
reut2-015.sgm-469.txt,0.0,logEntropy,false,25
reut2-015.sgm-469.txt,0.0,logEntropy,true,25
reut2-015.sgm-469.txt,0.0,normal,false,0
reut2-015.sgm-469.txt,0.0,normal,true,25
reut2-015.sgm-469.txt,0.0,tfidf,false,25
reut2-015.sgm-469.txt,0.0,tfidf,true,25
reut2-015.sgm-487.txt,0.0,binary,false,1
reut2-015.sgm-487.txt,0.0,binary,true,1
reut2-015.sgm-487.txt,0.0,count,false,26
reut2-015.sgm-487.txt,0.0,count,true,26
reut2-015.sgm-487.txt,0.0,gfidf,false,1
reut2-015.sgm-487.txt,0.0,gfidf,true,1
reut2-015.sgm-487.txt,0.0,idf,false,1
reut2-015.sgm-487.txt,0.0,idf,true,1
reut2-015.sgm-487.txt,0.0,logEntropy,false,26
reut2-015.sgm-487.txt,0.0,logEntropy,true,26
reut2-015.sgm-487.txt,0.0,normal,false,21
reut2-015.sgm-487.txt,0.0,normal,true,21
reut2-015.sgm-487.txt,0.0,tfidf,false,26
reut2-015.sgm-487.txt,0.0,tfidf,true,26
reut2-015.sgm-529.txt,0.0,binary,false,0
reut2-015.sgm-529.txt,0.0,binary,true,0
reut2-015.sgm-529.txt,0.0,count,false,20
reut2-015.sgm-529.txt,0.0,count,true,0
reut2-015.sgm-529.txt,0.0,gfidf,false,0
reut2-015.sgm-529.txt,0.0,gfidf,true,0
reut2-015.sgm-529.txt,0.0,idf,false,15
reut2-015.sgm-529.txt,0.0,idf,true,0
reut2-015.sgm-529.txt,0.0,logEntropy,false,20
reut2-015.sgm-529.txt,0.0,logEntropy,true,0
reut2-015.sgm-529.txt,0.0,normal,false,0
reut2-015.sgm-529.txt,0.0,normal,true,0
reut2-015.sgm-529.txt,0.0,tfidf,false,15
reut2-015.sgm-529.txt,0.0,tfidf,true,15
reut2-015.sgm-538.txt,2.0,binary,false,1
reut2-015.sgm-538.txt,2.0,binary,true,1
reut2-015.sgm-538.txt,2.0,count,false,1
reut2-015.sgm-538.txt,2.0,count,true,1
reut2-015.sgm-538.txt,2.0,gfidf,false,1
reut2-015.sgm-538.txt,2.0,gfidf,true,1
reut2-015.sgm-538.txt,2.0,idf,false,1
reut2-015.sgm-538.txt,2.0,idf,true,1
reut2-015.sgm-538.txt,2.0,logEntropy,false,1
reut2-015.sgm-538.txt,2.0,logEntropy,true,1
reut2-015.sgm-538.txt,2.0,normal,false,1
reut2-015.sgm-538.txt,2.0,normal,true,1
reut2-015.sgm-538.txt,2.0,tfidf,false,9
reut2-015.sgm-538.txt,2.0,tfidf,true,1
reut2-015.sgm-548.txt,0.0,binary,false,0
reut2-015.sgm-548.txt,0.0,binary,true,29
reut2-015.sgm-548.txt,0.0,count,false,29
reut2-015.sgm-548.txt,0.0,count,true,29
reut2-015.sgm-548.txt,0.0,gfidf,false,29
reut2-015.sgm-548.txt,0.0,gfidf,true,29
reut2-015.sgm-548.txt,0.0,idf,false,9
reut2-015.sgm-548.txt,0.0,idf,true,29
reut2-015.sgm-548.txt,0.0,logEntropy,false,29
reut2-015.sgm-548.txt,0.0,logEntropy,true,29
reut2-015.sgm-548.txt,0.0,normal,false,6
reut2-015.sgm-548.txt,0.0,normal,true,6
reut2-015.sgm-548.txt,0.0,tfidf,false,29
reut2-015.sgm-548.txt,0.0,tfidf,true,29
reut2-015.sgm-550.txt,0.0,binary,false,17
reut2-015.sgm-550.txt,0.0,binary,true,9
reut2-015.sgm-550.txt,0.0,count,false,9
reut2-015.sgm-550.txt,0.0,count,true,9
reut2-015.sgm-550.txt,0.0,gfidf,false,17
reut2-015.sgm-550.txt,0.0,gfidf,true,9
reut2-015.sgm-550.txt,0.0,idf,false,17
reut2-015.sgm-550.txt,0.0,idf,true,1
reut2-015.sgm-550.txt,0.0,logEntropy,false,9
reut2-015.sgm-550.txt,0.0,logEntropy,true,9
reut2-015.sgm-550.txt,0.0,normal,false,9
reut2-015.sgm-550.txt,0.0,normal,true,9
reut2-015.sgm-550.txt,0.0,tfidf,false,17
reut2-015.sgm-550.txt,0.0,tfidf,true,1
reut2-015.sgm-551.txt,0.0,binary,false,4
reut2-015.sgm-551.txt,0.0,binary,true,4
reut2-015.sgm-551.txt,0.0,count,false,0
reut2-015.sgm-551.txt,0.0,count,true,6
reut2-015.sgm-551.txt,0.0,gfidf,false,4
reut2-015.sgm-551.txt,0.0,gfidf,true,4
reut2-015.sgm-551.txt,0.0,idf,false,4
reut2-015.sgm-551.txt,0.0,idf,true,4
reut2-015.sgm-551.txt,0.0,logEntropy,false,0
reut2-015.sgm-551.txt,0.0,logEntropy,true,6
reut2-015.sgm-551.txt,0.0,normal,false,6
reut2-015.sgm-551.txt,0.0,normal,true,6
reut2-015.sgm-551.txt,0.0,tfidf,false,4
reut2-015.sgm-551.txt,0.0,tfidf,true,4
reut2-015.sgm-555.txt,0.0,binary,false,6
reut2-015.sgm-555.txt,0.0,binary,true,6
reut2-015.sgm-555.txt,0.0,count,false,6
reut2-015.sgm-555.txt,0.0,count,true,6
reut2-015.sgm-555.txt,0.0,gfidf,false,6
reut2-015.sgm-555.txt,0.0,gfidf,true,6
reut2-015.sgm-555.txt,0.0,idf,false,6
reut2-015.sgm-555.txt,0.0,idf,true,6
reut2-015.sgm-555.txt,0.0,logEntropy,false,6
reut2-015.sgm-555.txt,0.0,logEntropy,true,6
reut2-015.sgm-555.txt,0.0,normal,false,6
reut2-015.sgm-555.txt,0.0,normal,true,4
reut2-015.sgm-555.txt,0.0,tfidf,false,6
reut2-015.sgm-555.txt,0.0,tfidf,true,6
reut2-015.sgm-575.txt,0.0,binary,false,11
reut2-015.sgm-575.txt,0.0,binary,true,11
reut2-015.sgm-575.txt,0.0,count,false,11
reut2-015.sgm-575.txt,0.0,count,true,11
reut2-015.sgm-575.txt,0.0,gfidf,false,11
reut2-015.sgm-575.txt,0.0,gfidf,true,11
reut2-015.sgm-575.txt,0.0,idf,false,11
reut2-015.sgm-575.txt,0.0,idf,true,11
reut2-015.sgm-575.txt,0.0,logEntropy,false,11
reut2-015.sgm-575.txt,0.0,logEntropy,true,11
reut2-015.sgm-575.txt,0.0,normal,false,0
reut2-015.sgm-575.txt,0.0,normal,true,0
reut2-015.sgm-575.txt,0.0,tfidf,false,11
reut2-015.sgm-575.txt,0.0,tfidf,true,11
reut2-015.sgm-616.txt,0.0,binary,false,3
reut2-015.sgm-616.txt,0.0,binary,true,1
reut2-015.sgm-616.txt,0.0,count,false,5
reut2-015.sgm-616.txt,0.0,count,true,5
reut2-015.sgm-616.txt,0.0,gfidf,false,5
reut2-015.sgm-616.txt,0.0,gfidf,true,19
reut2-015.sgm-616.txt,0.0,idf,false,1
reut2-015.sgm-616.txt,0.0,idf,true,1
reut2-015.sgm-616.txt,0.0,logEntropy,false,5
reut2-015.sgm-616.txt,0.0,logEntropy,true,5
reut2-015.sgm-616.txt,0.0,normal,false,5
reut2-015.sgm-616.txt,0.0,normal,true,0
reut2-015.sgm-616.txt,0.0,tfidf,false,19
reut2-015.sgm-616.txt,0.0,tfidf,true,19
reut2-015.sgm-62.txt,0.0,binary,false,29
reut2-015.sgm-62.txt,0.0,binary,true,29
reut2-015.sgm-62.txt,0.0,count,false,29
reut2-015.sgm-62.txt,0.0,count,true,29
reut2-015.sgm-62.txt,0.0,gfidf,false,29
reut2-015.sgm-62.txt,0.0,gfidf,true,29
reut2-015.sgm-62.txt,0.0,idf,false,29
reut2-015.sgm-62.txt,0.0,idf,true,29
reut2-015.sgm-62.txt,0.0,logEntropy,false,29
reut2-015.sgm-62.txt,0.0,logEntropy,true,29
reut2-015.sgm-62.txt,0.0,normal,false,29
reut2-015.sgm-62.txt,0.0,normal,true,29
reut2-015.sgm-62.txt,0.0,tfidf,false,29
reut2-015.sgm-62.txt,0.0,tfidf,true,29
reut2-015.sgm-624.txt,0.0,binary,false,7
reut2-015.sgm-624.txt,0.0,binary,true,7
reut2-015.sgm-624.txt,0.0,count,false,7
reut2-015.sgm-624.txt,0.0,count,true,7
reut2-015.sgm-624.txt,0.0,gfidf,false,7
reut2-015.sgm-624.txt,0.0,gfidf,true,7
reut2-015.sgm-624.txt,0.0,idf,false,7
reut2-015.sgm-624.txt,0.0,idf,true,7
reut2-015.sgm-624.txt,0.0,logEntropy,false,7
reut2-015.sgm-624.txt,0.0,logEntropy,true,7
reut2-015.sgm-624.txt,0.0,normal,false,7
reut2-015.sgm-624.txt,0.0,normal,true,7
reut2-015.sgm-624.txt,0.0,tfidf,false,4
reut2-015.sgm-624.txt,0.0,tfidf,true,4
reut2-015.sgm-638.txt,0.0,binary,false,37
reut2-015.sgm-638.txt,0.0,binary,true,10
reut2-015.sgm-638.txt,0.0,count,false,37
reut2-015.sgm-638.txt,0.0,count,true,6
reut2-015.sgm-638.txt,0.0,gfidf,false,37
reut2-015.sgm-638.txt,0.0,gfidf,true,10
reut2-015.sgm-638.txt,0.0,idf,false,37
reut2-015.sgm-638.txt,0.0,idf,true,10
reut2-015.sgm-638.txt,0.0,logEntropy,false,37
reut2-015.sgm-638.txt,0.0,logEntropy,true,10
reut2-015.sgm-638.txt,0.0,normal,false,6
reut2-015.sgm-638.txt,0.0,normal,true,6
reut2-015.sgm-638.txt,0.0,tfidf,false,37
reut2-015.sgm-638.txt,0.0,tfidf,true,10
reut2-015.sgm-670.txt,1.9593219335154728,binary,false,2
reut2-015.sgm-670.txt,1.9593219335154728,binary,true,2
reut2-015.sgm-670.txt,1.9593219335154728,count,false,1
reut2-015.sgm-670.txt,1.9593219335154728,count,true,1
reut2-015.sgm-670.txt,1.9593219335154728,gfidf,false,2
reut2-015.sgm-670.txt,1.9593219335154728,gfidf,true,2
reut2-015.sgm-670.txt,1.9593219335154728,idf,false,0
reut2-015.sgm-670.txt,1.9593219335154728,idf,true,2
reut2-015.sgm-670.txt,1.9593219335154728,logEntropy,false,1
reut2-015.sgm-670.txt,1.9593219335154728,logEntropy,true,1
reut2-015.sgm-670.txt,1.9593219335154728,normal,false,14
reut2-015.sgm-670.txt,1.9593219335154728,normal,true,5
reut2-015.sgm-670.txt,1.9593219335154728,tfidf,false,2
reut2-015.sgm-670.txt,1.9593219335154728,tfidf,true,2
reut2-015.sgm-677.txt,0.0,binary,false,13
reut2-015.sgm-677.txt,0.0,binary,true,13
reut2-015.sgm-677.txt,0.0,count,false,13
reut2-015.sgm-677.txt,0.0,count,true,13
reut2-015.sgm-677.txt,0.0,gfidf,false,13
reut2-015.sgm-677.txt,0.0,gfidf,true,13
reut2-015.sgm-677.txt,0.0,idf,false,13
reut2-015.sgm-677.txt,0.0,idf,true,0
reut2-015.sgm-677.txt,0.0,logEntropy,false,13
reut2-015.sgm-677.txt,0.0,logEntropy,true,13
reut2-015.sgm-677.txt,0.0,normal,false,13
reut2-015.sgm-677.txt,0.0,normal,true,9
reut2-015.sgm-677.txt,0.0,tfidf,false,13
reut2-015.sgm-677.txt,0.0,tfidf,true,0
reut2-015.sgm-737.txt,0.0,binary,false,0
reut2-015.sgm-737.txt,0.0,binary,true,0
reut2-015.sgm-737.txt,0.0,count,false,0
reut2-015.sgm-737.txt,0.0,count,true,0
reut2-015.sgm-737.txt,0.0,gfidf,false,0
reut2-015.sgm-737.txt,0.0,gfidf,true,0
reut2-015.sgm-737.txt,0.0,idf,false,0
reut2-015.sgm-737.txt,0.0,idf,true,0
reut2-015.sgm-737.txt,0.0,logEntropy,false,0
reut2-015.sgm-737.txt,0.0,logEntropy,true,0
reut2-015.sgm-737.txt,0.0,normal,false,0
reut2-015.sgm-737.txt,0.0,normal,true,0
reut2-015.sgm-737.txt,0.0,tfidf,false,17
reut2-015.sgm-737.txt,0.0,tfidf,true,40
reut2-015.sgm-741.txt,0.0,binary,false,5
reut2-015.sgm-741.txt,0.0,binary,true,9
reut2-015.sgm-741.txt,0.0,count,false,8
reut2-015.sgm-741.txt,0.0,count,true,8
reut2-015.sgm-741.txt,0.0,gfidf,false,16
reut2-015.sgm-741.txt,0.0,gfidf,true,9
reut2-015.sgm-741.txt,0.0,idf,false,5
reut2-015.sgm-741.txt,0.0,idf,true,9
reut2-015.sgm-741.txt,0.0,logEntropy,false,5
reut2-015.sgm-741.txt,0.0,logEntropy,true,9
reut2-015.sgm-741.txt,0.0,normal,false,8
reut2-015.sgm-741.txt,0.0,normal,true,8
reut2-015.sgm-741.txt,0.0,tfidf,false,5
reut2-015.sgm-741.txt,0.0,tfidf,true,9
reut2-015.sgm-742.txt,0.0,binary,false,21
reut2-015.sgm-742.txt,0.0,binary,true,21
reut2-015.sgm-742.txt,0.0,count,false,21
reut2-015.sgm-742.txt,0.0,count,true,21
reut2-015.sgm-742.txt,0.0,gfidf,false,24
reut2-015.sgm-742.txt,0.0,gfidf,true,21
reut2-015.sgm-742.txt,0.0,idf,false,21
reut2-015.sgm-742.txt,0.0,idf,true,21
reut2-015.sgm-742.txt,0.0,logEntropy,false,21
reut2-015.sgm-742.txt,0.0,logEntropy,true,21
reut2-015.sgm-742.txt,0.0,normal,false,11
reut2-015.sgm-742.txt,0.0,normal,true,11
reut2-015.sgm-742.txt,0.0,tfidf,false,16
reut2-015.sgm-742.txt,0.0,tfidf,true,21
reut2-015.sgm-764.txt,0.0,binary,false,13
reut2-015.sgm-764.txt,0.0,binary,true,13
reut2-015.sgm-764.txt,0.0,count,false,13
reut2-015.sgm-764.txt,0.0,count,true,13
reut2-015.sgm-764.txt,0.0,gfidf,false,13
reut2-015.sgm-764.txt,0.0,gfidf,true,13
reut2-015.sgm-764.txt,0.0,idf,false,13
reut2-015.sgm-764.txt,0.0,idf,true,13
reut2-015.sgm-764.txt,0.0,logEntropy,false,13
reut2-015.sgm-764.txt,0.0,logEntropy,true,13
reut2-015.sgm-764.txt,0.0,normal,false,0
reut2-015.sgm-764.txt,0.0,normal,true,0
reut2-015.sgm-764.txt,0.0,tfidf,false,13
reut2-015.sgm-764.txt,0.0,tfidf,true,13
reut2-015.sgm-794.txt,4.0,binary,false,0
reut2-015.sgm-794.txt,4.0,binary,true,0
reut2-015.sgm-794.txt,4.0,count,false,0
reut2-015.sgm-794.txt,4.0,count,true,0
reut2-015.sgm-794.txt,4.0,gfidf,false,0
reut2-015.sgm-794.txt,4.0,gfidf,true,0
reut2-015.sgm-794.txt,4.0,idf,false,0
reut2-015.sgm-794.txt,4.0,idf,true,0
reut2-015.sgm-794.txt,4.0,logEntropy,false,0
reut2-015.sgm-794.txt,4.0,logEntropy,true,0
reut2-015.sgm-794.txt,4.0,normal,false,0
reut2-015.sgm-794.txt,4.0,normal,true,0
reut2-015.sgm-794.txt,4.0,tfidf,false,0
reut2-015.sgm-794.txt,4.0,tfidf,true,0
reut2-015.sgm-812.txt,0.0,binary,false,4
reut2-015.sgm-812.txt,0.0,binary,true,4
reut2-015.sgm-812.txt,0.0,count,false,11
reut2-015.sgm-812.txt,0.0,count,true,11
reut2-015.sgm-812.txt,0.0,gfidf,false,4
reut2-015.sgm-812.txt,0.0,gfidf,true,4
reut2-015.sgm-812.txt,0.0,idf,false,0
reut2-015.sgm-812.txt,0.0,idf,true,0
reut2-015.sgm-812.txt,0.0,logEntropy,false,4
reut2-015.sgm-812.txt,0.0,logEntropy,true,4
reut2-015.sgm-812.txt,0.0,normal,false,4
reut2-015.sgm-812.txt,0.0,normal,true,4
reut2-015.sgm-812.txt,0.0,tfidf,false,0
reut2-015.sgm-812.txt,0.0,tfidf,true,0
reut2-015.sgm-817.txt,0.0,binary,false,2
reut2-015.sgm-817.txt,0.0,binary,true,2
reut2-015.sgm-817.txt,0.0,count,false,7
reut2-015.sgm-817.txt,0.0,count,true,3
reut2-015.sgm-817.txt,0.0,gfidf,false,7
reut2-015.sgm-817.txt,0.0,gfidf,true,7
reut2-015.sgm-817.txt,0.0,idf,false,2
reut2-015.sgm-817.txt,0.0,idf,true,3
reut2-015.sgm-817.txt,0.0,logEntropy,false,2
reut2-015.sgm-817.txt,0.0,logEntropy,true,3
reut2-015.sgm-817.txt,0.0,normal,false,7
reut2-015.sgm-817.txt,0.0,normal,true,7
reut2-015.sgm-817.txt,0.0,tfidf,false,2
reut2-015.sgm-817.txt,0.0,tfidf,true,3
reut2-015.sgm-823.txt,0.0,binary,false,4
reut2-015.sgm-823.txt,0.0,binary,true,4
reut2-015.sgm-823.txt,0.0,count,false,16
reut2-015.sgm-823.txt,0.0,count,true,4
reut2-015.sgm-823.txt,0.0,gfidf,false,16
reut2-015.sgm-823.txt,0.0,gfidf,true,4
reut2-015.sgm-823.txt,0.0,idf,false,4
reut2-015.sgm-823.txt,0.0,idf,true,4
reut2-015.sgm-823.txt,0.0,logEntropy,false,16
reut2-015.sgm-823.txt,0.0,logEntropy,true,4
reut2-015.sgm-823.txt,0.0,normal,false,4
reut2-015.sgm-823.txt,0.0,normal,true,4
reut2-015.sgm-823.txt,0.0,tfidf,false,16
reut2-015.sgm-823.txt,0.0,tfidf,true,16
reut2-015.sgm-834.txt,1.7239456424939554,binary,false,16
reut2-015.sgm-834.txt,1.7239456424939554,binary,true,0
reut2-015.sgm-834.txt,1.7239456424939554,count,false,16
reut2-015.sgm-834.txt,1.7239456424939554,count,true,12
reut2-015.sgm-834.txt,1.7239456424939554,gfidf,false,16
reut2-015.sgm-834.txt,1.7239456424939554,gfidf,true,12
reut2-015.sgm-834.txt,1.7239456424939554,idf,false,16
reut2-015.sgm-834.txt,1.7239456424939554,idf,true,0
reut2-015.sgm-834.txt,1.7239456424939554,logEntropy,false,16
reut2-015.sgm-834.txt,1.7239456424939554,logEntropy,true,12
reut2-015.sgm-834.txt,1.7239456424939554,normal,false,16
reut2-015.sgm-834.txt,1.7239456424939554,normal,true,12
reut2-015.sgm-834.txt,1.7239456424939554,tfidf,false,16
reut2-015.sgm-834.txt,1.7239456424939554,tfidf,true,12
reut2-015.sgm-837.txt,0.0,binary,false,4
reut2-015.sgm-837.txt,0.0,binary,true,4
reut2-015.sgm-837.txt,0.0,count,false,4
reut2-015.sgm-837.txt,0.0,count,true,4
reut2-015.sgm-837.txt,0.0,gfidf,false,4
reut2-015.sgm-837.txt,0.0,gfidf,true,4
reut2-015.sgm-837.txt,0.0,idf,false,4
reut2-015.sgm-837.txt,0.0,idf,true,4
reut2-015.sgm-837.txt,0.0,logEntropy,false,4
reut2-015.sgm-837.txt,0.0,logEntropy,true,4
reut2-015.sgm-837.txt,0.0,normal,false,4
reut2-015.sgm-837.txt,0.0,normal,true,4
reut2-015.sgm-837.txt,0.0,tfidf,false,4
reut2-015.sgm-837.txt,0.0,tfidf,true,4
reut2-015.sgm-839.txt,0.0,binary,false,19
reut2-015.sgm-839.txt,0.0,binary,true,19
reut2-015.sgm-839.txt,0.0,count,false,7
reut2-015.sgm-839.txt,0.0,count,true,7
reut2-015.sgm-839.txt,0.0,gfidf,false,19
reut2-015.sgm-839.txt,0.0,gfidf,true,19
reut2-015.sgm-839.txt,0.0,idf,false,19
reut2-015.sgm-839.txt,0.0,idf,true,19
reut2-015.sgm-839.txt,0.0,logEntropy,false,19
reut2-015.sgm-839.txt,0.0,logEntropy,true,19
reut2-015.sgm-839.txt,0.0,normal,false,1
reut2-015.sgm-839.txt,0.0,normal,true,1
reut2-015.sgm-839.txt,0.0,tfidf,false,18
reut2-015.sgm-839.txt,0.0,tfidf,true,18
reut2-015.sgm-852.txt,0.0,binary,false,1
reut2-015.sgm-852.txt,0.0,binary,true,1
reut2-015.sgm-852.txt,0.0,count,false,1
reut2-015.sgm-852.txt,0.0,count,true,1
reut2-015.sgm-852.txt,0.0,gfidf,false,1
reut2-015.sgm-852.txt,0.0,gfidf,true,1
reut2-015.sgm-852.txt,0.0,idf,false,1
reut2-015.sgm-852.txt,0.0,idf,true,1
reut2-015.sgm-852.txt,0.0,logEntropy,false,1
reut2-015.sgm-852.txt,0.0,logEntropy,true,1
reut2-015.sgm-852.txt,0.0,normal,false,18
reut2-015.sgm-852.txt,0.0,normal,true,28
reut2-015.sgm-852.txt,0.0,tfidf,false,1
reut2-015.sgm-852.txt,0.0,tfidf,true,1
reut2-015.sgm-871.txt,0.0,binary,false,4
reut2-015.sgm-871.txt,0.0,binary,true,4
reut2-015.sgm-871.txt,0.0,count,false,4
reut2-015.sgm-871.txt,0.0,count,true,4
reut2-015.sgm-871.txt,0.0,gfidf,false,4
reut2-015.sgm-871.txt,0.0,gfidf,true,4
reut2-015.sgm-871.txt,0.0,idf,false,4
reut2-015.sgm-871.txt,0.0,idf,true,4
reut2-015.sgm-871.txt,0.0,logEntropy,false,4
reut2-015.sgm-871.txt,0.0,logEntropy,true,4
reut2-015.sgm-871.txt,0.0,normal,false,4
reut2-015.sgm-871.txt,0.0,normal,true,4
reut2-015.sgm-871.txt,0.0,tfidf,false,4
reut2-015.sgm-871.txt,0.0,tfidf,true,4
reut2-015.sgm-938.txt,0.0,binary,false,17
reut2-015.sgm-938.txt,0.0,binary,true,17
reut2-015.sgm-938.txt,0.0,count,false,17
reut2-015.sgm-938.txt,0.0,count,true,17
reut2-015.sgm-938.txt,0.0,gfidf,false,17
reut2-015.sgm-938.txt,0.0,gfidf,true,17
reut2-015.sgm-938.txt,0.0,idf,false,17
reut2-015.sgm-938.txt,0.0,idf,true,17
reut2-015.sgm-938.txt,0.0,logEntropy,false,17
reut2-015.sgm-938.txt,0.0,logEntropy,true,17
reut2-015.sgm-938.txt,0.0,normal,false,17
reut2-015.sgm-938.txt,0.0,normal,true,17
reut2-015.sgm-938.txt,0.0,tfidf,false,17
reut2-015.sgm-938.txt,0.0,tfidf,true,17
reut2-015.sgm-94.txt,0.0,binary,false,0
reut2-015.sgm-94.txt,0.0,binary,true,0
reut2-015.sgm-94.txt,0.0,count,false,3
reut2-015.sgm-94.txt,0.0,count,true,0
reut2-015.sgm-94.txt,0.0,gfidf,false,0
reut2-015.sgm-94.txt,0.0,gfidf,true,0
reut2-015.sgm-94.txt,0.0,idf,false,3
reut2-015.sgm-94.txt,0.0,idf,true,0
reut2-015.sgm-94.txt,0.0,logEntropy,false,0
reut2-015.sgm-94.txt,0.0,logEntropy,true,0
reut2-015.sgm-94.txt,0.0,normal,false,0
reut2-015.sgm-94.txt,0.0,normal,true,0
reut2-015.sgm-94.txt,0.0,tfidf,false,4
reut2-015.sgm-94.txt,0.0,tfidf,true,0
reut2-015.sgm-956.txt,0.0,binary,false,8
reut2-015.sgm-956.txt,0.0,binary,true,8
reut2-015.sgm-956.txt,0.0,count,false,9
reut2-015.sgm-956.txt,0.0,count,true,8
reut2-015.sgm-956.txt,0.0,gfidf,false,8
reut2-015.sgm-956.txt,0.0,gfidf,true,8
reut2-015.sgm-956.txt,0.0,idf,false,8
reut2-015.sgm-956.txt,0.0,idf,true,8
reut2-015.sgm-956.txt,0.0,logEntropy,false,9
reut2-015.sgm-956.txt,0.0,logEntropy,true,8
reut2-015.sgm-956.txt,0.0,normal,false,0
reut2-015.sgm-956.txt,0.0,normal,true,0
reut2-015.sgm-956.txt,0.0,tfidf,false,8
reut2-015.sgm-956.txt,0.0,tfidf,true,8
reut2-015.sgm-974.txt,0.0,binary,false,12
reut2-015.sgm-974.txt,0.0,binary,true,4
reut2-015.sgm-974.txt,0.0,count,false,12
reut2-015.sgm-974.txt,0.0,count,true,12
reut2-015.sgm-974.txt,0.0,gfidf,false,12
reut2-015.sgm-974.txt,0.0,gfidf,true,12
reut2-015.sgm-974.txt,0.0,idf,false,10
reut2-015.sgm-974.txt,0.0,idf,true,10
reut2-015.sgm-974.txt,0.0,logEntropy,false,12
reut2-015.sgm-974.txt,0.0,logEntropy,true,4
reut2-015.sgm-974.txt,0.0,normal,false,4
reut2-015.sgm-974.txt,0.0,normal,true,4
reut2-015.sgm-974.txt,0.0,tfidf,false,12
reut2-015.sgm-974.txt,0.0,tfidf,true,12
reut2-015.sgm-981.txt,0.0,binary,false,7
reut2-015.sgm-981.txt,0.0,binary,true,12
reut2-015.sgm-981.txt,0.0,count,false,7
reut2-015.sgm-981.txt,0.0,count,true,12
reut2-015.sgm-981.txt,0.0,gfidf,false,7
reut2-015.sgm-981.txt,0.0,gfidf,true,12
reut2-015.sgm-981.txt,0.0,idf,false,7
reut2-015.sgm-981.txt,0.0,idf,true,7
reut2-015.sgm-981.txt,0.0,logEntropy,false,7
reut2-015.sgm-981.txt,0.0,logEntropy,true,12
reut2-015.sgm-981.txt,0.0,normal,false,12
reut2-015.sgm-981.txt,0.0,normal,true,12
reut2-015.sgm-981.txt,0.0,tfidf,false,7
reut2-015.sgm-981.txt,0.0,tfidf,true,7
reut2-015.sgm-986.txt,0.0,binary,false,12
reut2-015.sgm-986.txt,0.0,binary,true,12
reut2-015.sgm-986.txt,0.0,count,false,12
reut2-015.sgm-986.txt,0.0,count,true,13
reut2-015.sgm-986.txt,0.0,gfidf,false,12
reut2-015.sgm-986.txt,0.0,gfidf,true,12
reut2-015.sgm-986.txt,0.0,idf,false,12
reut2-015.sgm-986.txt,0.0,idf,true,12
reut2-015.sgm-986.txt,0.0,logEntropy,false,12
reut2-015.sgm-986.txt,0.0,logEntropy,true,12
reut2-015.sgm-986.txt,0.0,normal,false,13
reut2-015.sgm-986.txt,0.0,normal,true,13
reut2-015.sgm-986.txt,0.0,tfidf,false,12
reut2-015.sgm-986.txt,0.0,tfidf,true,12
reut2-016.sgm-111.txt,0.0,binary,false,13
reut2-016.sgm-111.txt,0.0,binary,true,17
reut2-016.sgm-111.txt,0.0,count,false,17
reut2-016.sgm-111.txt,0.0,count,true,17
reut2-016.sgm-111.txt,0.0,gfidf,false,13
reut2-016.sgm-111.txt,0.0,gfidf,true,17
reut2-016.sgm-111.txt,0.0,idf,false,13
reut2-016.sgm-111.txt,0.0,idf,true,5
reut2-016.sgm-111.txt,0.0,logEntropy,false,17
reut2-016.sgm-111.txt,0.0,logEntropy,true,17
reut2-016.sgm-111.txt,0.0,normal,false,21
reut2-016.sgm-111.txt,0.0,normal,true,21
reut2-016.sgm-111.txt,0.0,tfidf,false,13
reut2-016.sgm-111.txt,0.0,tfidf,true,5
reut2-016.sgm-115.txt,2.6918003852647123,binary,false,10
reut2-016.sgm-115.txt,2.6918003852647123,binary,true,0
reut2-016.sgm-115.txt,2.6918003852647123,count,false,2
reut2-016.sgm-115.txt,2.6918003852647123,count,true,2
reut2-016.sgm-115.txt,2.6918003852647123,gfidf,false,0
reut2-016.sgm-115.txt,2.6918003852647123,gfidf,true,0
reut2-016.sgm-115.txt,2.6918003852647123,idf,false,10
reut2-016.sgm-115.txt,2.6918003852647123,idf,true,0
reut2-016.sgm-115.txt,2.6918003852647123,logEntropy,false,2
reut2-016.sgm-115.txt,2.6918003852647123,logEntropy,true,2
reut2-016.sgm-115.txt,2.6918003852647123,normal,false,2
reut2-016.sgm-115.txt,2.6918003852647123,normal,true,0
reut2-016.sgm-115.txt,2.6918003852647123,tfidf,false,10
reut2-016.sgm-115.txt,2.6918003852647123,tfidf,true,0
reut2-016.sgm-127.txt,0.0,binary,false,14
reut2-016.sgm-127.txt,0.0,binary,true,16
reut2-016.sgm-127.txt,0.0,count,false,32
reut2-016.sgm-127.txt,0.0,count,true,32
reut2-016.sgm-127.txt,0.0,gfidf,false,32
reut2-016.sgm-127.txt,0.0,gfidf,true,32
reut2-016.sgm-127.txt,0.0,idf,false,14
reut2-016.sgm-127.txt,0.0,idf,true,32
reut2-016.sgm-127.txt,0.0,logEntropy,false,32
reut2-016.sgm-127.txt,0.0,logEntropy,true,32
reut2-016.sgm-127.txt,0.0,normal,false,33
reut2-016.sgm-127.txt,0.0,normal,true,10
reut2-016.sgm-127.txt,0.0,tfidf,false,32
reut2-016.sgm-127.txt,0.0,tfidf,true,32
reut2-016.sgm-129.txt,0.0,binary,false,13
reut2-016.sgm-129.txt,0.0,binary,true,13
reut2-016.sgm-129.txt,0.0,count,false,13
reut2-016.sgm-129.txt,0.0,count,true,13
reut2-016.sgm-129.txt,0.0,gfidf,false,13
reut2-016.sgm-129.txt,0.0,gfidf,true,13
reut2-016.sgm-129.txt,0.0,idf,false,13
reut2-016.sgm-129.txt,0.0,idf,true,13
reut2-016.sgm-129.txt,0.0,logEntropy,false,13
reut2-016.sgm-129.txt,0.0,logEntropy,true,13
reut2-016.sgm-129.txt,0.0,normal,false,11
reut2-016.sgm-129.txt,0.0,normal,true,13
reut2-016.sgm-129.txt,0.0,tfidf,false,13
reut2-016.sgm-129.txt,0.0,tfidf,true,5
reut2-016.sgm-131.txt,3.1228367286228407,binary,false,0
reut2-016.sgm-131.txt,3.1228367286228407,binary,true,0
reut2-016.sgm-131.txt,3.1228367286228407,count,false,6
reut2-016.sgm-131.txt,3.1228367286228407,count,true,2
reut2-016.sgm-131.txt,3.1228367286228407,gfidf,false,0
reut2-016.sgm-131.txt,3.1228367286228407,gfidf,true,0
reut2-016.sgm-131.txt,3.1228367286228407,idf,false,0
reut2-016.sgm-131.txt,3.1228367286228407,idf,true,0
reut2-016.sgm-131.txt,3.1228367286228407,logEntropy,false,0
reut2-016.sgm-131.txt,3.1228367286228407,logEntropy,true,0
reut2-016.sgm-131.txt,3.1228367286228407,normal,false,0
reut2-016.sgm-131.txt,3.1228367286228407,normal,true,0
reut2-016.sgm-131.txt,3.1228367286228407,tfidf,false,6
reut2-016.sgm-131.txt,3.1228367286228407,tfidf,true,4
reut2-016.sgm-138.txt,0.0,binary,false,10
reut2-016.sgm-138.txt,0.0,binary,true,15
reut2-016.sgm-138.txt,0.0,count,false,15
reut2-016.sgm-138.txt,0.0,count,true,11
reut2-016.sgm-138.txt,0.0,gfidf,false,15
reut2-016.sgm-138.txt,0.0,gfidf,true,15
reut2-016.sgm-138.txt,0.0,idf,false,15
reut2-016.sgm-138.txt,0.0,idf,true,15
reut2-016.sgm-138.txt,0.0,logEntropy,false,15
reut2-016.sgm-138.txt,0.0,logEntropy,true,15
reut2-016.sgm-138.txt,0.0,normal,false,10
reut2-016.sgm-138.txt,0.0,normal,true,1
reut2-016.sgm-138.txt,0.0,tfidf,false,15
reut2-016.sgm-138.txt,0.0,tfidf,true,15
reut2-016.sgm-153.txt,0.0,binary,false,33
reut2-016.sgm-153.txt,0.0,binary,true,4
reut2-016.sgm-153.txt,0.0,count,false,0
reut2-016.sgm-153.txt,0.0,count,true,0
reut2-016.sgm-153.txt,0.0,gfidf,false,33
reut2-016.sgm-153.txt,0.0,gfidf,true,4
reut2-016.sgm-153.txt,0.0,idf,false,2
reut2-016.sgm-153.txt,0.0,idf,true,4
reut2-016.sgm-153.txt,0.0,logEntropy,false,0
reut2-016.sgm-153.txt,0.0,logEntropy,true,0
reut2-016.sgm-153.txt,0.0,normal,false,0
reut2-016.sgm-153.txt,0.0,normal,true,0
reut2-016.sgm-153.txt,0.0,tfidf,false,2
reut2-016.sgm-153.txt,0.0,tfidf,true,24
reut2-016.sgm-157.txt,0.0,binary,false,18
reut2-016.sgm-157.txt,0.0,binary,true,18
reut2-016.sgm-157.txt,0.0,count,false,30
reut2-016.sgm-157.txt,0.0,count,true,30
reut2-016.sgm-157.txt,0.0,gfidf,false,30
reut2-016.sgm-157.txt,0.0,gfidf,true,30
reut2-016.sgm-157.txt,0.0,idf,false,0
reut2-016.sgm-157.txt,0.0,idf,true,26
reut2-016.sgm-157.txt,0.0,logEntropy,false,30
reut2-016.sgm-157.txt,0.0,logEntropy,true,30
reut2-016.sgm-157.txt,0.0,normal,false,18
reut2-016.sgm-157.txt,0.0,normal,true,18
reut2-016.sgm-157.txt,0.0,tfidf,false,26
reut2-016.sgm-157.txt,0.0,tfidf,true,26
reut2-016.sgm-162.txt,0.0,binary,false,1
reut2-016.sgm-162.txt,0.0,binary,true,1
reut2-016.sgm-162.txt,0.0,count,false,1
reut2-016.sgm-162.txt,0.0,count,true,1
reut2-016.sgm-162.txt,0.0,gfidf,false,1
reut2-016.sgm-162.txt,0.0,gfidf,true,1
reut2-016.sgm-162.txt,0.0,idf,false,8
reut2-016.sgm-162.txt,0.0,idf,true,1
reut2-016.sgm-162.txt,0.0,logEntropy,false,1
reut2-016.sgm-162.txt,0.0,logEntropy,true,1
reut2-016.sgm-162.txt,0.0,normal,false,1
reut2-016.sgm-162.txt,0.0,normal,true,1
reut2-016.sgm-162.txt,0.0,tfidf,false,8
reut2-016.sgm-162.txt,0.0,tfidf,true,8
reut2-016.sgm-167.txt,3.3876279601929054,binary,false,0
reut2-016.sgm-167.txt,3.3876279601929054,binary,true,0
reut2-016.sgm-167.txt,3.3876279601929054,count,false,0
reut2-016.sgm-167.txt,3.3876279601929054,count,true,0
reut2-016.sgm-167.txt,3.3876279601929054,gfidf,false,0
reut2-016.sgm-167.txt,3.3876279601929054,gfidf,true,0
reut2-016.sgm-167.txt,3.3876279601929054,idf,false,6
reut2-016.sgm-167.txt,3.3876279601929054,idf,true,0
reut2-016.sgm-167.txt,3.3876279601929054,logEntropy,false,0
reut2-016.sgm-167.txt,3.3876279601929054,logEntropy,true,0
reut2-016.sgm-167.txt,3.3876279601929054,normal,false,11
reut2-016.sgm-167.txt,3.3876279601929054,normal,true,0
reut2-016.sgm-167.txt,3.3876279601929054,tfidf,false,6
reut2-016.sgm-167.txt,3.3876279601929054,tfidf,true,0
reut2-016.sgm-17.txt,0.0,binary,false,12
reut2-016.sgm-17.txt,0.0,binary,true,12
reut2-016.sgm-17.txt,0.0,count,false,8
reut2-016.sgm-17.txt,0.0,count,true,8
reut2-016.sgm-17.txt,0.0,gfidf,false,8
reut2-016.sgm-17.txt,0.0,gfidf,true,8
reut2-016.sgm-17.txt,0.0,idf,false,12
reut2-016.sgm-17.txt,0.0,idf,true,12
reut2-016.sgm-17.txt,0.0,logEntropy,false,8
reut2-016.sgm-17.txt,0.0,logEntropy,true,8
reut2-016.sgm-17.txt,0.0,normal,false,4
reut2-016.sgm-17.txt,0.0,normal,true,8
reut2-016.sgm-17.txt,0.0,tfidf,false,8
reut2-016.sgm-17.txt,0.0,tfidf,true,8
reut2-016.sgm-170.txt,0.0,binary,false,12
reut2-016.sgm-170.txt,0.0,binary,true,12
reut2-016.sgm-170.txt,0.0,count,false,18
reut2-016.sgm-170.txt,0.0,count,true,18
reut2-016.sgm-170.txt,0.0,gfidf,false,18
reut2-016.sgm-170.txt,0.0,gfidf,true,18
reut2-016.sgm-170.txt,0.0,idf,false,14
reut2-016.sgm-170.txt,0.0,idf,true,14
reut2-016.sgm-170.txt,0.0,logEntropy,false,12
reut2-016.sgm-170.txt,0.0,logEntropy,true,18
reut2-016.sgm-170.txt,0.0,normal,false,0
reut2-016.sgm-170.txt,0.0,normal,true,0
reut2-016.sgm-170.txt,0.0,tfidf,false,18
reut2-016.sgm-170.txt,0.0,tfidf,true,18
reut2-016.sgm-175.txt,0.0,binary,false,14
reut2-016.sgm-175.txt,0.0,binary,true,14
reut2-016.sgm-175.txt,0.0,count,false,10
reut2-016.sgm-175.txt,0.0,count,true,10
reut2-016.sgm-175.txt,0.0,gfidf,false,10
reut2-016.sgm-175.txt,0.0,gfidf,true,10
reut2-016.sgm-175.txt,0.0,idf,false,14
reut2-016.sgm-175.txt,0.0,idf,true,14
reut2-016.sgm-175.txt,0.0,logEntropy,false,10
reut2-016.sgm-175.txt,0.0,logEntropy,true,10
reut2-016.sgm-175.txt,0.0,normal,false,10
reut2-016.sgm-175.txt,0.0,normal,true,8
reut2-016.sgm-175.txt,0.0,tfidf,false,10
reut2-016.sgm-175.txt,0.0,tfidf,true,10
reut2-016.sgm-182.txt,3.1228367286228407,binary,false,0
reut2-016.sgm-182.txt,3.1228367286228407,binary,true,0
reut2-016.sgm-182.txt,3.1228367286228407,count,false,6
reut2-016.sgm-182.txt,3.1228367286228407,count,true,2
reut2-016.sgm-182.txt,3.1228367286228407,gfidf,false,0
reut2-016.sgm-182.txt,3.1228367286228407,gfidf,true,0
reut2-016.sgm-182.txt,3.1228367286228407,idf,false,0
reut2-016.sgm-182.txt,3.1228367286228407,idf,true,0
reut2-016.sgm-182.txt,3.1228367286228407,logEntropy,false,0
reut2-016.sgm-182.txt,3.1228367286228407,logEntropy,true,0
reut2-016.sgm-182.txt,3.1228367286228407,normal,false,0
reut2-016.sgm-182.txt,3.1228367286228407,normal,true,0
reut2-016.sgm-182.txt,3.1228367286228407,tfidf,false,6
reut2-016.sgm-182.txt,3.1228367286228407,tfidf,true,4
reut2-016.sgm-189.txt,0.0,binary,false,27
reut2-016.sgm-189.txt,0.0,binary,true,27
reut2-016.sgm-189.txt,0.0,count,false,27
reut2-016.sgm-189.txt,0.0,count,true,27
reut2-016.sgm-189.txt,0.0,gfidf,false,27
reut2-016.sgm-189.txt,0.0,gfidf,true,27
reut2-016.sgm-189.txt,0.0,idf,false,29
reut2-016.sgm-189.txt,0.0,idf,true,29
reut2-016.sgm-189.txt,0.0,logEntropy,false,27
reut2-016.sgm-189.txt,0.0,logEntropy,true,27
reut2-016.sgm-189.txt,0.0,normal,false,27
reut2-016.sgm-189.txt,0.0,normal,true,0
reut2-016.sgm-189.txt,0.0,tfidf,false,27
reut2-016.sgm-189.txt,0.0,tfidf,true,27
reut2-016.sgm-197.txt,0.0,binary,false,0
reut2-016.sgm-197.txt,0.0,binary,true,10
reut2-016.sgm-197.txt,0.0,count,false,12
reut2-016.sgm-197.txt,0.0,count,true,10
reut2-016.sgm-197.txt,0.0,gfidf,false,0
reut2-016.sgm-197.txt,0.0,gfidf,true,10
reut2-016.sgm-197.txt,0.0,idf,false,0
reut2-016.sgm-197.txt,0.0,idf,true,14
reut2-016.sgm-197.txt,0.0,logEntropy,false,0
reut2-016.sgm-197.txt,0.0,logEntropy,true,10
reut2-016.sgm-197.txt,0.0,normal,false,0
reut2-016.sgm-197.txt,0.0,normal,true,0
reut2-016.sgm-197.txt,0.0,tfidf,false,12
reut2-016.sgm-197.txt,0.0,tfidf,true,14
reut2-016.sgm-199.txt,0.0,binary,false,1
reut2-016.sgm-199.txt,0.0,binary,true,2
reut2-016.sgm-199.txt,0.0,count,false,10
reut2-016.sgm-199.txt,0.0,count,true,2
reut2-016.sgm-199.txt,0.0,gfidf,false,1
reut2-016.sgm-199.txt,0.0,gfidf,true,2
reut2-016.sgm-199.txt,0.0,idf,false,1
reut2-016.sgm-199.txt,0.0,idf,true,2
reut2-016.sgm-199.txt,0.0,logEntropy,false,1
reut2-016.sgm-199.txt,0.0,logEntropy,true,2
reut2-016.sgm-199.txt,0.0,normal,false,1
reut2-016.sgm-199.txt,0.0,normal,true,2
reut2-016.sgm-199.txt,0.0,tfidf,false,10
reut2-016.sgm-199.txt,0.0,tfidf,true,20
reut2-016.sgm-213.txt,0.0,binary,false,14
reut2-016.sgm-213.txt,0.0,binary,true,14
reut2-016.sgm-213.txt,0.0,count,false,14
reut2-016.sgm-213.txt,0.0,count,true,14
reut2-016.sgm-213.txt,0.0,gfidf,false,14
reut2-016.sgm-213.txt,0.0,gfidf,true,14
reut2-016.sgm-213.txt,0.0,idf,false,14
reut2-016.sgm-213.txt,0.0,idf,true,14
reut2-016.sgm-213.txt,0.0,logEntropy,false,14
reut2-016.sgm-213.txt,0.0,logEntropy,true,14
reut2-016.sgm-213.txt,0.0,normal,false,14
reut2-016.sgm-213.txt,0.0,normal,true,14
reut2-016.sgm-213.txt,0.0,tfidf,false,14
reut2-016.sgm-213.txt,0.0,tfidf,true,14
reut2-016.sgm-214.txt,0.0,binary,false,13
reut2-016.sgm-214.txt,0.0,binary,true,13
reut2-016.sgm-214.txt,0.0,count,false,13
reut2-016.sgm-214.txt,0.0,count,true,13
reut2-016.sgm-214.txt,0.0,gfidf,false,13
reut2-016.sgm-214.txt,0.0,gfidf,true,13
reut2-016.sgm-214.txt,0.0,idf,false,13
reut2-016.sgm-214.txt,0.0,idf,true,13
reut2-016.sgm-214.txt,0.0,logEntropy,false,13
reut2-016.sgm-214.txt,0.0,logEntropy,true,13
reut2-016.sgm-214.txt,0.0,normal,false,11
reut2-016.sgm-214.txt,0.0,normal,true,13
reut2-016.sgm-214.txt,0.0,tfidf,false,13
reut2-016.sgm-214.txt,0.0,tfidf,true,5
reut2-016.sgm-215.txt,0.0,binary,false,16
reut2-016.sgm-215.txt,0.0,binary,true,8
reut2-016.sgm-215.txt,0.0,count,false,15
reut2-016.sgm-215.txt,0.0,count,true,15
reut2-016.sgm-215.txt,0.0,gfidf,false,15
reut2-016.sgm-215.txt,0.0,gfidf,true,15
reut2-016.sgm-215.txt,0.0,idf,false,15
reut2-016.sgm-215.txt,0.0,idf,true,15
reut2-016.sgm-215.txt,0.0,logEntropy,false,15
reut2-016.sgm-215.txt,0.0,logEntropy,true,15
reut2-016.sgm-215.txt,0.0,normal,false,16
reut2-016.sgm-215.txt,0.0,normal,true,8
reut2-016.sgm-215.txt,0.0,tfidf,false,15
reut2-016.sgm-215.txt,0.0,tfidf,true,15
reut2-016.sgm-219.txt,0.0,binary,false,11
reut2-016.sgm-219.txt,0.0,binary,true,11
reut2-016.sgm-219.txt,0.0,count,false,11
reut2-016.sgm-219.txt,0.0,count,true,11
reut2-016.sgm-219.txt,0.0,gfidf,false,11
reut2-016.sgm-219.txt,0.0,gfidf,true,11
reut2-016.sgm-219.txt,0.0,idf,false,11
reut2-016.sgm-219.txt,0.0,idf,true,11
reut2-016.sgm-219.txt,0.0,logEntropy,false,11
reut2-016.sgm-219.txt,0.0,logEntropy,true,11
reut2-016.sgm-219.txt,0.0,normal,false,4
reut2-016.sgm-219.txt,0.0,normal,true,4
reut2-016.sgm-219.txt,0.0,tfidf,false,11
reut2-016.sgm-219.txt,0.0,tfidf,true,11
reut2-016.sgm-225.txt,2.0,binary,false,1
reut2-016.sgm-225.txt,2.0,binary,true,1
reut2-016.sgm-225.txt,2.0,count,false,1
reut2-016.sgm-225.txt,2.0,count,true,1
reut2-016.sgm-225.txt,2.0,gfidf,false,1
reut2-016.sgm-225.txt,2.0,gfidf,true,1
reut2-016.sgm-225.txt,2.0,idf,false,1
reut2-016.sgm-225.txt,2.0,idf,true,1
reut2-016.sgm-225.txt,2.0,logEntropy,false,1
reut2-016.sgm-225.txt,2.0,logEntropy,true,1
reut2-016.sgm-225.txt,2.0,normal,false,1
reut2-016.sgm-225.txt,2.0,normal,true,1
reut2-016.sgm-225.txt,2.0,tfidf,false,1
reut2-016.sgm-225.txt,2.0,tfidf,true,1
reut2-016.sgm-248.txt,0.0,binary,false,19
reut2-016.sgm-248.txt,0.0,binary,true,19
reut2-016.sgm-248.txt,0.0,count,false,19
reut2-016.sgm-248.txt,0.0,count,true,19
reut2-016.sgm-248.txt,0.0,gfidf,false,19
reut2-016.sgm-248.txt,0.0,gfidf,true,19
reut2-016.sgm-248.txt,0.0,idf,false,19
reut2-016.sgm-248.txt,0.0,idf,true,11
reut2-016.sgm-248.txt,0.0,logEntropy,false,19
reut2-016.sgm-248.txt,0.0,logEntropy,true,19
reut2-016.sgm-248.txt,0.0,normal,false,16
reut2-016.sgm-248.txt,0.0,normal,true,16
reut2-016.sgm-248.txt,0.0,tfidf,false,19
reut2-016.sgm-248.txt,0.0,tfidf,true,11
reut2-016.sgm-267.txt,0.0,binary,false,10
reut2-016.sgm-267.txt,0.0,binary,true,10
reut2-016.sgm-267.txt,0.0,count,false,10
reut2-016.sgm-267.txt,0.0,count,true,10
reut2-016.sgm-267.txt,0.0,gfidf,false,10
reut2-016.sgm-267.txt,0.0,gfidf,true,10
reut2-016.sgm-267.txt,0.0,idf,false,10
reut2-016.sgm-267.txt,0.0,idf,true,10
reut2-016.sgm-267.txt,0.0,logEntropy,false,10
reut2-016.sgm-267.txt,0.0,logEntropy,true,10
reut2-016.sgm-267.txt,0.0,normal,false,8
reut2-016.sgm-267.txt,0.0,normal,true,8
reut2-016.sgm-267.txt,0.0,tfidf,false,10
reut2-016.sgm-267.txt,0.0,tfidf,true,10
reut2-016.sgm-27.txt,0.0,binary,false,9
reut2-016.sgm-27.txt,0.0,binary,true,0
reut2-016.sgm-27.txt,0.0,count,false,6
reut2-016.sgm-27.txt,0.0,count,true,6
reut2-016.sgm-27.txt,0.0,gfidf,false,9
reut2-016.sgm-27.txt,0.0,gfidf,true,9
reut2-016.sgm-27.txt,0.0,idf,false,9
reut2-016.sgm-27.txt,0.0,idf,true,9
reut2-016.sgm-27.txt,0.0,logEntropy,false,0
reut2-016.sgm-27.txt,0.0,logEntropy,true,0
reut2-016.sgm-27.txt,0.0,normal,false,0
reut2-016.sgm-27.txt,0.0,normal,true,0
reut2-016.sgm-27.txt,0.0,tfidf,false,29
reut2-016.sgm-27.txt,0.0,tfidf,true,9
reut2-016.sgm-277.txt,0.0,binary,false,5
reut2-016.sgm-277.txt,0.0,binary,true,5
reut2-016.sgm-277.txt,0.0,count,false,3
reut2-016.sgm-277.txt,0.0,count,true,3
reut2-016.sgm-277.txt,0.0,gfidf,false,3
reut2-016.sgm-277.txt,0.0,gfidf,true,3
reut2-016.sgm-277.txt,0.0,idf,false,5
reut2-016.sgm-277.txt,0.0,idf,true,5
reut2-016.sgm-277.txt,0.0,logEntropy,false,3
reut2-016.sgm-277.txt,0.0,logEntropy,true,3
reut2-016.sgm-277.txt,0.0,normal,false,6
reut2-016.sgm-277.txt,0.0,normal,true,6
reut2-016.sgm-277.txt,0.0,tfidf,false,5
reut2-016.sgm-277.txt,0.0,tfidf,true,3
reut2-016.sgm-291.txt,0.0,binary,false,1
reut2-016.sgm-291.txt,0.0,binary,true,21
reut2-016.sgm-291.txt,0.0,count,false,25
reut2-016.sgm-291.txt,0.0,count,true,18
reut2-016.sgm-291.txt,0.0,gfidf,false,1
reut2-016.sgm-291.txt,0.0,gfidf,true,21
reut2-016.sgm-291.txt,0.0,idf,false,21
reut2-016.sgm-291.txt,0.0,idf,true,21
reut2-016.sgm-291.txt,0.0,logEntropy,false,18
reut2-016.sgm-291.txt,0.0,logEntropy,true,18
reut2-016.sgm-291.txt,0.0,normal,false,0
reut2-016.sgm-291.txt,0.0,normal,true,0
reut2-016.sgm-291.txt,0.0,tfidf,false,21
reut2-016.sgm-291.txt,0.0,tfidf,true,21
reut2-016.sgm-305.txt,0.0,binary,false,6
reut2-016.sgm-305.txt,0.0,binary,true,6
reut2-016.sgm-305.txt,0.0,count,false,6
reut2-016.sgm-305.txt,0.0,count,true,6
reut2-016.sgm-305.txt,0.0,gfidf,false,6
reut2-016.sgm-305.txt,0.0,gfidf,true,6
reut2-016.sgm-305.txt,0.0,idf,false,6
reut2-016.sgm-305.txt,0.0,idf,true,6
reut2-016.sgm-305.txt,0.0,logEntropy,false,6
reut2-016.sgm-305.txt,0.0,logEntropy,true,6
reut2-016.sgm-305.txt,0.0,normal,false,6
reut2-016.sgm-305.txt,0.0,normal,true,6
reut2-016.sgm-305.txt,0.0,tfidf,false,6
reut2-016.sgm-305.txt,0.0,tfidf,true,6
reut2-016.sgm-331.txt,4.050519364248584,binary,false,0
reut2-016.sgm-331.txt,4.050519364248584,binary,true,0
reut2-016.sgm-331.txt,4.050519364248584,count,false,0
reut2-016.sgm-331.txt,4.050519364248584,count,true,0
reut2-016.sgm-331.txt,4.050519364248584,gfidf,false,0
reut2-016.sgm-331.txt,4.050519364248584,gfidf,true,0
reut2-016.sgm-331.txt,4.050519364248584,idf,false,14
reut2-016.sgm-331.txt,4.050519364248584,idf,true,0
reut2-016.sgm-331.txt,4.050519364248584,logEntropy,false,0
reut2-016.sgm-331.txt,4.050519364248584,logEntropy,true,0
reut2-016.sgm-331.txt,4.050519364248584,normal,false,0
reut2-016.sgm-331.txt,4.050519364248584,normal,true,0
reut2-016.sgm-331.txt,4.050519364248584,tfidf,false,14
reut2-016.sgm-331.txt,4.050519364248584,tfidf,true,0
reut2-016.sgm-351.txt,0.0,binary,false,4
reut2-016.sgm-351.txt,0.0,binary,true,4
reut2-016.sgm-351.txt,0.0,count,false,4
reut2-016.sgm-351.txt,0.0,count,true,4
reut2-016.sgm-351.txt,0.0,gfidf,false,4
reut2-016.sgm-351.txt,0.0,gfidf,true,4
reut2-016.sgm-351.txt,0.0,idf,false,4
reut2-016.sgm-351.txt,0.0,idf,true,4
reut2-016.sgm-351.txt,0.0,logEntropy,false,4
reut2-016.sgm-351.txt,0.0,logEntropy,true,4
reut2-016.sgm-351.txt,0.0,normal,false,4
reut2-016.sgm-351.txt,0.0,normal,true,4
reut2-016.sgm-351.txt,0.0,tfidf,false,4
reut2-016.sgm-351.txt,0.0,tfidf,true,4
reut2-016.sgm-356.txt,0.0,binary,false,0
reut2-016.sgm-356.txt,0.0,binary,true,12
reut2-016.sgm-356.txt,0.0,count,false,0
reut2-016.sgm-356.txt,0.0,count,true,0
reut2-016.sgm-356.txt,0.0,gfidf,false,0
reut2-016.sgm-356.txt,0.0,gfidf,true,12
reut2-016.sgm-356.txt,0.0,idf,false,12
reut2-016.sgm-356.txt,0.0,idf,true,12
reut2-016.sgm-356.txt,0.0,logEntropy,false,0
reut2-016.sgm-356.txt,0.0,logEntropy,true,5
reut2-016.sgm-356.txt,0.0,normal,false,0
reut2-016.sgm-356.txt,0.0,normal,true,0
reut2-016.sgm-356.txt,0.0,tfidf,false,12
reut2-016.sgm-356.txt,0.0,tfidf,true,12
reut2-016.sgm-357.txt,0.0,binary,false,16
reut2-016.sgm-357.txt,0.0,binary,true,12
reut2-016.sgm-357.txt,0.0,count,false,16
reut2-016.sgm-357.txt,0.0,count,true,16
reut2-016.sgm-357.txt,0.0,gfidf,false,16
reut2-016.sgm-357.txt,0.0,gfidf,true,16
reut2-016.sgm-357.txt,0.0,idf,false,16
reut2-016.sgm-357.txt,0.0,idf,true,12
reut2-016.sgm-357.txt,0.0,logEntropy,false,16
reut2-016.sgm-357.txt,0.0,logEntropy,true,12
reut2-016.sgm-357.txt,0.0,normal,false,16
reut2-016.sgm-357.txt,0.0,normal,true,1
reut2-016.sgm-357.txt,0.0,tfidf,false,16
reut2-016.sgm-357.txt,0.0,tfidf,true,16
reut2-016.sgm-360.txt,3.622894657055627,binary,false,0
reut2-016.sgm-360.txt,3.622894657055627,binary,true,0
reut2-016.sgm-360.txt,3.622894657055627,count,false,0
reut2-016.sgm-360.txt,3.622894657055627,count,true,0
reut2-016.sgm-360.txt,3.622894657055627,gfidf,false,0
reut2-016.sgm-360.txt,3.622894657055627,gfidf,true,0
reut2-016.sgm-360.txt,3.622894657055627,idf,false,7
reut2-016.sgm-360.txt,3.622894657055627,idf,true,0
reut2-016.sgm-360.txt,3.622894657055627,logEntropy,false,0
reut2-016.sgm-360.txt,3.622894657055627,logEntropy,true,0
reut2-016.sgm-360.txt,3.622894657055627,normal,false,0
reut2-016.sgm-360.txt,3.622894657055627,normal,true,0
reut2-016.sgm-360.txt,3.622894657055627,tfidf,false,7
reut2-016.sgm-360.txt,3.622894657055627,tfidf,true,0
reut2-016.sgm-366.txt,0.0,binary,false,10
reut2-016.sgm-366.txt,0.0,binary,true,10
reut2-016.sgm-366.txt,0.0,count,false,15
reut2-016.sgm-366.txt,0.0,count,true,15
reut2-016.sgm-366.txt,0.0,gfidf,false,10
reut2-016.sgm-366.txt,0.0,gfidf,true,10
reut2-016.sgm-366.txt,0.0,idf,false,10
reut2-016.sgm-366.txt,0.0,idf,true,10
reut2-016.sgm-366.txt,0.0,logEntropy,false,10
reut2-016.sgm-366.txt,0.0,logEntropy,true,10
reut2-016.sgm-366.txt,0.0,normal,false,0
reut2-016.sgm-366.txt,0.0,normal,true,0
reut2-016.sgm-366.txt,0.0,tfidf,false,10
reut2-016.sgm-366.txt,0.0,tfidf,true,10
reut2-016.sgm-380.txt,0.0,binary,false,5
reut2-016.sgm-380.txt,0.0,binary,true,5
reut2-016.sgm-380.txt,0.0,count,false,13
reut2-016.sgm-380.txt,0.0,count,true,13
reut2-016.sgm-380.txt,0.0,gfidf,false,5
reut2-016.sgm-380.txt,0.0,gfidf,true,10
reut2-016.sgm-380.txt,0.0,idf,false,5
reut2-016.sgm-380.txt,0.0,idf,true,10
reut2-016.sgm-380.txt,0.0,logEntropy,false,13
reut2-016.sgm-380.txt,0.0,logEntropy,true,13
reut2-016.sgm-380.txt,0.0,normal,false,5
reut2-016.sgm-380.txt,0.0,normal,true,5
reut2-016.sgm-380.txt,0.0,tfidf,false,13
reut2-016.sgm-380.txt,0.0,tfidf,true,21
reut2-016.sgm-422.txt,0.0,binary,false,12
reut2-016.sgm-422.txt,0.0,binary,true,12
reut2-016.sgm-422.txt,0.0,count,false,12
reut2-016.sgm-422.txt,0.0,count,true,12
reut2-016.sgm-422.txt,0.0,gfidf,false,12
reut2-016.sgm-422.txt,0.0,gfidf,true,12
reut2-016.sgm-422.txt,0.0,idf,false,12
reut2-016.sgm-422.txt,0.0,idf,true,12
reut2-016.sgm-422.txt,0.0,logEntropy,false,12
reut2-016.sgm-422.txt,0.0,logEntropy,true,12
reut2-016.sgm-422.txt,0.0,normal,false,12
reut2-016.sgm-422.txt,0.0,normal,true,12
reut2-016.sgm-422.txt,0.0,tfidf,false,12
reut2-016.sgm-422.txt,0.0,tfidf,true,12
reut2-016.sgm-429.txt,1.9033903060212392,binary,false,10
reut2-016.sgm-429.txt,1.9033903060212392,binary,true,10
reut2-016.sgm-429.txt,1.9033903060212392,count,false,10
reut2-016.sgm-429.txt,1.9033903060212392,count,true,10
reut2-016.sgm-429.txt,1.9033903060212392,gfidf,false,10
reut2-016.sgm-429.txt,1.9033903060212392,gfidf,true,10
reut2-016.sgm-429.txt,1.9033903060212392,idf,false,10
reut2-016.sgm-429.txt,1.9033903060212392,idf,true,0
reut2-016.sgm-429.txt,1.9033903060212392,logEntropy,false,10
reut2-016.sgm-429.txt,1.9033903060212392,logEntropy,true,10
reut2-016.sgm-429.txt,1.9033903060212392,normal,false,10
reut2-016.sgm-429.txt,1.9033903060212392,normal,true,10
reut2-016.sgm-429.txt,1.9033903060212392,tfidf,false,10
reut2-016.sgm-429.txt,1.9033903060212392,tfidf,true,7
reut2-016.sgm-442.txt,3.054143030602521,binary,false,2
reut2-016.sgm-442.txt,3.054143030602521,binary,true,0
reut2-016.sgm-442.txt,3.054143030602521,count,false,0
reut2-016.sgm-442.txt,3.054143030602521,count,true,0
reut2-016.sgm-442.txt,3.054143030602521,gfidf,false,0
reut2-016.sgm-442.txt,3.054143030602521,gfidf,true,0
reut2-016.sgm-442.txt,3.054143030602521,idf,false,4
reut2-016.sgm-442.txt,3.054143030602521,idf,true,4
reut2-016.sgm-442.txt,3.054143030602521,logEntropy,false,0
reut2-016.sgm-442.txt,3.054143030602521,logEntropy,true,1
reut2-016.sgm-442.txt,3.054143030602521,normal,false,2
reut2-016.sgm-442.txt,3.054143030602521,normal,true,2
reut2-016.sgm-442.txt,3.054143030602521,tfidf,false,0
reut2-016.sgm-442.txt,3.054143030602521,tfidf,true,0
reut2-016.sgm-5.txt,0.0,binary,false,12
reut2-016.sgm-5.txt,0.0,binary,true,7
reut2-016.sgm-5.txt,0.0,count,false,12
reut2-016.sgm-5.txt,0.0,count,true,7
reut2-016.sgm-5.txt,0.0,gfidf,false,12
reut2-016.sgm-5.txt,0.0,gfidf,true,12
reut2-016.sgm-5.txt,0.0,idf,false,12
reut2-016.sgm-5.txt,0.0,idf,true,7
reut2-016.sgm-5.txt,0.0,logEntropy,false,12
reut2-016.sgm-5.txt,0.0,logEntropy,true,7
reut2-016.sgm-5.txt,0.0,normal,false,4
reut2-016.sgm-5.txt,0.0,normal,true,4
reut2-016.sgm-5.txt,0.0,tfidf,false,12
reut2-016.sgm-5.txt,0.0,tfidf,true,14
reut2-016.sgm-50.txt,2.320258772320326,binary,false,4
reut2-016.sgm-50.txt,2.320258772320326,binary,true,0
reut2-016.sgm-50.txt,2.320258772320326,count,false,4
reut2-016.sgm-50.txt,2.320258772320326,count,true,4
reut2-016.sgm-50.txt,2.320258772320326,gfidf,false,0
reut2-016.sgm-50.txt,2.320258772320326,gfidf,true,0
reut2-016.sgm-50.txt,2.320258772320326,idf,false,3
reut2-016.sgm-50.txt,2.320258772320326,idf,true,0
reut2-016.sgm-50.txt,2.320258772320326,logEntropy,false,4
reut2-016.sgm-50.txt,2.320258772320326,logEntropy,true,0
reut2-016.sgm-50.txt,2.320258772320326,normal,false,4
reut2-016.sgm-50.txt,2.320258772320326,normal,true,4
reut2-016.sgm-50.txt,2.320258772320326,tfidf,false,10
reut2-016.sgm-50.txt,2.320258772320326,tfidf,true,0
reut2-016.sgm-500.txt,0.0,binary,false,3
reut2-016.sgm-500.txt,0.0,binary,true,3
reut2-016.sgm-500.txt,0.0,count,false,8
reut2-016.sgm-500.txt,0.0,count,true,8
reut2-016.sgm-500.txt,0.0,gfidf,false,3
reut2-016.sgm-500.txt,0.0,gfidf,true,23
reut2-016.sgm-500.txt,0.0,idf,false,3
reut2-016.sgm-500.txt,0.0,idf,true,3
reut2-016.sgm-500.txt,0.0,logEntropy,false,3
reut2-016.sgm-500.txt,0.0,logEntropy,true,8
reut2-016.sgm-500.txt,0.0,normal,false,8
reut2-016.sgm-500.txt,0.0,normal,true,27
reut2-016.sgm-500.txt,0.0,tfidf,false,23
reut2-016.sgm-500.txt,0.0,tfidf,true,23
reut2-016.sgm-512.txt,0.0,binary,false,25
reut2-016.sgm-512.txt,0.0,binary,true,25
reut2-016.sgm-512.txt,0.0,count,false,25
reut2-016.sgm-512.txt,0.0,count,true,25
reut2-016.sgm-512.txt,0.0,gfidf,false,25
reut2-016.sgm-512.txt,0.0,gfidf,true,25
reut2-016.sgm-512.txt,0.0,idf,false,25
reut2-016.sgm-512.txt,0.0,idf,true,25
reut2-016.sgm-512.txt,0.0,logEntropy,false,25
reut2-016.sgm-512.txt,0.0,logEntropy,true,25
reut2-016.sgm-512.txt,0.0,normal,false,0
reut2-016.sgm-512.txt,0.0,normal,true,13
reut2-016.sgm-512.txt,0.0,tfidf,false,25
reut2-016.sgm-512.txt,0.0,tfidf,true,25
reut2-016.sgm-52.txt,0.0,binary,false,15
reut2-016.sgm-52.txt,0.0,binary,true,17
reut2-016.sgm-52.txt,0.0,count,false,15
reut2-016.sgm-52.txt,0.0,count,true,17
reut2-016.sgm-52.txt,0.0,gfidf,false,15
reut2-016.sgm-52.txt,0.0,gfidf,true,17
reut2-016.sgm-52.txt,0.0,idf,false,15
reut2-016.sgm-52.txt,0.0,idf,true,17
reut2-016.sgm-52.txt,0.0,logEntropy,false,15
reut2-016.sgm-52.txt,0.0,logEntropy,true,17
reut2-016.sgm-52.txt,0.0,normal,false,0
reut2-016.sgm-52.txt,0.0,normal,true,0
reut2-016.sgm-52.txt,0.0,tfidf,false,15
reut2-016.sgm-52.txt,0.0,tfidf,true,17
reut2-016.sgm-557.txt,0.0,binary,false,7
reut2-016.sgm-557.txt,0.0,binary,true,7
reut2-016.sgm-557.txt,0.0,count,false,3
reut2-016.sgm-557.txt,0.0,count,true,6
reut2-016.sgm-557.txt,0.0,gfidf,false,3
reut2-016.sgm-557.txt,0.0,gfidf,true,3
reut2-016.sgm-557.txt,0.0,idf,false,7
reut2-016.sgm-557.txt,0.0,idf,true,7
reut2-016.sgm-557.txt,0.0,logEntropy,false,3
reut2-016.sgm-557.txt,0.0,logEntropy,true,7
reut2-016.sgm-557.txt,0.0,normal,false,3
reut2-016.sgm-557.txt,0.0,normal,true,6
reut2-016.sgm-557.txt,0.0,tfidf,false,8
reut2-016.sgm-557.txt,0.0,tfidf,true,8
reut2-016.sgm-561.txt,0.0,binary,false,34
reut2-016.sgm-561.txt,0.0,binary,true,34
reut2-016.sgm-561.txt,0.0,count,false,4
reut2-016.sgm-561.txt,0.0,count,true,34
reut2-016.sgm-561.txt,0.0,gfidf,false,34
reut2-016.sgm-561.txt,0.0,gfidf,true,34
reut2-016.sgm-561.txt,0.0,idf,false,34
reut2-016.sgm-561.txt,0.0,idf,true,34
reut2-016.sgm-561.txt,0.0,logEntropy,false,34
reut2-016.sgm-561.txt,0.0,logEntropy,true,34
reut2-016.sgm-561.txt,0.0,normal,false,4
reut2-016.sgm-561.txt,0.0,normal,true,4
reut2-016.sgm-561.txt,0.0,tfidf,false,3
reut2-016.sgm-561.txt,0.0,tfidf,true,3
reut2-016.sgm-563.txt,0.0,binary,false,15
reut2-016.sgm-563.txt,0.0,binary,true,16
reut2-016.sgm-563.txt,0.0,count,false,15
reut2-016.sgm-563.txt,0.0,count,true,15
reut2-016.sgm-563.txt,0.0,gfidf,false,15
reut2-016.sgm-563.txt,0.0,gfidf,true,16
reut2-016.sgm-563.txt,0.0,idf,false,15
reut2-016.sgm-563.txt,0.0,idf,true,16
reut2-016.sgm-563.txt,0.0,logEntropy,false,15
reut2-016.sgm-563.txt,0.0,logEntropy,true,15
reut2-016.sgm-563.txt,0.0,normal,false,15
reut2-016.sgm-563.txt,0.0,normal,true,5
reut2-016.sgm-563.txt,0.0,tfidf,false,5
reut2-016.sgm-563.txt,0.0,tfidf,true,16
reut2-016.sgm-564.txt,0.0,binary,false,11
reut2-016.sgm-564.txt,0.0,binary,true,11
reut2-016.sgm-564.txt,0.0,count,false,5
reut2-016.sgm-564.txt,0.0,count,true,5
reut2-016.sgm-564.txt,0.0,gfidf,false,11
reut2-016.sgm-564.txt,0.0,gfidf,true,1
reut2-016.sgm-564.txt,0.0,idf,false,11
reut2-016.sgm-564.txt,0.0,idf,true,11
reut2-016.sgm-564.txt,0.0,logEntropy,false,11
reut2-016.sgm-564.txt,0.0,logEntropy,true,1
reut2-016.sgm-564.txt,0.0,normal,false,1
reut2-016.sgm-564.txt,0.0,normal,true,1
reut2-016.sgm-564.txt,0.0,tfidf,false,11
reut2-016.sgm-564.txt,0.0,tfidf,true,11
reut2-016.sgm-595.txt,0.0,binary,false,4
reut2-016.sgm-595.txt,0.0,binary,true,14
reut2-016.sgm-595.txt,0.0,count,false,13
reut2-016.sgm-595.txt,0.0,count,true,13
reut2-016.sgm-595.txt,0.0,gfidf,false,13
reut2-016.sgm-595.txt,0.0,gfidf,true,14
reut2-016.sgm-595.txt,0.0,idf,false,4
reut2-016.sgm-595.txt,0.0,idf,true,14
reut2-016.sgm-595.txt,0.0,logEntropy,false,13
reut2-016.sgm-595.txt,0.0,logEntropy,true,14
reut2-016.sgm-595.txt,0.0,normal,false,13
reut2-016.sgm-595.txt,0.0,normal,true,14
reut2-016.sgm-595.txt,0.0,tfidf,false,13
reut2-016.sgm-595.txt,0.0,tfidf,true,14
reut2-016.sgm-61.txt,0.0,binary,false,15
reut2-016.sgm-61.txt,0.0,binary,true,15
reut2-016.sgm-61.txt,0.0,count,false,12
reut2-016.sgm-61.txt,0.0,count,true,12
reut2-016.sgm-61.txt,0.0,gfidf,false,15
reut2-016.sgm-61.txt,0.0,gfidf,true,15
reut2-016.sgm-61.txt,0.0,idf,false,15
reut2-016.sgm-61.txt,0.0,idf,true,2
reut2-016.sgm-61.txt,0.0,logEntropy,false,15
reut2-016.sgm-61.txt,0.0,logEntropy,true,12
reut2-016.sgm-61.txt,0.0,normal,false,15
reut2-016.sgm-61.txt,0.0,normal,true,15
reut2-016.sgm-61.txt,0.0,tfidf,false,18
reut2-016.sgm-61.txt,0.0,tfidf,true,18
reut2-016.sgm-612.txt,0.0,binary,false,5
reut2-016.sgm-612.txt,0.0,binary,true,5
reut2-016.sgm-612.txt,0.0,count,false,4
reut2-016.sgm-612.txt,0.0,count,true,19
reut2-016.sgm-612.txt,0.0,gfidf,false,5
reut2-016.sgm-612.txt,0.0,gfidf,true,5
reut2-016.sgm-612.txt,0.0,idf,false,5
reut2-016.sgm-612.txt,0.0,idf,true,5
reut2-016.sgm-612.txt,0.0,logEntropy,false,4
reut2-016.sgm-612.txt,0.0,logEntropy,true,19
reut2-016.sgm-612.txt,0.0,normal,false,8
reut2-016.sgm-612.txt,0.0,normal,true,4
reut2-016.sgm-612.txt,0.0,tfidf,false,5
reut2-016.sgm-612.txt,0.0,tfidf,true,5
reut2-016.sgm-629.txt,1.8114473285278132,binary,false,3
reut2-016.sgm-629.txt,1.8114473285278132,binary,true,3
reut2-016.sgm-629.txt,1.8114473285278132,count,false,3
reut2-016.sgm-629.txt,1.8114473285278132,count,true,3
reut2-016.sgm-629.txt,1.8114473285278132,gfidf,false,3
reut2-016.sgm-629.txt,1.8114473285278132,gfidf,true,3
reut2-016.sgm-629.txt,1.8114473285278132,idf,false,3
reut2-016.sgm-629.txt,1.8114473285278132,idf,true,3
reut2-016.sgm-629.txt,1.8114473285278132,logEntropy,false,3
reut2-016.sgm-629.txt,1.8114473285278132,logEntropy,true,3
reut2-016.sgm-629.txt,1.8114473285278132,normal,false,3
reut2-016.sgm-629.txt,1.8114473285278132,normal,true,3
reut2-016.sgm-629.txt,1.8114473285278132,tfidf,false,16
reut2-016.sgm-629.txt,1.8114473285278132,tfidf,true,3
reut2-016.sgm-630.txt,0.0,binary,false,15
reut2-016.sgm-630.txt,0.0,binary,true,2
reut2-016.sgm-630.txt,0.0,count,false,2
reut2-016.sgm-630.txt,0.0,count,true,2
reut2-016.sgm-630.txt,0.0,gfidf,false,2
reut2-016.sgm-630.txt,0.0,gfidf,true,2
reut2-016.sgm-630.txt,0.0,idf,false,15
reut2-016.sgm-630.txt,0.0,idf,true,2
reut2-016.sgm-630.txt,0.0,logEntropy,false,2
reut2-016.sgm-630.txt,0.0,logEntropy,true,2
reut2-016.sgm-630.txt,0.0,normal,false,2
reut2-016.sgm-630.txt,0.0,normal,true,2
reut2-016.sgm-630.txt,0.0,tfidf,false,15
reut2-016.sgm-630.txt,0.0,tfidf,true,15
reut2-016.sgm-635.txt,0.0,binary,false,18
reut2-016.sgm-635.txt,0.0,binary,true,18
reut2-016.sgm-635.txt,0.0,count,false,18
reut2-016.sgm-635.txt,0.0,count,true,18
reut2-016.sgm-635.txt,0.0,gfidf,false,18
reut2-016.sgm-635.txt,0.0,gfidf,true,18
reut2-016.sgm-635.txt,0.0,idf,false,18
reut2-016.sgm-635.txt,0.0,idf,true,18
reut2-016.sgm-635.txt,0.0,logEntropy,false,18
reut2-016.sgm-635.txt,0.0,logEntropy,true,18
reut2-016.sgm-635.txt,0.0,normal,false,28
reut2-016.sgm-635.txt,0.0,normal,true,28
reut2-016.sgm-635.txt,0.0,tfidf,false,18
reut2-016.sgm-635.txt,0.0,tfidf,true,18
reut2-016.sgm-67.txt,0.0,binary,false,7
reut2-016.sgm-67.txt,0.0,binary,true,7
reut2-016.sgm-67.txt,0.0,count,false,7
reut2-016.sgm-67.txt,0.0,count,true,7
reut2-016.sgm-67.txt,0.0,gfidf,false,7
reut2-016.sgm-67.txt,0.0,gfidf,true,7
reut2-016.sgm-67.txt,0.0,idf,false,7
reut2-016.sgm-67.txt,0.0,idf,true,7
reut2-016.sgm-67.txt,0.0,logEntropy,false,7
reut2-016.sgm-67.txt,0.0,logEntropy,true,7
reut2-016.sgm-67.txt,0.0,normal,false,0
reut2-016.sgm-67.txt,0.0,normal,true,0
reut2-016.sgm-67.txt,0.0,tfidf,false,7
reut2-016.sgm-67.txt,0.0,tfidf,true,7
reut2-016.sgm-679.txt,0.0,binary,false,14
reut2-016.sgm-679.txt,0.0,binary,true,8
reut2-016.sgm-679.txt,0.0,count,false,14
reut2-016.sgm-679.txt,0.0,count,true,8
reut2-016.sgm-679.txt,0.0,gfidf,false,14
reut2-016.sgm-679.txt,0.0,gfidf,true,14
reut2-016.sgm-679.txt,0.0,idf,false,14
reut2-016.sgm-679.txt,0.0,idf,true,8
reut2-016.sgm-679.txt,0.0,logEntropy,false,14
reut2-016.sgm-679.txt,0.0,logEntropy,true,14
reut2-016.sgm-679.txt,0.0,normal,false,14
reut2-016.sgm-679.txt,0.0,normal,true,14
reut2-016.sgm-679.txt,0.0,tfidf,false,8
reut2-016.sgm-679.txt,0.0,tfidf,true,8
reut2-016.sgm-71.txt,0.0,binary,false,8
reut2-016.sgm-71.txt,0.0,binary,true,8
reut2-016.sgm-71.txt,0.0,count,false,8
reut2-016.sgm-71.txt,0.0,count,true,8
reut2-016.sgm-71.txt,0.0,gfidf,false,8
reut2-016.sgm-71.txt,0.0,gfidf,true,8
reut2-016.sgm-71.txt,0.0,idf,false,8
reut2-016.sgm-71.txt,0.0,idf,true,8
reut2-016.sgm-71.txt,0.0,logEntropy,false,8
reut2-016.sgm-71.txt,0.0,logEntropy,true,8
reut2-016.sgm-71.txt,0.0,normal,false,8
reut2-016.sgm-71.txt,0.0,normal,true,8
reut2-016.sgm-71.txt,0.0,tfidf,false,8
reut2-016.sgm-71.txt,0.0,tfidf,true,8
reut2-016.sgm-712.txt,0.0,binary,false,3
reut2-016.sgm-712.txt,0.0,binary,true,3
reut2-016.sgm-712.txt,0.0,count,false,0
reut2-016.sgm-712.txt,0.0,count,true,3
reut2-016.sgm-712.txt,0.0,gfidf,false,3
reut2-016.sgm-712.txt,0.0,gfidf,true,3
reut2-016.sgm-712.txt,0.0,idf,false,3
reut2-016.sgm-712.txt,0.0,idf,true,17
reut2-016.sgm-712.txt,0.0,logEntropy,false,0
reut2-016.sgm-712.txt,0.0,logEntropy,true,3
reut2-016.sgm-712.txt,0.0,normal,false,0
reut2-016.sgm-712.txt,0.0,normal,true,0
reut2-016.sgm-712.txt,0.0,tfidf,false,17
reut2-016.sgm-712.txt,0.0,tfidf,true,17
reut2-016.sgm-722.txt,0.0,binary,false,20
reut2-016.sgm-722.txt,0.0,binary,true,22
reut2-016.sgm-722.txt,0.0,count,false,20
reut2-016.sgm-722.txt,0.0,count,true,20
reut2-016.sgm-722.txt,0.0,gfidf,false,20
reut2-016.sgm-722.txt,0.0,gfidf,true,22
reut2-016.sgm-722.txt,0.0,idf,false,22
reut2-016.sgm-722.txt,0.0,idf,true,22
reut2-016.sgm-722.txt,0.0,logEntropy,false,20
reut2-016.sgm-722.txt,0.0,logEntropy,true,20
reut2-016.sgm-722.txt,0.0,normal,false,20
reut2-016.sgm-722.txt,0.0,normal,true,20
reut2-016.sgm-722.txt,0.0,tfidf,false,0
reut2-016.sgm-722.txt,0.0,tfidf,true,22
reut2-016.sgm-726.txt,0.0,binary,false,1
reut2-016.sgm-726.txt,0.0,binary,true,17
reut2-016.sgm-726.txt,0.0,count,false,17
reut2-016.sgm-726.txt,0.0,count,true,17
reut2-016.sgm-726.txt,0.0,gfidf,false,17
reut2-016.sgm-726.txt,0.0,gfidf,true,17
reut2-016.sgm-726.txt,0.0,idf,false,17
reut2-016.sgm-726.txt,0.0,idf,true,17
reut2-016.sgm-726.txt,0.0,logEntropy,false,17
reut2-016.sgm-726.txt,0.0,logEntropy,true,17
reut2-016.sgm-726.txt,0.0,normal,false,8
reut2-016.sgm-726.txt,0.0,normal,true,8
reut2-016.sgm-726.txt,0.0,tfidf,false,17
reut2-016.sgm-726.txt,0.0,tfidf,true,17
reut2-016.sgm-730.txt,0.0,binary,false,14
reut2-016.sgm-730.txt,0.0,binary,true,14
reut2-016.sgm-730.txt,0.0,count,false,14
reut2-016.sgm-730.txt,0.0,count,true,14
reut2-016.sgm-730.txt,0.0,gfidf,false,14
reut2-016.sgm-730.txt,0.0,gfidf,true,14
reut2-016.sgm-730.txt,0.0,idf,false,14
reut2-016.sgm-730.txt,0.0,idf,true,14
reut2-016.sgm-730.txt,0.0,logEntropy,false,14
reut2-016.sgm-730.txt,0.0,logEntropy,true,14
reut2-016.sgm-730.txt,0.0,normal,false,5
reut2-016.sgm-730.txt,0.0,normal,true,5
reut2-016.sgm-730.txt,0.0,tfidf,false,14
reut2-016.sgm-730.txt,0.0,tfidf,true,14
reut2-016.sgm-732.txt,0.0,binary,false,2
reut2-016.sgm-732.txt,0.0,binary,true,2
reut2-016.sgm-732.txt,0.0,count,false,2
reut2-016.sgm-732.txt,0.0,count,true,2
reut2-016.sgm-732.txt,0.0,gfidf,false,2
reut2-016.sgm-732.txt,0.0,gfidf,true,2
reut2-016.sgm-732.txt,0.0,idf,false,2
reut2-016.sgm-732.txt,0.0,idf,true,2
reut2-016.sgm-732.txt,0.0,logEntropy,false,2
reut2-016.sgm-732.txt,0.0,logEntropy,true,2
reut2-016.sgm-732.txt,0.0,normal,false,2
reut2-016.sgm-732.txt,0.0,normal,true,2
reut2-016.sgm-732.txt,0.0,tfidf,false,2
reut2-016.sgm-732.txt,0.0,tfidf,true,2
reut2-016.sgm-74.txt,0.0,binary,false,7
reut2-016.sgm-74.txt,0.0,binary,true,3
reut2-016.sgm-74.txt,0.0,count,false,18
reut2-016.sgm-74.txt,0.0,count,true,18
reut2-016.sgm-74.txt,0.0,gfidf,false,11
reut2-016.sgm-74.txt,0.0,gfidf,true,3
reut2-016.sgm-74.txt,0.0,idf,false,3
reut2-016.sgm-74.txt,0.0,idf,true,3
reut2-016.sgm-74.txt,0.0,logEntropy,false,11
reut2-016.sgm-74.txt,0.0,logEntropy,true,18
reut2-016.sgm-74.txt,0.0,normal,false,7
reut2-016.sgm-74.txt,0.0,normal,true,18
reut2-016.sgm-74.txt,0.0,tfidf,false,3
reut2-016.sgm-74.txt,0.0,tfidf,true,3
reut2-016.sgm-755.txt,0.0,binary,false,25
reut2-016.sgm-755.txt,0.0,binary,true,25
reut2-016.sgm-755.txt,0.0,count,false,2
reut2-016.sgm-755.txt,0.0,count,true,2
reut2-016.sgm-755.txt,0.0,gfidf,false,25
reut2-016.sgm-755.txt,0.0,gfidf,true,25
reut2-016.sgm-755.txt,0.0,idf,false,25
reut2-016.sgm-755.txt,0.0,idf,true,25
reut2-016.sgm-755.txt,0.0,logEntropy,false,2
reut2-016.sgm-755.txt,0.0,logEntropy,true,2
reut2-016.sgm-755.txt,0.0,normal,false,29
reut2-016.sgm-755.txt,0.0,normal,true,29
reut2-016.sgm-755.txt,0.0,tfidf,false,2
reut2-016.sgm-755.txt,0.0,tfidf,true,2
reut2-016.sgm-758.txt,0.0,binary,false,0
reut2-016.sgm-758.txt,0.0,binary,true,0
reut2-016.sgm-758.txt,0.0,count,false,0
reut2-016.sgm-758.txt,0.0,count,true,0
reut2-016.sgm-758.txt,0.0,gfidf,false,3
reut2-016.sgm-758.txt,0.0,gfidf,true,3
reut2-016.sgm-758.txt,0.0,idf,false,0
reut2-016.sgm-758.txt,0.0,idf,true,0
reut2-016.sgm-758.txt,0.0,logEntropy,false,3
reut2-016.sgm-758.txt,0.0,logEntropy,true,3
reut2-016.sgm-758.txt,0.0,normal,false,3
reut2-016.sgm-758.txt,0.0,normal,true,12
reut2-016.sgm-758.txt,0.0,tfidf,false,0
reut2-016.sgm-758.txt,0.0,tfidf,true,0
reut2-016.sgm-762.txt,3.06850214542336,binary,false,1
reut2-016.sgm-762.txt,3.06850214542336,binary,true,1
reut2-016.sgm-762.txt,3.06850214542336,count,false,1
reut2-016.sgm-762.txt,3.06850214542336,count,true,0
reut2-016.sgm-762.txt,3.06850214542336,gfidf,false,1
reut2-016.sgm-762.txt,3.06850214542336,gfidf,true,1
reut2-016.sgm-762.txt,3.06850214542336,idf,false,1
reut2-016.sgm-762.txt,3.06850214542336,idf,true,1
reut2-016.sgm-762.txt,3.06850214542336,logEntropy,false,1
reut2-016.sgm-762.txt,3.06850214542336,logEntropy,true,1
reut2-016.sgm-762.txt,3.06850214542336,normal,false,0
reut2-016.sgm-762.txt,3.06850214542336,normal,true,0
reut2-016.sgm-762.txt,3.06850214542336,tfidf,false,1
reut2-016.sgm-762.txt,3.06850214542336,tfidf,true,1
reut2-016.sgm-772.txt,0.0,binary,false,12
reut2-016.sgm-772.txt,0.0,binary,true,0
reut2-016.sgm-772.txt,0.0,count,false,23
reut2-016.sgm-772.txt,0.0,count,true,17
reut2-016.sgm-772.txt,0.0,gfidf,false,23
reut2-016.sgm-772.txt,0.0,gfidf,true,12
reut2-016.sgm-772.txt,0.0,idf,false,12
reut2-016.sgm-772.txt,0.0,idf,true,12
reut2-016.sgm-772.txt,0.0,logEntropy,false,23
reut2-016.sgm-772.txt,0.0,logEntropy,true,12
reut2-016.sgm-772.txt,0.0,normal,false,13
reut2-016.sgm-772.txt,0.0,normal,true,13
reut2-016.sgm-772.txt,0.0,tfidf,false,23
reut2-016.sgm-772.txt,0.0,tfidf,true,12
reut2-016.sgm-776.txt,0.0,binary,false,19
reut2-016.sgm-776.txt,0.0,binary,true,19
reut2-016.sgm-776.txt,0.0,count,false,19
reut2-016.sgm-776.txt,0.0,count,true,19
reut2-016.sgm-776.txt,0.0,gfidf,false,19
reut2-016.sgm-776.txt,0.0,gfidf,true,19
reut2-016.sgm-776.txt,0.0,idf,false,19
reut2-016.sgm-776.txt,0.0,idf,true,19
reut2-016.sgm-776.txt,0.0,logEntropy,false,19
reut2-016.sgm-776.txt,0.0,logEntropy,true,19
reut2-016.sgm-776.txt,0.0,normal,false,0
reut2-016.sgm-776.txt,0.0,normal,true,0
reut2-016.sgm-776.txt,0.0,tfidf,false,19
reut2-016.sgm-776.txt,0.0,tfidf,true,19
reut2-016.sgm-783.txt,0.0,binary,false,15
reut2-016.sgm-783.txt,0.0,binary,true,1
reut2-016.sgm-783.txt,0.0,count,false,15
reut2-016.sgm-783.txt,0.0,count,true,1
reut2-016.sgm-783.txt,0.0,gfidf,false,20
reut2-016.sgm-783.txt,0.0,gfidf,true,20
reut2-016.sgm-783.txt,0.0,idf,false,15
reut2-016.sgm-783.txt,0.0,idf,true,1
reut2-016.sgm-783.txt,0.0,logEntropy,false,15
reut2-016.sgm-783.txt,0.0,logEntropy,true,1
reut2-016.sgm-783.txt,0.0,normal,false,20
reut2-016.sgm-783.txt,0.0,normal,true,20
reut2-016.sgm-783.txt,0.0,tfidf,false,0
reut2-016.sgm-783.txt,0.0,tfidf,true,1
reut2-016.sgm-784.txt,0.0,binary,false,25
reut2-016.sgm-784.txt,0.0,binary,true,25
reut2-016.sgm-784.txt,0.0,count,false,2
reut2-016.sgm-784.txt,0.0,count,true,2
reut2-016.sgm-784.txt,0.0,gfidf,false,25
reut2-016.sgm-784.txt,0.0,gfidf,true,25
reut2-016.sgm-784.txt,0.0,idf,false,25
reut2-016.sgm-784.txt,0.0,idf,true,25
reut2-016.sgm-784.txt,0.0,logEntropy,false,2
reut2-016.sgm-784.txt,0.0,logEntropy,true,2
reut2-016.sgm-784.txt,0.0,normal,false,29
reut2-016.sgm-784.txt,0.0,normal,true,29
reut2-016.sgm-784.txt,0.0,tfidf,false,2
reut2-016.sgm-784.txt,0.0,tfidf,true,2
reut2-016.sgm-786.txt,2.6471000448465105,binary,false,0
reut2-016.sgm-786.txt,2.6471000448465105,binary,true,0
reut2-016.sgm-786.txt,2.6471000448465105,count,false,1
reut2-016.sgm-786.txt,2.6471000448465105,count,true,1
reut2-016.sgm-786.txt,2.6471000448465105,gfidf,false,0
reut2-016.sgm-786.txt,2.6471000448465105,gfidf,true,0
reut2-016.sgm-786.txt,2.6471000448465105,idf,false,0
reut2-016.sgm-786.txt,2.6471000448465105,idf,true,5
reut2-016.sgm-786.txt,2.6471000448465105,logEntropy,false,1
reut2-016.sgm-786.txt,2.6471000448465105,logEntropy,true,1
reut2-016.sgm-786.txt,2.6471000448465105,normal,false,10
reut2-016.sgm-786.txt,2.6471000448465105,normal,true,9
reut2-016.sgm-786.txt,2.6471000448465105,tfidf,false,1
reut2-016.sgm-786.txt,2.6471000448465105,tfidf,true,5
reut2-016.sgm-789.txt,3.06850214542336,binary,false,1
reut2-016.sgm-789.txt,3.06850214542336,binary,true,1
reut2-016.sgm-789.txt,3.06850214542336,count,false,1
reut2-016.sgm-789.txt,3.06850214542336,count,true,0
reut2-016.sgm-789.txt,3.06850214542336,gfidf,false,1
reut2-016.sgm-789.txt,3.06850214542336,gfidf,true,1
reut2-016.sgm-789.txt,3.06850214542336,idf,false,1
reut2-016.sgm-789.txt,3.06850214542336,idf,true,1
reut2-016.sgm-789.txt,3.06850214542336,logEntropy,false,1
reut2-016.sgm-789.txt,3.06850214542336,logEntropy,true,1
reut2-016.sgm-789.txt,3.06850214542336,normal,false,0
reut2-016.sgm-789.txt,3.06850214542336,normal,true,0
reut2-016.sgm-789.txt,3.06850214542336,tfidf,false,1
reut2-016.sgm-789.txt,3.06850214542336,tfidf,true,1
reut2-016.sgm-793.txt,0.0,binary,false,17
reut2-016.sgm-793.txt,0.0,binary,true,0
reut2-016.sgm-793.txt,0.0,count,false,17
reut2-016.sgm-793.txt,0.0,count,true,0
reut2-016.sgm-793.txt,0.0,gfidf,false,17
reut2-016.sgm-793.txt,0.0,gfidf,true,0
reut2-016.sgm-793.txt,0.0,idf,false,17
reut2-016.sgm-793.txt,0.0,idf,true,17
reut2-016.sgm-793.txt,0.0,logEntropy,false,17
reut2-016.sgm-793.txt,0.0,logEntropy,true,0
reut2-016.sgm-793.txt,0.0,normal,false,0
reut2-016.sgm-793.txt,0.0,normal,true,0
reut2-016.sgm-793.txt,0.0,tfidf,false,17
reut2-016.sgm-793.txt,0.0,tfidf,true,17
reut2-016.sgm-8.txt,0.0,binary,false,17
reut2-016.sgm-8.txt,0.0,binary,true,19
reut2-016.sgm-8.txt,0.0,count,false,17
reut2-016.sgm-8.txt,0.0,count,true,17
reut2-016.sgm-8.txt,0.0,gfidf,false,17
reut2-016.sgm-8.txt,0.0,gfidf,true,17
reut2-016.sgm-8.txt,0.0,idf,false,17
reut2-016.sgm-8.txt,0.0,idf,true,19
reut2-016.sgm-8.txt,0.0,logEntropy,false,17
reut2-016.sgm-8.txt,0.0,logEntropy,true,17
reut2-016.sgm-8.txt,0.0,normal,false,17
reut2-016.sgm-8.txt,0.0,normal,true,19
reut2-016.sgm-8.txt,0.0,tfidf,false,17
reut2-016.sgm-8.txt,0.0,tfidf,true,17
reut2-016.sgm-832.txt,0.0,binary,false,9
reut2-016.sgm-832.txt,0.0,binary,true,9
reut2-016.sgm-832.txt,0.0,count,false,10
reut2-016.sgm-832.txt,0.0,count,true,9
reut2-016.sgm-832.txt,0.0,gfidf,false,10
reut2-016.sgm-832.txt,0.0,gfidf,true,9
reut2-016.sgm-832.txt,0.0,idf,false,9
reut2-016.sgm-832.txt,0.0,idf,true,9
reut2-016.sgm-832.txt,0.0,logEntropy,false,10
reut2-016.sgm-832.txt,0.0,logEntropy,true,9
reut2-016.sgm-832.txt,0.0,normal,false,10
reut2-016.sgm-832.txt,0.0,normal,true,8
reut2-016.sgm-832.txt,0.0,tfidf,false,9
reut2-016.sgm-832.txt,0.0,tfidf,true,9
reut2-016.sgm-843.txt,0.0,binary,false,10
reut2-016.sgm-843.txt,0.0,binary,true,6
reut2-016.sgm-843.txt,0.0,count,false,0
reut2-016.sgm-843.txt,0.0,count,true,0
reut2-016.sgm-843.txt,0.0,gfidf,false,0
reut2-016.sgm-843.txt,0.0,gfidf,true,6
reut2-016.sgm-843.txt,0.0,idf,false,6
reut2-016.sgm-843.txt,0.0,idf,true,6
reut2-016.sgm-843.txt,0.0,logEntropy,false,0
reut2-016.sgm-843.txt,0.0,logEntropy,true,0
reut2-016.sgm-843.txt,0.0,normal,false,5
reut2-016.sgm-843.txt,0.0,normal,true,5
reut2-016.sgm-843.txt,0.0,tfidf,false,6
reut2-016.sgm-843.txt,0.0,tfidf,true,6
reut2-016.sgm-851.txt,0.0,binary,false,13
reut2-016.sgm-851.txt,0.0,binary,true,13
reut2-016.sgm-851.txt,0.0,count,false,13
reut2-016.sgm-851.txt,0.0,count,true,13
reut2-016.sgm-851.txt,0.0,gfidf,false,13
reut2-016.sgm-851.txt,0.0,gfidf,true,13
reut2-016.sgm-851.txt,0.0,idf,false,13
reut2-016.sgm-851.txt,0.0,idf,true,13
reut2-016.sgm-851.txt,0.0,logEntropy,false,13
reut2-016.sgm-851.txt,0.0,logEntropy,true,13
reut2-016.sgm-851.txt,0.0,normal,false,0
reut2-016.sgm-851.txt,0.0,normal,true,0
reut2-016.sgm-851.txt,0.0,tfidf,false,13
reut2-016.sgm-851.txt,0.0,tfidf,true,13
reut2-016.sgm-855.txt,0.0,binary,false,8
reut2-016.sgm-855.txt,0.0,binary,true,2
reut2-016.sgm-855.txt,0.0,count,false,2
reut2-016.sgm-855.txt,0.0,count,true,2
reut2-016.sgm-855.txt,0.0,gfidf,false,2
reut2-016.sgm-855.txt,0.0,gfidf,true,2
reut2-016.sgm-855.txt,0.0,idf,false,8
reut2-016.sgm-855.txt,0.0,idf,true,8
reut2-016.sgm-855.txt,0.0,logEntropy,false,2
reut2-016.sgm-855.txt,0.0,logEntropy,true,2
reut2-016.sgm-855.txt,0.0,normal,false,2
reut2-016.sgm-855.txt,0.0,normal,true,2
reut2-016.sgm-855.txt,0.0,tfidf,false,8
reut2-016.sgm-855.txt,0.0,tfidf,true,2
reut2-016.sgm-86.txt,0.0,binary,false,4
reut2-016.sgm-86.txt,0.0,binary,true,4
reut2-016.sgm-86.txt,0.0,count,false,13
reut2-016.sgm-86.txt,0.0,count,true,13
reut2-016.sgm-86.txt,0.0,gfidf,false,13
reut2-016.sgm-86.txt,0.0,gfidf,true,4
reut2-016.sgm-86.txt,0.0,idf,false,4
reut2-016.sgm-86.txt,0.0,idf,true,4
reut2-016.sgm-86.txt,0.0,logEntropy,false,13
reut2-016.sgm-86.txt,0.0,logEntropy,true,4
reut2-016.sgm-86.txt,0.0,normal,false,0
reut2-016.sgm-86.txt,0.0,normal,true,0
reut2-016.sgm-86.txt,0.0,tfidf,false,13
reut2-016.sgm-86.txt,0.0,tfidf,true,13
reut2-016.sgm-863.txt,0.0,binary,false,5
reut2-016.sgm-863.txt,0.0,binary,true,0
reut2-016.sgm-863.txt,0.0,count,false,5
reut2-016.sgm-863.txt,0.0,count,true,20
reut2-016.sgm-863.txt,0.0,gfidf,false,5
reut2-016.sgm-863.txt,0.0,gfidf,true,20
reut2-016.sgm-863.txt,0.0,idf,false,5
reut2-016.sgm-863.txt,0.0,idf,true,0
reut2-016.sgm-863.txt,0.0,logEntropy,false,5
reut2-016.sgm-863.txt,0.0,logEntropy,true,20
reut2-016.sgm-863.txt,0.0,normal,false,13
reut2-016.sgm-863.txt,0.0,normal,true,20
reut2-016.sgm-863.txt,0.0,tfidf,false,17
reut2-016.sgm-863.txt,0.0,tfidf,true,20
reut2-016.sgm-870.txt,2.216593118804943,binary,false,9
reut2-016.sgm-870.txt,2.216593118804943,binary,true,1
reut2-016.sgm-870.txt,2.216593118804943,count,false,1
reut2-016.sgm-870.txt,2.216593118804943,count,true,1
reut2-016.sgm-870.txt,2.216593118804943,gfidf,false,9
reut2-016.sgm-870.txt,2.216593118804943,gfidf,true,1
reut2-016.sgm-870.txt,2.216593118804943,idf,false,9
reut2-016.sgm-870.txt,2.216593118804943,idf,true,1
reut2-016.sgm-870.txt,2.216593118804943,logEntropy,false,1
reut2-016.sgm-870.txt,2.216593118804943,logEntropy,true,1
reut2-016.sgm-870.txt,2.216593118804943,normal,false,0
reut2-016.sgm-870.txt,2.216593118804943,normal,true,0
reut2-016.sgm-870.txt,2.216593118804943,tfidf,false,3
reut2-016.sgm-870.txt,2.216593118804943,tfidf,true,1
reut2-016.sgm-903.txt,0.0,binary,false,32
reut2-016.sgm-903.txt,0.0,binary,true,25
reut2-016.sgm-903.txt,0.0,count,false,2
reut2-016.sgm-903.txt,0.0,count,true,25
reut2-016.sgm-903.txt,0.0,gfidf,false,32
reut2-016.sgm-903.txt,0.0,gfidf,true,25
reut2-016.sgm-903.txt,0.0,idf,false,32
reut2-016.sgm-903.txt,0.0,idf,true,25
reut2-016.sgm-903.txt,0.0,logEntropy,false,32
reut2-016.sgm-903.txt,0.0,logEntropy,true,25
reut2-016.sgm-903.txt,0.0,normal,false,2
reut2-016.sgm-903.txt,0.0,normal,true,1
reut2-016.sgm-903.txt,0.0,tfidf,false,25
reut2-016.sgm-903.txt,0.0,tfidf,true,25
reut2-016.sgm-91.txt,0.0,binary,false,3
reut2-016.sgm-91.txt,0.0,binary,true,4
reut2-016.sgm-91.txt,0.0,count,false,3
reut2-016.sgm-91.txt,0.0,count,true,4
reut2-016.sgm-91.txt,0.0,gfidf,false,3
reut2-016.sgm-91.txt,0.0,gfidf,true,4
reut2-016.sgm-91.txt,0.0,idf,false,3
reut2-016.sgm-91.txt,0.0,idf,true,4
reut2-016.sgm-91.txt,0.0,logEntropy,false,3
reut2-016.sgm-91.txt,0.0,logEntropy,true,4
reut2-016.sgm-91.txt,0.0,normal,false,6
reut2-016.sgm-91.txt,0.0,normal,true,0
reut2-016.sgm-91.txt,0.0,tfidf,false,3
reut2-016.sgm-91.txt,0.0,tfidf,true,4
reut2-016.sgm-92.txt,1.414213562373095,binary,false,4
reut2-016.sgm-92.txt,1.414213562373095,binary,true,4
reut2-016.sgm-92.txt,1.414213562373095,count,false,4
reut2-016.sgm-92.txt,1.414213562373095,count,true,4
reut2-016.sgm-92.txt,1.414213562373095,gfidf,false,4
reut2-016.sgm-92.txt,1.414213562373095,gfidf,true,4
reut2-016.sgm-92.txt,1.414213562373095,idf,false,4
reut2-016.sgm-92.txt,1.414213562373095,idf,true,4
reut2-016.sgm-92.txt,1.414213562373095,logEntropy,false,4
reut2-016.sgm-92.txt,1.414213562373095,logEntropy,true,4
reut2-016.sgm-92.txt,1.414213562373095,normal,false,4
reut2-016.sgm-92.txt,1.414213562373095,normal,true,4
reut2-016.sgm-92.txt,1.414213562373095,tfidf,false,4
reut2-016.sgm-92.txt,1.414213562373095,tfidf,true,4
reut2-016.sgm-925.txt,0.0,binary,false,6
reut2-016.sgm-925.txt,0.0,binary,true,7
reut2-016.sgm-925.txt,0.0,count,false,0
reut2-016.sgm-925.txt,0.0,count,true,8
reut2-016.sgm-925.txt,0.0,gfidf,false,5
reut2-016.sgm-925.txt,0.0,gfidf,true,6
reut2-016.sgm-925.txt,0.0,idf,false,6
reut2-016.sgm-925.txt,0.0,idf,true,6
reut2-016.sgm-925.txt,0.0,logEntropy,false,0
reut2-016.sgm-925.txt,0.0,logEntropy,true,0
reut2-016.sgm-925.txt,0.0,normal,false,0
reut2-016.sgm-925.txt,0.0,normal,true,0
reut2-016.sgm-925.txt,0.0,tfidf,false,6
reut2-016.sgm-925.txt,0.0,tfidf,true,6
reut2-016.sgm-93.txt,0.0,binary,false,0
reut2-016.sgm-93.txt,0.0,binary,true,12
reut2-016.sgm-93.txt,0.0,count,false,0
reut2-016.sgm-93.txt,0.0,count,true,0
reut2-016.sgm-93.txt,0.0,gfidf,false,0
reut2-016.sgm-93.txt,0.0,gfidf,true,12
reut2-016.sgm-93.txt,0.0,idf,false,12
reut2-016.sgm-93.txt,0.0,idf,true,12
reut2-016.sgm-93.txt,0.0,logEntropy,false,0
reut2-016.sgm-93.txt,0.0,logEntropy,true,5
reut2-016.sgm-93.txt,0.0,normal,false,0
reut2-016.sgm-93.txt,0.0,normal,true,0
reut2-016.sgm-93.txt,0.0,tfidf,false,12
reut2-016.sgm-93.txt,0.0,tfidf,true,12
reut2-016.sgm-934.txt,3.32573393556655,binary,false,0
reut2-016.sgm-934.txt,3.32573393556655,binary,true,0
reut2-016.sgm-934.txt,3.32573393556655,count,false,1
reut2-016.sgm-934.txt,3.32573393556655,count,true,1
reut2-016.sgm-934.txt,3.32573393556655,gfidf,false,0
reut2-016.sgm-934.txt,3.32573393556655,gfidf,true,1
reut2-016.sgm-934.txt,3.32573393556655,idf,false,0
reut2-016.sgm-934.txt,3.32573393556655,idf,true,1
reut2-016.sgm-934.txt,3.32573393556655,logEntropy,false,1
reut2-016.sgm-934.txt,3.32573393556655,logEntropy,true,1
reut2-016.sgm-934.txt,3.32573393556655,normal,false,0
reut2-016.sgm-934.txt,3.32573393556655,normal,true,0
reut2-016.sgm-934.txt,3.32573393556655,tfidf,false,27
reut2-016.sgm-934.txt,3.32573393556655,tfidf,true,27
reut2-016.sgm-936.txt,2.91510075466344,binary,false,17
reut2-016.sgm-936.txt,2.91510075466344,binary,true,0
reut2-016.sgm-936.txt,2.91510075466344,count,false,0
reut2-016.sgm-936.txt,2.91510075466344,count,true,0
reut2-016.sgm-936.txt,2.91510075466344,gfidf,false,17
reut2-016.sgm-936.txt,2.91510075466344,gfidf,true,0
reut2-016.sgm-936.txt,2.91510075466344,idf,false,17
reut2-016.sgm-936.txt,2.91510075466344,idf,true,0
reut2-016.sgm-936.txt,2.91510075466344,logEntropy,false,17
reut2-016.sgm-936.txt,2.91510075466344,logEntropy,true,0
reut2-016.sgm-936.txt,2.91510075466344,normal,false,17
reut2-016.sgm-936.txt,2.91510075466344,normal,true,0
reut2-016.sgm-936.txt,2.91510075466344,tfidf,false,35
reut2-016.sgm-936.txt,2.91510075466344,tfidf,true,35
reut2-016.sgm-938.txt,0.0,binary,false,2
reut2-016.sgm-938.txt,0.0,binary,true,2
reut2-016.sgm-938.txt,0.0,count,false,12
reut2-016.sgm-938.txt,0.0,count,true,12
reut2-016.sgm-938.txt,0.0,gfidf,false,2
reut2-016.sgm-938.txt,0.0,gfidf,true,2
reut2-016.sgm-938.txt,0.0,idf,false,2
reut2-016.sgm-938.txt,0.0,idf,true,2
reut2-016.sgm-938.txt,0.0,logEntropy,false,12
reut2-016.sgm-938.txt,0.0,logEntropy,true,12
reut2-016.sgm-938.txt,0.0,normal,false,13
reut2-016.sgm-938.txt,0.0,normal,true,3
reut2-016.sgm-938.txt,0.0,tfidf,false,2
reut2-016.sgm-938.txt,0.0,tfidf,true,14
reut2-016.sgm-94.txt,0.0,binary,false,16
reut2-016.sgm-94.txt,0.0,binary,true,16
reut2-016.sgm-94.txt,0.0,count,false,16
reut2-016.sgm-94.txt,0.0,count,true,16
reut2-016.sgm-94.txt,0.0,gfidf,false,16
reut2-016.sgm-94.txt,0.0,gfidf,true,16
reut2-016.sgm-94.txt,0.0,idf,false,16
reut2-016.sgm-94.txt,0.0,idf,true,16
reut2-016.sgm-94.txt,0.0,logEntropy,false,16
reut2-016.sgm-94.txt,0.0,logEntropy,true,16
reut2-016.sgm-94.txt,0.0,normal,false,16
reut2-016.sgm-94.txt,0.0,normal,true,16
reut2-016.sgm-94.txt,0.0,tfidf,false,16
reut2-016.sgm-94.txt,0.0,tfidf,true,16
reut2-016.sgm-946.txt,0.0,binary,false,8
reut2-016.sgm-946.txt,0.0,binary,true,13
reut2-016.sgm-946.txt,0.0,count,false,8
reut2-016.sgm-946.txt,0.0,count,true,13
reut2-016.sgm-946.txt,0.0,gfidf,false,8
reut2-016.sgm-946.txt,0.0,gfidf,true,13
reut2-016.sgm-946.txt,0.0,idf,false,8
reut2-016.sgm-946.txt,0.0,idf,true,13
reut2-016.sgm-946.txt,0.0,logEntropy,false,8
reut2-016.sgm-946.txt,0.0,logEntropy,true,13
reut2-016.sgm-946.txt,0.0,normal,false,13
reut2-016.sgm-946.txt,0.0,normal,true,13
reut2-016.sgm-946.txt,0.0,tfidf,false,8
reut2-016.sgm-946.txt,0.0,tfidf,true,13
reut2-016.sgm-947.txt,0.0,binary,false,7
reut2-016.sgm-947.txt,0.0,binary,true,7
reut2-016.sgm-947.txt,0.0,count,false,7
reut2-016.sgm-947.txt,0.0,count,true,7
reut2-016.sgm-947.txt,0.0,gfidf,false,7
reut2-016.sgm-947.txt,0.0,gfidf,true,7
reut2-016.sgm-947.txt,0.0,idf,false,7
reut2-016.sgm-947.txt,0.0,idf,true,7
reut2-016.sgm-947.txt,0.0,logEntropy,false,7
reut2-016.sgm-947.txt,0.0,logEntropy,true,7
reut2-016.sgm-947.txt,0.0,normal,false,7
reut2-016.sgm-947.txt,0.0,normal,true,7
reut2-016.sgm-947.txt,0.0,tfidf,false,7
reut2-016.sgm-947.txt,0.0,tfidf,true,7
reut2-016.sgm-956.txt,3.32573393556655,binary,false,0
reut2-016.sgm-956.txt,3.32573393556655,binary,true,0
reut2-016.sgm-956.txt,3.32573393556655,count,false,1
reut2-016.sgm-956.txt,3.32573393556655,count,true,1
reut2-016.sgm-956.txt,3.32573393556655,gfidf,false,0
reut2-016.sgm-956.txt,3.32573393556655,gfidf,true,1
reut2-016.sgm-956.txt,3.32573393556655,idf,false,0
reut2-016.sgm-956.txt,3.32573393556655,idf,true,1
reut2-016.sgm-956.txt,3.32573393556655,logEntropy,false,1
reut2-016.sgm-956.txt,3.32573393556655,logEntropy,true,1
reut2-016.sgm-956.txt,3.32573393556655,normal,false,0
reut2-016.sgm-956.txt,3.32573393556655,normal,true,0
reut2-016.sgm-956.txt,3.32573393556655,tfidf,false,27
reut2-016.sgm-956.txt,3.32573393556655,tfidf,true,27
reut2-016.sgm-957.txt,0.0,binary,false,4
reut2-016.sgm-957.txt,0.0,binary,true,4
reut2-016.sgm-957.txt,0.0,count,false,4
reut2-016.sgm-957.txt,0.0,count,true,7
reut2-016.sgm-957.txt,0.0,gfidf,false,4
reut2-016.sgm-957.txt,0.0,gfidf,true,7
reut2-016.sgm-957.txt,0.0,idf,false,4
reut2-016.sgm-957.txt,0.0,idf,true,4
reut2-016.sgm-957.txt,0.0,logEntropy,false,4
reut2-016.sgm-957.txt,0.0,logEntropy,true,7
reut2-016.sgm-957.txt,0.0,normal,false,10
reut2-016.sgm-957.txt,0.0,normal,true,7
reut2-016.sgm-957.txt,0.0,tfidf,false,7
reut2-016.sgm-957.txt,0.0,tfidf,true,4
reut2-016.sgm-963.txt,0.0,binary,false,2
reut2-016.sgm-963.txt,0.0,binary,true,2
reut2-016.sgm-963.txt,0.0,count,false,2
reut2-016.sgm-963.txt,0.0,count,true,2
reut2-016.sgm-963.txt,0.0,gfidf,false,2
reut2-016.sgm-963.txt,0.0,gfidf,true,2
reut2-016.sgm-963.txt,0.0,idf,false,10
reut2-016.sgm-963.txt,0.0,idf,true,2
reut2-016.sgm-963.txt,0.0,logEntropy,false,2
reut2-016.sgm-963.txt,0.0,logEntropy,true,2
reut2-016.sgm-963.txt,0.0,normal,false,2
reut2-016.sgm-963.txt,0.0,normal,true,2
reut2-016.sgm-963.txt,0.0,tfidf,false,10
reut2-016.sgm-963.txt,0.0,tfidf,true,2
reut2-016.sgm-964.txt,0.0,binary,false,17
reut2-016.sgm-964.txt,0.0,binary,true,0
reut2-016.sgm-964.txt,0.0,count,false,0
reut2-016.sgm-964.txt,0.0,count,true,0
reut2-016.sgm-964.txt,0.0,gfidf,false,17
reut2-016.sgm-964.txt,0.0,gfidf,true,0
reut2-016.sgm-964.txt,0.0,idf,false,17
reut2-016.sgm-964.txt,0.0,idf,true,0
reut2-016.sgm-964.txt,0.0,logEntropy,false,17
reut2-016.sgm-964.txt,0.0,logEntropy,true,0
reut2-016.sgm-964.txt,0.0,normal,false,0
reut2-016.sgm-964.txt,0.0,normal,true,0
reut2-016.sgm-964.txt,0.0,tfidf,false,17
reut2-016.sgm-964.txt,0.0,tfidf,true,10
reut2-016.sgm-969.txt,0.0,binary,false,12
reut2-016.sgm-969.txt,0.0,binary,true,12
reut2-016.sgm-969.txt,0.0,count,false,12
reut2-016.sgm-969.txt,0.0,count,true,12
reut2-016.sgm-969.txt,0.0,gfidf,false,12
reut2-016.sgm-969.txt,0.0,gfidf,true,12
reut2-016.sgm-969.txt,0.0,idf,false,12
reut2-016.sgm-969.txt,0.0,idf,true,12
reut2-016.sgm-969.txt,0.0,logEntropy,false,12
reut2-016.sgm-969.txt,0.0,logEntropy,true,12
reut2-016.sgm-969.txt,0.0,normal,false,12
reut2-016.sgm-969.txt,0.0,normal,true,12
reut2-016.sgm-969.txt,0.0,tfidf,false,12
reut2-016.sgm-969.txt,0.0,tfidf,true,12
reut2-016.sgm-984.txt,0.0,binary,false,11
reut2-016.sgm-984.txt,0.0,binary,true,9
reut2-016.sgm-984.txt,0.0,count,false,7
reut2-016.sgm-984.txt,0.0,count,true,7
reut2-016.sgm-984.txt,0.0,gfidf,false,0
reut2-016.sgm-984.txt,0.0,gfidf,true,9
reut2-016.sgm-984.txt,0.0,idf,false,11
reut2-016.sgm-984.txt,0.0,idf,true,11
reut2-016.sgm-984.txt,0.0,logEntropy,false,7
reut2-016.sgm-984.txt,0.0,logEntropy,true,9
reut2-016.sgm-984.txt,0.0,normal,false,0
reut2-016.sgm-984.txt,0.0,normal,true,10
reut2-016.sgm-984.txt,0.0,tfidf,false,11
reut2-016.sgm-984.txt,0.0,tfidf,true,11
reut2-016.sgm-994.txt,0.0,binary,false,7
reut2-016.sgm-994.txt,0.0,binary,true,7
reut2-016.sgm-994.txt,0.0,count,false,7
reut2-016.sgm-994.txt,0.0,count,true,10
reut2-016.sgm-994.txt,0.0,gfidf,false,7
reut2-016.sgm-994.txt,0.0,gfidf,true,7
reut2-016.sgm-994.txt,0.0,idf,false,7
reut2-016.sgm-994.txt,0.0,idf,true,7
reut2-016.sgm-994.txt,0.0,logEntropy,false,7
reut2-016.sgm-994.txt,0.0,logEntropy,true,10
reut2-016.sgm-994.txt,0.0,normal,false,7
reut2-016.sgm-994.txt,0.0,normal,true,4
reut2-016.sgm-994.txt,0.0,tfidf,false,7
reut2-016.sgm-994.txt,0.0,tfidf,true,7
reut2-016.sgm-997.txt,0.0,binary,false,16
reut2-016.sgm-997.txt,0.0,binary,true,8
reut2-016.sgm-997.txt,0.0,count,false,16
reut2-016.sgm-997.txt,0.0,count,true,8
reut2-016.sgm-997.txt,0.0,gfidf,false,16
reut2-016.sgm-997.txt,0.0,gfidf,true,8
reut2-016.sgm-997.txt,0.0,idf,false,16
reut2-016.sgm-997.txt,0.0,idf,true,8
reut2-016.sgm-997.txt,0.0,logEntropy,false,16
reut2-016.sgm-997.txt,0.0,logEntropy,true,8
reut2-016.sgm-997.txt,0.0,normal,false,4
reut2-016.sgm-997.txt,0.0,normal,true,8
reut2-016.sgm-997.txt,0.0,tfidf,false,16
reut2-016.sgm-997.txt,0.0,tfidf,true,8
reut2-017.sgm-100.txt,0.0,binary,false,1
reut2-017.sgm-100.txt,0.0,binary,true,5
reut2-017.sgm-100.txt,0.0,count,false,1
reut2-017.sgm-100.txt,0.0,count,true,7
reut2-017.sgm-100.txt,0.0,gfidf,false,5
reut2-017.sgm-100.txt,0.0,gfidf,true,10
reut2-017.sgm-100.txt,0.0,idf,false,1
reut2-017.sgm-100.txt,0.0,idf,true,4
reut2-017.sgm-100.txt,0.0,logEntropy,false,7
reut2-017.sgm-100.txt,0.0,logEntropy,true,7
reut2-017.sgm-100.txt,0.0,normal,false,11
reut2-017.sgm-100.txt,0.0,normal,true,11
reut2-017.sgm-100.txt,0.0,tfidf,false,10
reut2-017.sgm-100.txt,0.0,tfidf,true,10
reut2-017.sgm-118.txt,0.0,binary,false,13
reut2-017.sgm-118.txt,0.0,binary,true,13
reut2-017.sgm-118.txt,0.0,count,false,13
reut2-017.sgm-118.txt,0.0,count,true,13
reut2-017.sgm-118.txt,0.0,gfidf,false,13
reut2-017.sgm-118.txt,0.0,gfidf,true,13
reut2-017.sgm-118.txt,0.0,idf,false,13
reut2-017.sgm-118.txt,0.0,idf,true,13
reut2-017.sgm-118.txt,0.0,logEntropy,false,13
reut2-017.sgm-118.txt,0.0,logEntropy,true,13
reut2-017.sgm-118.txt,0.0,normal,false,6
reut2-017.sgm-118.txt,0.0,normal,true,6
reut2-017.sgm-118.txt,0.0,tfidf,false,13
reut2-017.sgm-118.txt,0.0,tfidf,true,13
reut2-017.sgm-125.txt,0.0,binary,false,1
reut2-017.sgm-125.txt,0.0,binary,true,1
reut2-017.sgm-125.txt,0.0,count,false,1
reut2-017.sgm-125.txt,0.0,count,true,9
reut2-017.sgm-125.txt,0.0,gfidf,false,1
reut2-017.sgm-125.txt,0.0,gfidf,true,1
reut2-017.sgm-125.txt,0.0,idf,false,3
reut2-017.sgm-125.txt,0.0,idf,true,1
reut2-017.sgm-125.txt,0.0,logEntropy,false,1
reut2-017.sgm-125.txt,0.0,logEntropy,true,9
reut2-017.sgm-125.txt,0.0,normal,false,1
reut2-017.sgm-125.txt,0.0,normal,true,9
reut2-017.sgm-125.txt,0.0,tfidf,false,3
reut2-017.sgm-125.txt,0.0,tfidf,true,3
reut2-017.sgm-134.txt,0.0,binary,false,8
reut2-017.sgm-134.txt,0.0,binary,true,8
reut2-017.sgm-134.txt,0.0,count,false,14
reut2-017.sgm-134.txt,0.0,count,true,14
reut2-017.sgm-134.txt,0.0,gfidf,false,8
reut2-017.sgm-134.txt,0.0,gfidf,true,8
reut2-017.sgm-134.txt,0.0,idf,false,14
reut2-017.sgm-134.txt,0.0,idf,true,8
reut2-017.sgm-134.txt,0.0,logEntropy,false,14
reut2-017.sgm-134.txt,0.0,logEntropy,true,8
reut2-017.sgm-134.txt,0.0,normal,false,1
reut2-017.sgm-134.txt,0.0,normal,true,1
reut2-017.sgm-134.txt,0.0,tfidf,false,14
reut2-017.sgm-134.txt,0.0,tfidf,true,3
reut2-017.sgm-153.txt,3.2813414240305514,binary,false,0
reut2-017.sgm-153.txt,3.2813414240305514,binary,true,0
reut2-017.sgm-153.txt,3.2813414240305514,count,false,0
reut2-017.sgm-153.txt,3.2813414240305514,count,true,0
reut2-017.sgm-153.txt,3.2813414240305514,gfidf,false,0
reut2-017.sgm-153.txt,3.2813414240305514,gfidf,true,0
reut2-017.sgm-153.txt,3.2813414240305514,idf,false,2
reut2-017.sgm-153.txt,3.2813414240305514,idf,true,0
reut2-017.sgm-153.txt,3.2813414240305514,logEntropy,false,0
reut2-017.sgm-153.txt,3.2813414240305514,logEntropy,true,0
reut2-017.sgm-153.txt,3.2813414240305514,normal,false,0
reut2-017.sgm-153.txt,3.2813414240305514,normal,true,0
reut2-017.sgm-153.txt,3.2813414240305514,tfidf,false,5
reut2-017.sgm-153.txt,3.2813414240305514,tfidf,true,5
reut2-017.sgm-165.txt,0.0,binary,false,2
reut2-017.sgm-165.txt,0.0,binary,true,6
reut2-017.sgm-165.txt,0.0,count,false,2
reut2-017.sgm-165.txt,0.0,count,true,6
reut2-017.sgm-165.txt,0.0,gfidf,false,2
reut2-017.sgm-165.txt,0.0,gfidf,true,6
reut2-017.sgm-165.txt,0.0,idf,false,6
reut2-017.sgm-165.txt,0.0,idf,true,6
reut2-017.sgm-165.txt,0.0,logEntropy,false,2
reut2-017.sgm-165.txt,0.0,logEntropy,true,6
reut2-017.sgm-165.txt,0.0,normal,false,2
reut2-017.sgm-165.txt,0.0,normal,true,0
reut2-017.sgm-165.txt,0.0,tfidf,false,6
reut2-017.sgm-165.txt,0.0,tfidf,true,6
reut2-017.sgm-17.txt,0.0,binary,false,5
reut2-017.sgm-17.txt,0.0,binary,true,5
reut2-017.sgm-17.txt,0.0,count,false,1
reut2-017.sgm-17.txt,0.0,count,true,5
reut2-017.sgm-17.txt,0.0,gfidf,false,1
reut2-017.sgm-17.txt,0.0,gfidf,true,5
reut2-017.sgm-17.txt,0.0,idf,false,5
reut2-017.sgm-17.txt,0.0,idf,true,5
reut2-017.sgm-17.txt,0.0,logEntropy,false,1
reut2-017.sgm-17.txt,0.0,logEntropy,true,5
reut2-017.sgm-17.txt,0.0,normal,false,1
reut2-017.sgm-17.txt,0.0,normal,true,23
reut2-017.sgm-17.txt,0.0,tfidf,false,1
reut2-017.sgm-17.txt,0.0,tfidf,true,1
reut2-017.sgm-172.txt,0.0,binary,false,5
reut2-017.sgm-172.txt,0.0,binary,true,13
reut2-017.sgm-172.txt,0.0,count,false,5
reut2-017.sgm-172.txt,0.0,count,true,13
reut2-017.sgm-172.txt,0.0,gfidf,false,5
reut2-017.sgm-172.txt,0.0,gfidf,true,5
reut2-017.sgm-172.txt,0.0,idf,false,13
reut2-017.sgm-172.txt,0.0,idf,true,13
reut2-017.sgm-172.txt,0.0,logEntropy,false,5
reut2-017.sgm-172.txt,0.0,logEntropy,true,13
reut2-017.sgm-172.txt,0.0,normal,false,5
reut2-017.sgm-172.txt,0.0,normal,true,1
reut2-017.sgm-172.txt,0.0,tfidf,false,13
reut2-017.sgm-172.txt,0.0,tfidf,true,13
reut2-017.sgm-175.txt,3.8067806120424783,binary,false,0
reut2-017.sgm-175.txt,3.8067806120424783,binary,true,0
reut2-017.sgm-175.txt,3.8067806120424783,count,false,0
reut2-017.sgm-175.txt,3.8067806120424783,count,true,0
reut2-017.sgm-175.txt,3.8067806120424783,gfidf,false,0
reut2-017.sgm-175.txt,3.8067806120424783,gfidf,true,0
reut2-017.sgm-175.txt,3.8067806120424783,idf,false,0
reut2-017.sgm-175.txt,3.8067806120424783,idf,true,0
reut2-017.sgm-175.txt,3.8067806120424783,logEntropy,false,0
reut2-017.sgm-175.txt,3.8067806120424783,logEntropy,true,0
reut2-017.sgm-175.txt,3.8067806120424783,normal,false,0
reut2-017.sgm-175.txt,3.8067806120424783,normal,true,0
reut2-017.sgm-175.txt,3.8067806120424783,tfidf,false,6
reut2-017.sgm-175.txt,3.8067806120424783,tfidf,true,0
reut2-017.sgm-176.txt,1.3459001926323562,binary,false,8
reut2-017.sgm-176.txt,1.3459001926323562,binary,true,8
reut2-017.sgm-176.txt,1.3459001926323562,count,false,8
reut2-017.sgm-176.txt,1.3459001926323562,count,true,8
reut2-017.sgm-176.txt,1.3459001926323562,gfidf,false,8
reut2-017.sgm-176.txt,1.3459001926323562,gfidf,true,8
reut2-017.sgm-176.txt,1.3459001926323562,idf,false,8
reut2-017.sgm-176.txt,1.3459001926323562,idf,true,8
reut2-017.sgm-176.txt,1.3459001926323562,logEntropy,false,8
reut2-017.sgm-176.txt,1.3459001926323562,logEntropy,true,8
reut2-017.sgm-176.txt,1.3459001926323562,normal,false,0
reut2-017.sgm-176.txt,1.3459001926323562,normal,true,8
reut2-017.sgm-176.txt,1.3459001926323562,tfidf,false,8
reut2-017.sgm-176.txt,1.3459001926323562,tfidf,true,8
reut2-017.sgm-184.txt,0.0,binary,false,0
reut2-017.sgm-184.txt,0.0,binary,true,16
reut2-017.sgm-184.txt,0.0,count,false,0
reut2-017.sgm-184.txt,0.0,count,true,0
reut2-017.sgm-184.txt,0.0,gfidf,false,5
reut2-017.sgm-184.txt,0.0,gfidf,true,16
reut2-017.sgm-184.txt,0.0,idf,false,10
reut2-017.sgm-184.txt,0.0,idf,true,16
reut2-017.sgm-184.txt,0.0,logEntropy,false,0
reut2-017.sgm-184.txt,0.0,logEntropy,true,0
reut2-017.sgm-184.txt,0.0,normal,false,0
reut2-017.sgm-184.txt,0.0,normal,true,16
reut2-017.sgm-184.txt,0.0,tfidf,false,5
reut2-017.sgm-184.txt,0.0,tfidf,true,5
reut2-017.sgm-186.txt,0.0,binary,false,20
reut2-017.sgm-186.txt,0.0,binary,true,19
reut2-017.sgm-186.txt,0.0,count,false,19
reut2-017.sgm-186.txt,0.0,count,true,19
reut2-017.sgm-186.txt,0.0,gfidf,false,19
reut2-017.sgm-186.txt,0.0,gfidf,true,19
reut2-017.sgm-186.txt,0.0,idf,false,20
reut2-017.sgm-186.txt,0.0,idf,true,19
reut2-017.sgm-186.txt,0.0,logEntropy,false,20
reut2-017.sgm-186.txt,0.0,logEntropy,true,19
reut2-017.sgm-186.txt,0.0,normal,false,0
reut2-017.sgm-186.txt,0.0,normal,true,0
reut2-017.sgm-186.txt,0.0,tfidf,false,19
reut2-017.sgm-186.txt,0.0,tfidf,true,19
reut2-017.sgm-192.txt,0.0,binary,false,5
reut2-017.sgm-192.txt,0.0,binary,true,5
reut2-017.sgm-192.txt,0.0,count,false,5
reut2-017.sgm-192.txt,0.0,count,true,5
reut2-017.sgm-192.txt,0.0,gfidf,false,5
reut2-017.sgm-192.txt,0.0,gfidf,true,5
reut2-017.sgm-192.txt,0.0,idf,false,5
reut2-017.sgm-192.txt,0.0,idf,true,5
reut2-017.sgm-192.txt,0.0,logEntropy,false,5
reut2-017.sgm-192.txt,0.0,logEntropy,true,5
reut2-017.sgm-192.txt,0.0,normal,false,6
reut2-017.sgm-192.txt,0.0,normal,true,6
reut2-017.sgm-192.txt,0.0,tfidf,false,20
reut2-017.sgm-192.txt,0.0,tfidf,true,5
reut2-017.sgm-194.txt,0.0,binary,false,16
reut2-017.sgm-194.txt,0.0,binary,true,16
reut2-017.sgm-194.txt,0.0,count,false,16
reut2-017.sgm-194.txt,0.0,count,true,16
reut2-017.sgm-194.txt,0.0,gfidf,false,16
reut2-017.sgm-194.txt,0.0,gfidf,true,16
reut2-017.sgm-194.txt,0.0,idf,false,16
reut2-017.sgm-194.txt,0.0,idf,true,16
reut2-017.sgm-194.txt,0.0,logEntropy,false,16
reut2-017.sgm-194.txt,0.0,logEntropy,true,16
reut2-017.sgm-194.txt,0.0,normal,false,16
reut2-017.sgm-194.txt,0.0,normal,true,16
reut2-017.sgm-194.txt,0.0,tfidf,false,16
reut2-017.sgm-194.txt,0.0,tfidf,true,16
reut2-017.sgm-197.txt,0.0,binary,false,11
reut2-017.sgm-197.txt,0.0,binary,true,11
reut2-017.sgm-197.txt,0.0,count,false,11
reut2-017.sgm-197.txt,0.0,count,true,0
reut2-017.sgm-197.txt,0.0,gfidf,false,11
reut2-017.sgm-197.txt,0.0,gfidf,true,11
reut2-017.sgm-197.txt,0.0,idf,false,11
reut2-017.sgm-197.txt,0.0,idf,true,11
reut2-017.sgm-197.txt,0.0,logEntropy,false,11
reut2-017.sgm-197.txt,0.0,logEntropy,true,0
reut2-017.sgm-197.txt,0.0,normal,false,11
reut2-017.sgm-197.txt,0.0,normal,true,11
reut2-017.sgm-197.txt,0.0,tfidf,false,11
reut2-017.sgm-197.txt,0.0,tfidf,true,11
reut2-017.sgm-198.txt,0.0,binary,false,27
reut2-017.sgm-198.txt,0.0,binary,true,16
reut2-017.sgm-198.txt,0.0,count,false,27
reut2-017.sgm-198.txt,0.0,count,true,27
reut2-017.sgm-198.txt,0.0,gfidf,false,27
reut2-017.sgm-198.txt,0.0,gfidf,true,16
reut2-017.sgm-198.txt,0.0,idf,false,21
reut2-017.sgm-198.txt,0.0,idf,true,16
reut2-017.sgm-198.txt,0.0,logEntropy,false,27
reut2-017.sgm-198.txt,0.0,logEntropy,true,27
reut2-017.sgm-198.txt,0.0,normal,false,1
reut2-017.sgm-198.txt,0.0,normal,true,4
reut2-017.sgm-198.txt,0.0,tfidf,false,16
reut2-017.sgm-198.txt,0.0,tfidf,true,16
reut2-017.sgm-200.txt,0.0,binary,false,14
reut2-017.sgm-200.txt,0.0,binary,true,14
reut2-017.sgm-200.txt,0.0,count,false,1
reut2-017.sgm-200.txt,0.0,count,true,1
reut2-017.sgm-200.txt,0.0,gfidf,false,14
reut2-017.sgm-200.txt,0.0,gfidf,true,14
reut2-017.sgm-200.txt,0.0,idf,false,14
reut2-017.sgm-200.txt,0.0,idf,true,14
reut2-017.sgm-200.txt,0.0,logEntropy,false,1
reut2-017.sgm-200.txt,0.0,logEntropy,true,1
reut2-017.sgm-200.txt,0.0,normal,false,1
reut2-017.sgm-200.txt,0.0,normal,true,14
reut2-017.sgm-200.txt,0.0,tfidf,false,14
reut2-017.sgm-200.txt,0.0,tfidf,true,6
reut2-017.sgm-201.txt,0.0,binary,false,12
reut2-017.sgm-201.txt,0.0,binary,true,0
reut2-017.sgm-201.txt,0.0,count,false,19
reut2-017.sgm-201.txt,0.0,count,true,19
reut2-017.sgm-201.txt,0.0,gfidf,false,0
reut2-017.sgm-201.txt,0.0,gfidf,true,19
reut2-017.sgm-201.txt,0.0,idf,false,12
reut2-017.sgm-201.txt,0.0,idf,true,2
reut2-017.sgm-201.txt,0.0,logEntropy,false,0
reut2-017.sgm-201.txt,0.0,logEntropy,true,0
reut2-017.sgm-201.txt,0.0,normal,false,0
reut2-017.sgm-201.txt,0.0,normal,true,0
reut2-017.sgm-201.txt,0.0,tfidf,false,19
reut2-017.sgm-201.txt,0.0,tfidf,true,19
reut2-017.sgm-202.txt,0.0,binary,false,4
reut2-017.sgm-202.txt,0.0,binary,true,0
reut2-017.sgm-202.txt,0.0,count,false,4
reut2-017.sgm-202.txt,0.0,count,true,0
reut2-017.sgm-202.txt,0.0,gfidf,false,4
reut2-017.sgm-202.txt,0.0,gfidf,true,0
reut2-017.sgm-202.txt,0.0,idf,false,8
reut2-017.sgm-202.txt,0.0,idf,true,8
reut2-017.sgm-202.txt,0.0,logEntropy,false,4
reut2-017.sgm-202.txt,0.0,logEntropy,true,0
reut2-017.sgm-202.txt,0.0,normal,false,4
reut2-017.sgm-202.txt,0.0,normal,true,0
reut2-017.sgm-202.txt,0.0,tfidf,false,8
reut2-017.sgm-202.txt,0.0,tfidf,true,8
reut2-017.sgm-205.txt,0.0,binary,false,5
reut2-017.sgm-205.txt,0.0,binary,true,0
reut2-017.sgm-205.txt,0.0,count,false,1
reut2-017.sgm-205.txt,0.0,count,true,1
reut2-017.sgm-205.txt,0.0,gfidf,false,5
reut2-017.sgm-205.txt,0.0,gfidf,true,0
reut2-017.sgm-205.txt,0.0,idf,false,5
reut2-017.sgm-205.txt,0.0,idf,true,4
reut2-017.sgm-205.txt,0.0,logEntropy,false,1
reut2-017.sgm-205.txt,0.0,logEntropy,true,0
reut2-017.sgm-205.txt,0.0,normal,false,6
reut2-017.sgm-205.txt,0.0,normal,true,6
reut2-017.sgm-205.txt,0.0,tfidf,false,5
reut2-017.sgm-205.txt,0.0,tfidf,true,4
reut2-017.sgm-206.txt,0.0,binary,false,9
reut2-017.sgm-206.txt,0.0,binary,true,9
reut2-017.sgm-206.txt,0.0,count,false,9
reut2-017.sgm-206.txt,0.0,count,true,9
reut2-017.sgm-206.txt,0.0,gfidf,false,9
reut2-017.sgm-206.txt,0.0,gfidf,true,9
reut2-017.sgm-206.txt,0.0,idf,false,9
reut2-017.sgm-206.txt,0.0,idf,true,9
reut2-017.sgm-206.txt,0.0,logEntropy,false,9
reut2-017.sgm-206.txt,0.0,logEntropy,true,9
reut2-017.sgm-206.txt,0.0,normal,false,9
reut2-017.sgm-206.txt,0.0,normal,true,9
reut2-017.sgm-206.txt,0.0,tfidf,false,9
reut2-017.sgm-206.txt,0.0,tfidf,true,9
reut2-017.sgm-211.txt,0.0,binary,false,17
reut2-017.sgm-211.txt,0.0,binary,true,19
reut2-017.sgm-211.txt,0.0,count,false,17
reut2-017.sgm-211.txt,0.0,count,true,19
reut2-017.sgm-211.txt,0.0,gfidf,false,17
reut2-017.sgm-211.txt,0.0,gfidf,true,19
reut2-017.sgm-211.txt,0.0,idf,false,19
reut2-017.sgm-211.txt,0.0,idf,true,19
reut2-017.sgm-211.txt,0.0,logEntropy,false,17
reut2-017.sgm-211.txt,0.0,logEntropy,true,19
reut2-017.sgm-211.txt,0.0,normal,false,17
reut2-017.sgm-211.txt,0.0,normal,true,9
reut2-017.sgm-211.txt,0.0,tfidf,false,19
reut2-017.sgm-211.txt,0.0,tfidf,true,19
reut2-017.sgm-213.txt,0.0,binary,false,0
reut2-017.sgm-213.txt,0.0,binary,true,0
reut2-017.sgm-213.txt,0.0,count,false,0
reut2-017.sgm-213.txt,0.0,count,true,0
reut2-017.sgm-213.txt,0.0,gfidf,false,0
reut2-017.sgm-213.txt,0.0,gfidf,true,0
reut2-017.sgm-213.txt,0.0,idf,false,16
reut2-017.sgm-213.txt,0.0,idf,true,16
reut2-017.sgm-213.txt,0.0,logEntropy,false,0
reut2-017.sgm-213.txt,0.0,logEntropy,true,0
reut2-017.sgm-213.txt,0.0,normal,false,0
reut2-017.sgm-213.txt,0.0,normal,true,0
reut2-017.sgm-213.txt,0.0,tfidf,false,15
reut2-017.sgm-213.txt,0.0,tfidf,true,15
reut2-017.sgm-216.txt,0.0,binary,false,2
reut2-017.sgm-216.txt,0.0,binary,true,2
reut2-017.sgm-216.txt,0.0,count,false,11
reut2-017.sgm-216.txt,0.0,count,true,11
reut2-017.sgm-216.txt,0.0,gfidf,false,2
reut2-017.sgm-216.txt,0.0,gfidf,true,2
reut2-017.sgm-216.txt,0.0,idf,false,2
reut2-017.sgm-216.txt,0.0,idf,true,2
reut2-017.sgm-216.txt,0.0,logEntropy,false,11
reut2-017.sgm-216.txt,0.0,logEntropy,true,11
reut2-017.sgm-216.txt,0.0,normal,false,2
reut2-017.sgm-216.txt,0.0,normal,true,2
reut2-017.sgm-216.txt,0.0,tfidf,false,13
reut2-017.sgm-216.txt,0.0,tfidf,true,13
reut2-017.sgm-22.txt,0.0,binary,false,4
reut2-017.sgm-22.txt,0.0,binary,true,34
reut2-017.sgm-22.txt,0.0,count,false,4
reut2-017.sgm-22.txt,0.0,count,true,4
reut2-017.sgm-22.txt,0.0,gfidf,false,4
reut2-017.sgm-22.txt,0.0,gfidf,true,34
reut2-017.sgm-22.txt,0.0,idf,false,4
reut2-017.sgm-22.txt,0.0,idf,true,4
reut2-017.sgm-22.txt,0.0,logEntropy,false,4
reut2-017.sgm-22.txt,0.0,logEntropy,true,4
reut2-017.sgm-22.txt,0.0,normal,false,34
reut2-017.sgm-22.txt,0.0,normal,true,34
reut2-017.sgm-22.txt,0.0,tfidf,false,4
reut2-017.sgm-22.txt,0.0,tfidf,true,4
reut2-017.sgm-233.txt,2.447317218554068,binary,false,1
reut2-017.sgm-233.txt,2.447317218554068,binary,true,1
reut2-017.sgm-233.txt,2.447317218554068,count,false,1
reut2-017.sgm-233.txt,2.447317218554068,count,true,1
reut2-017.sgm-233.txt,2.447317218554068,gfidf,false,1
reut2-017.sgm-233.txt,2.447317218554068,gfidf,true,1
reut2-017.sgm-233.txt,2.447317218554068,idf,false,1
reut2-017.sgm-233.txt,2.447317218554068,idf,true,1
reut2-017.sgm-233.txt,2.447317218554068,logEntropy,false,1
reut2-017.sgm-233.txt,2.447317218554068,logEntropy,true,1
reut2-017.sgm-233.txt,2.447317218554068,normal,false,0
reut2-017.sgm-233.txt,2.447317218554068,normal,true,0
reut2-017.sgm-233.txt,2.447317218554068,tfidf,false,1
reut2-017.sgm-233.txt,2.447317218554068,tfidf,true,1
reut2-017.sgm-240.txt,3.1228367286228407,binary,false,0
reut2-017.sgm-240.txt,3.1228367286228407,binary,true,0
reut2-017.sgm-240.txt,3.1228367286228407,count,false,0
reut2-017.sgm-240.txt,3.1228367286228407,count,true,0
reut2-017.sgm-240.txt,3.1228367286228407,gfidf,false,0
reut2-017.sgm-240.txt,3.1228367286228407,gfidf,true,0
reut2-017.sgm-240.txt,3.1228367286228407,idf,false,3
reut2-017.sgm-240.txt,3.1228367286228407,idf,true,0
reut2-017.sgm-240.txt,3.1228367286228407,logEntropy,false,0
reut2-017.sgm-240.txt,3.1228367286228407,logEntropy,true,0
reut2-017.sgm-240.txt,3.1228367286228407,normal,false,4
reut2-017.sgm-240.txt,3.1228367286228407,normal,true,4
reut2-017.sgm-240.txt,3.1228367286228407,tfidf,false,3
reut2-017.sgm-240.txt,3.1228367286228407,tfidf,true,3
reut2-017.sgm-244.txt,0.0,binary,false,0
reut2-017.sgm-244.txt,0.0,binary,true,0
reut2-017.sgm-244.txt,0.0,count,false,0
reut2-017.sgm-244.txt,0.0,count,true,0
reut2-017.sgm-244.txt,0.0,gfidf,false,0
reut2-017.sgm-244.txt,0.0,gfidf,true,0
reut2-017.sgm-244.txt,0.0,idf,false,0
reut2-017.sgm-244.txt,0.0,idf,true,0
reut2-017.sgm-244.txt,0.0,logEntropy,false,0
reut2-017.sgm-244.txt,0.0,logEntropy,true,0
reut2-017.sgm-244.txt,0.0,normal,false,3
reut2-017.sgm-244.txt,0.0,normal,true,3
reut2-017.sgm-244.txt,0.0,tfidf,false,0
reut2-017.sgm-244.txt,0.0,tfidf,true,0
reut2-017.sgm-245.txt,0.0,binary,false,13
reut2-017.sgm-245.txt,0.0,binary,true,8
reut2-017.sgm-245.txt,0.0,count,false,13
reut2-017.sgm-245.txt,0.0,count,true,13
reut2-017.sgm-245.txt,0.0,gfidf,false,13
reut2-017.sgm-245.txt,0.0,gfidf,true,13
reut2-017.sgm-245.txt,0.0,idf,false,13
reut2-017.sgm-245.txt,0.0,idf,true,8
reut2-017.sgm-245.txt,0.0,logEntropy,false,13
reut2-017.sgm-245.txt,0.0,logEntropy,true,13
reut2-017.sgm-245.txt,0.0,normal,false,0
reut2-017.sgm-245.txt,0.0,normal,true,1
reut2-017.sgm-245.txt,0.0,tfidf,false,13
reut2-017.sgm-245.txt,0.0,tfidf,true,13
reut2-017.sgm-247.txt,0.0,binary,false,0
reut2-017.sgm-247.txt,0.0,binary,true,0
reut2-017.sgm-247.txt,0.0,count,false,0
reut2-017.sgm-247.txt,0.0,count,true,0
reut2-017.sgm-247.txt,0.0,gfidf,false,0
reut2-017.sgm-247.txt,0.0,gfidf,true,0
reut2-017.sgm-247.txt,0.0,idf,false,0
reut2-017.sgm-247.txt,0.0,idf,true,0
reut2-017.sgm-247.txt,0.0,logEntropy,false,0
reut2-017.sgm-247.txt,0.0,logEntropy,true,0
reut2-017.sgm-247.txt,0.0,normal,false,13
reut2-017.sgm-247.txt,0.0,normal,true,13
reut2-017.sgm-247.txt,0.0,tfidf,false,0
reut2-017.sgm-247.txt,0.0,tfidf,true,0
reut2-017.sgm-248.txt,2.1980229824209534,binary,false,1
reut2-017.sgm-248.txt,2.1980229824209534,binary,true,0
reut2-017.sgm-248.txt,2.1980229824209534,count,false,1
reut2-017.sgm-248.txt,2.1980229824209534,count,true,9
reut2-017.sgm-248.txt,2.1980229824209534,gfidf,false,1
reut2-017.sgm-248.txt,2.1980229824209534,gfidf,true,1
reut2-017.sgm-248.txt,2.1980229824209534,idf,false,1
reut2-017.sgm-248.txt,2.1980229824209534,idf,true,1
reut2-017.sgm-248.txt,2.1980229824209534,logEntropy,false,1
reut2-017.sgm-248.txt,2.1980229824209534,logEntropy,true,1
reut2-017.sgm-248.txt,2.1980229824209534,normal,false,11
reut2-017.sgm-248.txt,2.1980229824209534,normal,true,0
reut2-017.sgm-248.txt,2.1980229824209534,tfidf,false,1
reut2-017.sgm-248.txt,2.1980229824209534,tfidf,true,1
reut2-017.sgm-251.txt,3.44789128498791,binary,false,0
reut2-017.sgm-251.txt,3.44789128498791,binary,true,0
reut2-017.sgm-251.txt,3.44789128498791,count,false,0
reut2-017.sgm-251.txt,3.44789128498791,count,true,0
reut2-017.sgm-251.txt,3.44789128498791,gfidf,false,0
reut2-017.sgm-251.txt,3.44789128498791,gfidf,true,0
reut2-017.sgm-251.txt,3.44789128498791,idf,false,0
reut2-017.sgm-251.txt,3.44789128498791,idf,true,0
reut2-017.sgm-251.txt,3.44789128498791,logEntropy,false,0
reut2-017.sgm-251.txt,3.44789128498791,logEntropy,true,0
reut2-017.sgm-251.txt,3.44789128498791,normal,false,0
reut2-017.sgm-251.txt,3.44789128498791,normal,true,0
reut2-017.sgm-251.txt,3.44789128498791,tfidf,false,22
reut2-017.sgm-251.txt,3.44789128498791,tfidf,true,12
reut2-017.sgm-255.txt,2.1980229824209534,binary,false,1
reut2-017.sgm-255.txt,2.1980229824209534,binary,true,1
reut2-017.sgm-255.txt,2.1980229824209534,count,false,1
reut2-017.sgm-255.txt,2.1980229824209534,count,true,1
reut2-017.sgm-255.txt,2.1980229824209534,gfidf,false,1
reut2-017.sgm-255.txt,2.1980229824209534,gfidf,true,1
reut2-017.sgm-255.txt,2.1980229824209534,idf,false,1
reut2-017.sgm-255.txt,2.1980229824209534,idf,true,1
reut2-017.sgm-255.txt,2.1980229824209534,logEntropy,false,1
reut2-017.sgm-255.txt,2.1980229824209534,logEntropy,true,1
reut2-017.sgm-255.txt,2.1980229824209534,normal,false,0
reut2-017.sgm-255.txt,2.1980229824209534,normal,true,21
reut2-017.sgm-255.txt,2.1980229824209534,tfidf,false,1
reut2-017.sgm-255.txt,2.1980229824209534,tfidf,true,1
reut2-017.sgm-260.txt,0.0,binary,false,7
reut2-017.sgm-260.txt,0.0,binary,true,7
reut2-017.sgm-260.txt,0.0,count,false,7
reut2-017.sgm-260.txt,0.0,count,true,7
reut2-017.sgm-260.txt,0.0,gfidf,false,7
reut2-017.sgm-260.txt,0.0,gfidf,true,7
reut2-017.sgm-260.txt,0.0,idf,false,7
reut2-017.sgm-260.txt,0.0,idf,true,7
reut2-017.sgm-260.txt,0.0,logEntropy,false,7
reut2-017.sgm-260.txt,0.0,logEntropy,true,7
reut2-017.sgm-260.txt,0.0,normal,false,7
reut2-017.sgm-260.txt,0.0,normal,true,7
reut2-017.sgm-260.txt,0.0,tfidf,false,7
reut2-017.sgm-260.txt,0.0,tfidf,true,7
reut2-017.sgm-270.txt,0.0,binary,false,2
reut2-017.sgm-270.txt,0.0,binary,true,2
reut2-017.sgm-270.txt,0.0,count,false,11
reut2-017.sgm-270.txt,0.0,count,true,11
reut2-017.sgm-270.txt,0.0,gfidf,false,2
reut2-017.sgm-270.txt,0.0,gfidf,true,2
reut2-017.sgm-270.txt,0.0,idf,false,2
reut2-017.sgm-270.txt,0.0,idf,true,2
reut2-017.sgm-270.txt,0.0,logEntropy,false,11
reut2-017.sgm-270.txt,0.0,logEntropy,true,11
reut2-017.sgm-270.txt,0.0,normal,false,2
reut2-017.sgm-270.txt,0.0,normal,true,2
reut2-017.sgm-270.txt,0.0,tfidf,false,13
reut2-017.sgm-270.txt,0.0,tfidf,true,13
reut2-017.sgm-271.txt,2.1980229824209534,binary,false,1
reut2-017.sgm-271.txt,2.1980229824209534,binary,true,0
reut2-017.sgm-271.txt,2.1980229824209534,count,false,1
reut2-017.sgm-271.txt,2.1980229824209534,count,true,9
reut2-017.sgm-271.txt,2.1980229824209534,gfidf,false,1
reut2-017.sgm-271.txt,2.1980229824209534,gfidf,true,1
reut2-017.sgm-271.txt,2.1980229824209534,idf,false,1
reut2-017.sgm-271.txt,2.1980229824209534,idf,true,1
reut2-017.sgm-271.txt,2.1980229824209534,logEntropy,false,1
reut2-017.sgm-271.txt,2.1980229824209534,logEntropy,true,1
reut2-017.sgm-271.txt,2.1980229824209534,normal,false,11
reut2-017.sgm-271.txt,2.1980229824209534,normal,true,0
reut2-017.sgm-271.txt,2.1980229824209534,tfidf,false,1
reut2-017.sgm-271.txt,2.1980229824209534,tfidf,true,1
reut2-017.sgm-273.txt,0.0,binary,false,0
reut2-017.sgm-273.txt,0.0,binary,true,0
reut2-017.sgm-273.txt,0.0,count,false,0
reut2-017.sgm-273.txt,0.0,count,true,0
reut2-017.sgm-273.txt,0.0,gfidf,false,0
reut2-017.sgm-273.txt,0.0,gfidf,true,0
reut2-017.sgm-273.txt,0.0,idf,false,0
reut2-017.sgm-273.txt,0.0,idf,true,0
reut2-017.sgm-273.txt,0.0,logEntropy,false,0
reut2-017.sgm-273.txt,0.0,logEntropy,true,0
reut2-017.sgm-273.txt,0.0,normal,false,3
reut2-017.sgm-273.txt,0.0,normal,true,3
reut2-017.sgm-273.txt,0.0,tfidf,false,0
reut2-017.sgm-273.txt,0.0,tfidf,true,0
reut2-017.sgm-279.txt,0.0,binary,false,16
reut2-017.sgm-279.txt,0.0,binary,true,16
reut2-017.sgm-279.txt,0.0,count,false,16
reut2-017.sgm-279.txt,0.0,count,true,16
reut2-017.sgm-279.txt,0.0,gfidf,false,16
reut2-017.sgm-279.txt,0.0,gfidf,true,16
reut2-017.sgm-279.txt,0.0,idf,false,16
reut2-017.sgm-279.txt,0.0,idf,true,16
reut2-017.sgm-279.txt,0.0,logEntropy,false,16
reut2-017.sgm-279.txt,0.0,logEntropy,true,16
reut2-017.sgm-279.txt,0.0,normal,false,7
reut2-017.sgm-279.txt,0.0,normal,true,15
reut2-017.sgm-279.txt,0.0,tfidf,false,16
reut2-017.sgm-279.txt,0.0,tfidf,true,16
reut2-017.sgm-293.txt,0.0,binary,false,21
reut2-017.sgm-293.txt,0.0,binary,true,21
reut2-017.sgm-293.txt,0.0,count,false,21
reut2-017.sgm-293.txt,0.0,count,true,21
reut2-017.sgm-293.txt,0.0,gfidf,false,21
reut2-017.sgm-293.txt,0.0,gfidf,true,21
reut2-017.sgm-293.txt,0.0,idf,false,21
reut2-017.sgm-293.txt,0.0,idf,true,21
reut2-017.sgm-293.txt,0.0,logEntropy,false,21
reut2-017.sgm-293.txt,0.0,logEntropy,true,21
reut2-017.sgm-293.txt,0.0,normal,false,8
reut2-017.sgm-293.txt,0.0,normal,true,8
reut2-017.sgm-293.txt,0.0,tfidf,false,21
reut2-017.sgm-293.txt,0.0,tfidf,true,21
reut2-017.sgm-295.txt,0.0,binary,false,6
reut2-017.sgm-295.txt,0.0,binary,true,6
reut2-017.sgm-295.txt,0.0,count,false,6
reut2-017.sgm-295.txt,0.0,count,true,6
reut2-017.sgm-295.txt,0.0,gfidf,false,6
reut2-017.sgm-295.txt,0.0,gfidf,true,6
reut2-017.sgm-295.txt,0.0,idf,false,6
reut2-017.sgm-295.txt,0.0,idf,true,13
reut2-017.sgm-295.txt,0.0,logEntropy,false,6
reut2-017.sgm-295.txt,0.0,logEntropy,true,6
reut2-017.sgm-295.txt,0.0,normal,false,0
reut2-017.sgm-295.txt,0.0,normal,true,6
reut2-017.sgm-295.txt,0.0,tfidf,false,13
reut2-017.sgm-295.txt,0.0,tfidf,true,13
reut2-017.sgm-3.txt,0.0,binary,false,2
reut2-017.sgm-3.txt,0.0,binary,true,6
reut2-017.sgm-3.txt,0.0,count,false,2
reut2-017.sgm-3.txt,0.0,count,true,2
reut2-017.sgm-3.txt,0.0,gfidf,false,2
reut2-017.sgm-3.txt,0.0,gfidf,true,6
reut2-017.sgm-3.txt,0.0,idf,false,2
reut2-017.sgm-3.txt,0.0,idf,true,6
reut2-017.sgm-3.txt,0.0,logEntropy,false,2
reut2-017.sgm-3.txt,0.0,logEntropy,true,2
reut2-017.sgm-3.txt,0.0,normal,false,2
reut2-017.sgm-3.txt,0.0,normal,true,6
reut2-017.sgm-3.txt,0.0,tfidf,false,2
reut2-017.sgm-3.txt,0.0,tfidf,true,7
reut2-017.sgm-304.txt,0.0,binary,false,2
reut2-017.sgm-304.txt,0.0,binary,true,6
reut2-017.sgm-304.txt,0.0,count,false,6
reut2-017.sgm-304.txt,0.0,count,true,6
reut2-017.sgm-304.txt,0.0,gfidf,false,2
reut2-017.sgm-304.txt,0.0,gfidf,true,6
reut2-017.sgm-304.txt,0.0,idf,false,2
reut2-017.sgm-304.txt,0.0,idf,true,6
reut2-017.sgm-304.txt,0.0,logEntropy,false,6
reut2-017.sgm-304.txt,0.0,logEntropy,true,6
reut2-017.sgm-304.txt,0.0,normal,false,2
reut2-017.sgm-304.txt,0.0,normal,true,18
reut2-017.sgm-304.txt,0.0,tfidf,false,22
reut2-017.sgm-304.txt,0.0,tfidf,true,6
reut2-017.sgm-305.txt,0.0,binary,false,0
reut2-017.sgm-305.txt,0.0,binary,true,0
reut2-017.sgm-305.txt,0.0,count,false,0
reut2-017.sgm-305.txt,0.0,count,true,0
reut2-017.sgm-305.txt,0.0,gfidf,false,0
reut2-017.sgm-305.txt,0.0,gfidf,true,0
reut2-017.sgm-305.txt,0.0,idf,false,0
reut2-017.sgm-305.txt,0.0,idf,true,0
reut2-017.sgm-305.txt,0.0,logEntropy,false,0
reut2-017.sgm-305.txt,0.0,logEntropy,true,0
reut2-017.sgm-305.txt,0.0,normal,false,13
reut2-017.sgm-305.txt,0.0,normal,true,13
reut2-017.sgm-305.txt,0.0,tfidf,false,0
reut2-017.sgm-305.txt,0.0,tfidf,true,0
reut2-017.sgm-306.txt,0.0,binary,false,12
reut2-017.sgm-306.txt,0.0,binary,true,0
reut2-017.sgm-306.txt,0.0,count,false,19
reut2-017.sgm-306.txt,0.0,count,true,19
reut2-017.sgm-306.txt,0.0,gfidf,false,0
reut2-017.sgm-306.txt,0.0,gfidf,true,19
reut2-017.sgm-306.txt,0.0,idf,false,12
reut2-017.sgm-306.txt,0.0,idf,true,0
reut2-017.sgm-306.txt,0.0,logEntropy,false,0
reut2-017.sgm-306.txt,0.0,logEntropy,true,0
reut2-017.sgm-306.txt,0.0,normal,false,0
reut2-017.sgm-306.txt,0.0,normal,true,0
reut2-017.sgm-306.txt,0.0,tfidf,false,19
reut2-017.sgm-306.txt,0.0,tfidf,true,19
reut2-017.sgm-311.txt,0.0,binary,false,11
reut2-017.sgm-311.txt,0.0,binary,true,11
reut2-017.sgm-311.txt,0.0,count,false,3
reut2-017.sgm-311.txt,0.0,count,true,3
reut2-017.sgm-311.txt,0.0,gfidf,false,3
reut2-017.sgm-311.txt,0.0,gfidf,true,3
reut2-017.sgm-311.txt,0.0,idf,false,11
reut2-017.sgm-311.txt,0.0,idf,true,11
reut2-017.sgm-311.txt,0.0,logEntropy,false,3
reut2-017.sgm-311.txt,0.0,logEntropy,true,3
reut2-017.sgm-311.txt,0.0,normal,false,3
reut2-017.sgm-311.txt,0.0,normal,true,3
reut2-017.sgm-311.txt,0.0,tfidf,false,15
reut2-017.sgm-311.txt,0.0,tfidf,true,11
reut2-017.sgm-324.txt,0.0,binary,false,6
reut2-017.sgm-324.txt,0.0,binary,true,14
reut2-017.sgm-324.txt,0.0,count,false,6
reut2-017.sgm-324.txt,0.0,count,true,14
reut2-017.sgm-324.txt,0.0,gfidf,false,32
reut2-017.sgm-324.txt,0.0,gfidf,true,32
reut2-017.sgm-324.txt,0.0,idf,false,6
reut2-017.sgm-324.txt,0.0,idf,true,14
reut2-017.sgm-324.txt,0.0,logEntropy,false,6
reut2-017.sgm-324.txt,0.0,logEntropy,true,14
reut2-017.sgm-324.txt,0.0,normal,false,19
reut2-017.sgm-324.txt,0.0,normal,true,1
reut2-017.sgm-324.txt,0.0,tfidf,false,6
reut2-017.sgm-324.txt,0.0,tfidf,true,32
reut2-017.sgm-328.txt,0.0,binary,false,8
reut2-017.sgm-328.txt,0.0,binary,true,1
reut2-017.sgm-328.txt,0.0,count,false,8
reut2-017.sgm-328.txt,0.0,count,true,1
reut2-017.sgm-328.txt,0.0,gfidf,false,8
reut2-017.sgm-328.txt,0.0,gfidf,true,1
reut2-017.sgm-328.txt,0.0,idf,false,8
reut2-017.sgm-328.txt,0.0,idf,true,1
reut2-017.sgm-328.txt,0.0,logEntropy,false,8
reut2-017.sgm-328.txt,0.0,logEntropy,true,1
reut2-017.sgm-328.txt,0.0,normal,false,0
reut2-017.sgm-328.txt,0.0,normal,true,0
reut2-017.sgm-328.txt,0.0,tfidf,false,8
reut2-017.sgm-328.txt,0.0,tfidf,true,1
reut2-017.sgm-334.txt,0.0,binary,false,13
reut2-017.sgm-334.txt,0.0,binary,true,13
reut2-017.sgm-334.txt,0.0,count,false,13
reut2-017.sgm-334.txt,0.0,count,true,13
reut2-017.sgm-334.txt,0.0,gfidf,false,13
reut2-017.sgm-334.txt,0.0,gfidf,true,13
reut2-017.sgm-334.txt,0.0,idf,false,13
reut2-017.sgm-334.txt,0.0,idf,true,13
reut2-017.sgm-334.txt,0.0,logEntropy,false,13
reut2-017.sgm-334.txt,0.0,logEntropy,true,13
reut2-017.sgm-334.txt,0.0,normal,false,13
reut2-017.sgm-334.txt,0.0,normal,true,10
reut2-017.sgm-334.txt,0.0,tfidf,false,13
reut2-017.sgm-334.txt,0.0,tfidf,true,13
reut2-017.sgm-347.txt,2.34877748309538,binary,false,8
reut2-017.sgm-347.txt,2.34877748309538,binary,true,1
reut2-017.sgm-347.txt,2.34877748309538,count,false,8
reut2-017.sgm-347.txt,2.34877748309538,count,true,1
reut2-017.sgm-347.txt,2.34877748309538,gfidf,false,8
reut2-017.sgm-347.txt,2.34877748309538,gfidf,true,1
reut2-017.sgm-347.txt,2.34877748309538,idf,false,8
reut2-017.sgm-347.txt,2.34877748309538,idf,true,8
reut2-017.sgm-347.txt,2.34877748309538,logEntropy,false,8
reut2-017.sgm-347.txt,2.34877748309538,logEntropy,true,1
reut2-017.sgm-347.txt,2.34877748309538,normal,false,1
reut2-017.sgm-347.txt,2.34877748309538,normal,true,0
reut2-017.sgm-347.txt,2.34877748309538,tfidf,false,8
reut2-017.sgm-347.txt,2.34877748309538,tfidf,true,8
reut2-017.sgm-35.txt,0.0,binary,false,8
reut2-017.sgm-35.txt,0.0,binary,true,8
reut2-017.sgm-35.txt,0.0,count,false,8
reut2-017.sgm-35.txt,0.0,count,true,8
reut2-017.sgm-35.txt,0.0,gfidf,false,8
reut2-017.sgm-35.txt,0.0,gfidf,true,8
reut2-017.sgm-35.txt,0.0,idf,false,8
reut2-017.sgm-35.txt,0.0,idf,true,8
reut2-017.sgm-35.txt,0.0,logEntropy,false,8
reut2-017.sgm-35.txt,0.0,logEntropy,true,8
reut2-017.sgm-35.txt,0.0,normal,false,0
reut2-017.sgm-35.txt,0.0,normal,true,2
reut2-017.sgm-35.txt,0.0,tfidf,false,8
reut2-017.sgm-35.txt,0.0,tfidf,true,8
reut2-017.sgm-356.txt,4.0,binary,false,0
reut2-017.sgm-356.txt,4.0,binary,true,0
reut2-017.sgm-356.txt,4.0,count,false,0
reut2-017.sgm-356.txt,4.0,count,true,0
reut2-017.sgm-356.txt,4.0,gfidf,false,0
reut2-017.sgm-356.txt,4.0,gfidf,true,0
reut2-017.sgm-356.txt,4.0,idf,false,0
reut2-017.sgm-356.txt,4.0,idf,true,0
reut2-017.sgm-356.txt,4.0,logEntropy,false,0
reut2-017.sgm-356.txt,4.0,logEntropy,true,0
reut2-017.sgm-356.txt,4.0,normal,false,0
reut2-017.sgm-356.txt,4.0,normal,true,0
reut2-017.sgm-356.txt,4.0,tfidf,false,0
reut2-017.sgm-356.txt,4.0,tfidf,true,0
reut2-017.sgm-357.txt,0.0,binary,false,15
reut2-017.sgm-357.txt,0.0,binary,true,15
reut2-017.sgm-357.txt,0.0,count,false,39
reut2-017.sgm-357.txt,0.0,count,true,10
reut2-017.sgm-357.txt,0.0,gfidf,false,15
reut2-017.sgm-357.txt,0.0,gfidf,true,10
reut2-017.sgm-357.txt,0.0,idf,false,15
reut2-017.sgm-357.txt,0.0,idf,true,15
reut2-017.sgm-357.txt,0.0,logEntropy,false,15
reut2-017.sgm-357.txt,0.0,logEntropy,true,24
reut2-017.sgm-357.txt,0.0,normal,false,39
reut2-017.sgm-357.txt,0.0,normal,true,39
reut2-017.sgm-357.txt,0.0,tfidf,false,10
reut2-017.sgm-357.txt,0.0,tfidf,true,10
reut2-017.sgm-358.txt,0.0,binary,false,22
reut2-017.sgm-358.txt,0.0,binary,true,22
reut2-017.sgm-358.txt,0.0,count,false,22
reut2-017.sgm-358.txt,0.0,count,true,22
reut2-017.sgm-358.txt,0.0,gfidf,false,22
reut2-017.sgm-358.txt,0.0,gfidf,true,22
reut2-017.sgm-358.txt,0.0,idf,false,22
reut2-017.sgm-358.txt,0.0,idf,true,22
reut2-017.sgm-358.txt,0.0,logEntropy,false,22
reut2-017.sgm-358.txt,0.0,logEntropy,true,22
reut2-017.sgm-358.txt,0.0,normal,false,12
reut2-017.sgm-358.txt,0.0,normal,true,3
reut2-017.sgm-358.txt,0.0,tfidf,false,22
reut2-017.sgm-358.txt,0.0,tfidf,true,22
reut2-017.sgm-362.txt,0.0,binary,false,11
reut2-017.sgm-362.txt,0.0,binary,true,11
reut2-017.sgm-362.txt,0.0,count,false,11
reut2-017.sgm-362.txt,0.0,count,true,11
reut2-017.sgm-362.txt,0.0,gfidf,false,11
reut2-017.sgm-362.txt,0.0,gfidf,true,11
reut2-017.sgm-362.txt,0.0,idf,false,41
reut2-017.sgm-362.txt,0.0,idf,true,11
reut2-017.sgm-362.txt,0.0,logEntropy,false,11
reut2-017.sgm-362.txt,0.0,logEntropy,true,11
reut2-017.sgm-362.txt,0.0,normal,false,0
reut2-017.sgm-362.txt,0.0,normal,true,0
reut2-017.sgm-362.txt,0.0,tfidf,false,41
reut2-017.sgm-362.txt,0.0,tfidf,true,41
reut2-017.sgm-364.txt,1.7239456424939554,binary,false,5
reut2-017.sgm-364.txt,1.7239456424939554,binary,true,5
reut2-017.sgm-364.txt,1.7239456424939554,count,false,6
reut2-017.sgm-364.txt,1.7239456424939554,count,true,0
reut2-017.sgm-364.txt,1.7239456424939554,gfidf,false,6
reut2-017.sgm-364.txt,1.7239456424939554,gfidf,true,6
reut2-017.sgm-364.txt,1.7239456424939554,idf,false,5
reut2-017.sgm-364.txt,1.7239456424939554,idf,true,5
reut2-017.sgm-364.txt,1.7239456424939554,logEntropy,false,6
reut2-017.sgm-364.txt,1.7239456424939554,logEntropy,true,6
reut2-017.sgm-364.txt,1.7239456424939554,normal,false,6
reut2-017.sgm-364.txt,1.7239456424939554,normal,true,6
reut2-017.sgm-364.txt,1.7239456424939554,tfidf,false,6
reut2-017.sgm-364.txt,1.7239456424939554,tfidf,true,5
reut2-017.sgm-365.txt,0.0,binary,false,5
reut2-017.sgm-365.txt,0.0,binary,true,5
reut2-017.sgm-365.txt,0.0,count,false,5
reut2-017.sgm-365.txt,0.0,count,true,5
reut2-017.sgm-365.txt,0.0,gfidf,false,5
reut2-017.sgm-365.txt,0.0,gfidf,true,5
reut2-017.sgm-365.txt,0.0,idf,false,5
reut2-017.sgm-365.txt,0.0,idf,true,5
reut2-017.sgm-365.txt,0.0,logEntropy,false,5
reut2-017.sgm-365.txt,0.0,logEntropy,true,5
reut2-017.sgm-365.txt,0.0,normal,false,5
reut2-017.sgm-365.txt,0.0,normal,true,5
reut2-017.sgm-365.txt,0.0,tfidf,false,5
reut2-017.sgm-365.txt,0.0,tfidf,true,5
reut2-017.sgm-366.txt,0.0,binary,false,12
reut2-017.sgm-366.txt,0.0,binary,true,12
reut2-017.sgm-366.txt,0.0,count,false,12
reut2-017.sgm-366.txt,0.0,count,true,12
reut2-017.sgm-366.txt,0.0,gfidf,false,11
reut2-017.sgm-366.txt,0.0,gfidf,true,11
reut2-017.sgm-366.txt,0.0,idf,false,12
reut2-017.sgm-366.txt,0.0,idf,true,12
reut2-017.sgm-366.txt,0.0,logEntropy,false,12
reut2-017.sgm-366.txt,0.0,logEntropy,true,12
reut2-017.sgm-366.txt,0.0,normal,false,0
reut2-017.sgm-366.txt,0.0,normal,true,0
reut2-017.sgm-366.txt,0.0,tfidf,false,11
reut2-017.sgm-366.txt,0.0,tfidf,true,11
reut2-017.sgm-367.txt,0.0,binary,false,4
reut2-017.sgm-367.txt,0.0,binary,true,2
reut2-017.sgm-367.txt,0.0,count,false,3
reut2-017.sgm-367.txt,0.0,count,true,0
reut2-017.sgm-367.txt,0.0,gfidf,false,4
reut2-017.sgm-367.txt,0.0,gfidf,true,3
reut2-017.sgm-367.txt,0.0,idf,false,3
reut2-017.sgm-367.txt,0.0,idf,true,2
reut2-017.sgm-367.txt,0.0,logEntropy,false,4
reut2-017.sgm-367.txt,0.0,logEntropy,true,3
reut2-017.sgm-367.txt,0.0,normal,false,6
reut2-017.sgm-367.txt,0.0,normal,true,14
reut2-017.sgm-367.txt,0.0,tfidf,false,3
reut2-017.sgm-367.txt,0.0,tfidf,true,24
reut2-017.sgm-368.txt,3.0568542442052555,binary,false,1
reut2-017.sgm-368.txt,3.0568542442052555,binary,true,0
reut2-017.sgm-368.txt,3.0568542442052555,count,false,1
reut2-017.sgm-368.txt,3.0568542442052555,count,true,1
reut2-017.sgm-368.txt,3.0568542442052555,gfidf,false,1
reut2-017.sgm-368.txt,3.0568542442052555,gfidf,true,0
reut2-017.sgm-368.txt,3.0568542442052555,idf,false,1
reut2-017.sgm-368.txt,3.0568542442052555,idf,true,1
reut2-017.sgm-368.txt,3.0568542442052555,logEntropy,false,1
reut2-017.sgm-368.txt,3.0568542442052555,logEntropy,true,0
reut2-017.sgm-368.txt,3.0568542442052555,normal,false,0
reut2-017.sgm-368.txt,3.0568542442052555,normal,true,0
reut2-017.sgm-368.txt,3.0568542442052555,tfidf,false,1
reut2-017.sgm-368.txt,3.0568542442052555,tfidf,true,1
reut2-017.sgm-370.txt,0.0,binary,false,10
reut2-017.sgm-370.txt,0.0,binary,true,5
reut2-017.sgm-370.txt,0.0,count,false,1
reut2-017.sgm-370.txt,0.0,count,true,12
reut2-017.sgm-370.txt,0.0,gfidf,false,1
reut2-017.sgm-370.txt,0.0,gfidf,true,5
reut2-017.sgm-370.txt,0.0,idf,false,10
reut2-017.sgm-370.txt,0.0,idf,true,5
reut2-017.sgm-370.txt,0.0,logEntropy,false,1
reut2-017.sgm-370.txt,0.0,logEntropy,true,5
reut2-017.sgm-370.txt,0.0,normal,false,1
reut2-017.sgm-370.txt,0.0,normal,true,23
reut2-017.sgm-370.txt,0.0,tfidf,false,1
reut2-017.sgm-370.txt,0.0,tfidf,true,5
reut2-017.sgm-371.txt,0.0,binary,false,16
reut2-017.sgm-371.txt,0.0,binary,true,15
reut2-017.sgm-371.txt,0.0,count,false,14
reut2-017.sgm-371.txt,0.0,count,true,15
reut2-017.sgm-371.txt,0.0,gfidf,false,15
reut2-017.sgm-371.txt,0.0,gfidf,true,15
reut2-017.sgm-371.txt,0.0,idf,false,15
reut2-017.sgm-371.txt,0.0,idf,true,15
reut2-017.sgm-371.txt,0.0,logEntropy,false,14
reut2-017.sgm-371.txt,0.0,logEntropy,true,15
reut2-017.sgm-371.txt,0.0,normal,false,16
reut2-017.sgm-371.txt,0.0,normal,true,16
reut2-017.sgm-371.txt,0.0,tfidf,false,15
reut2-017.sgm-371.txt,0.0,tfidf,true,15
reut2-017.sgm-372.txt,0.0,binary,false,27
reut2-017.sgm-372.txt,0.0,binary,true,25
reut2-017.sgm-372.txt,0.0,count,false,27
reut2-017.sgm-372.txt,0.0,count,true,25
reut2-017.sgm-372.txt,0.0,gfidf,false,27
reut2-017.sgm-372.txt,0.0,gfidf,true,25
reut2-017.sgm-372.txt,0.0,idf,false,30
reut2-017.sgm-372.txt,0.0,idf,true,25
reut2-017.sgm-372.txt,0.0,logEntropy,false,27
reut2-017.sgm-372.txt,0.0,logEntropy,true,25
reut2-017.sgm-372.txt,0.0,normal,false,27
reut2-017.sgm-372.txt,0.0,normal,true,0
reut2-017.sgm-372.txt,0.0,tfidf,false,30
reut2-017.sgm-372.txt,0.0,tfidf,true,18
reut2-017.sgm-373.txt,0.0,binary,false,12
reut2-017.sgm-373.txt,0.0,binary,true,12
reut2-017.sgm-373.txt,0.0,count,false,12
reut2-017.sgm-373.txt,0.0,count,true,12
reut2-017.sgm-373.txt,0.0,gfidf,false,12
reut2-017.sgm-373.txt,0.0,gfidf,true,12
reut2-017.sgm-373.txt,0.0,idf,false,12
reut2-017.sgm-373.txt,0.0,idf,true,12
reut2-017.sgm-373.txt,0.0,logEntropy,false,12
reut2-017.sgm-373.txt,0.0,logEntropy,true,12
reut2-017.sgm-373.txt,0.0,normal,false,5
reut2-017.sgm-373.txt,0.0,normal,true,5
reut2-017.sgm-373.txt,0.0,tfidf,false,12
reut2-017.sgm-373.txt,0.0,tfidf,true,12
reut2-017.sgm-374.txt,0.0,binary,false,0
reut2-017.sgm-374.txt,0.0,binary,true,0
reut2-017.sgm-374.txt,0.0,count,false,4
reut2-017.sgm-374.txt,0.0,count,true,9
reut2-017.sgm-374.txt,0.0,gfidf,false,9
reut2-017.sgm-374.txt,0.0,gfidf,true,9
reut2-017.sgm-374.txt,0.0,idf,false,6
reut2-017.sgm-374.txt,0.0,idf,true,9
reut2-017.sgm-374.txt,0.0,logEntropy,false,4
reut2-017.sgm-374.txt,0.0,logEntropy,true,4
reut2-017.sgm-374.txt,0.0,normal,false,0
reut2-017.sgm-374.txt,0.0,normal,true,0
reut2-017.sgm-374.txt,0.0,tfidf,false,9
reut2-017.sgm-374.txt,0.0,tfidf,true,9
reut2-017.sgm-380.txt,0.0,binary,false,18
reut2-017.sgm-380.txt,0.0,binary,true,18
reut2-017.sgm-380.txt,0.0,count,false,13
reut2-017.sgm-380.txt,0.0,count,true,18
reut2-017.sgm-380.txt,0.0,gfidf,false,13
reut2-017.sgm-380.txt,0.0,gfidf,true,18
reut2-017.sgm-380.txt,0.0,idf,false,18
reut2-017.sgm-380.txt,0.0,idf,true,18
reut2-017.sgm-380.txt,0.0,logEntropy,false,13
reut2-017.sgm-380.txt,0.0,logEntropy,true,18
reut2-017.sgm-380.txt,0.0,normal,false,13
reut2-017.sgm-380.txt,0.0,normal,true,13
reut2-017.sgm-380.txt,0.0,tfidf,false,7
reut2-017.sgm-380.txt,0.0,tfidf,true,18
reut2-017.sgm-385.txt,1.8114473285278132,binary,false,4
reut2-017.sgm-385.txt,1.8114473285278132,binary,true,4
reut2-017.sgm-385.txt,1.8114473285278132,count,false,4
reut2-017.sgm-385.txt,1.8114473285278132,count,true,4
reut2-017.sgm-385.txt,1.8114473285278132,gfidf,false,4
reut2-017.sgm-385.txt,1.8114473285278132,gfidf,true,4
reut2-017.sgm-385.txt,1.8114473285278132,idf,false,4
reut2-017.sgm-385.txt,1.8114473285278132,idf,true,4
reut2-017.sgm-385.txt,1.8114473285278132,logEntropy,false,4
reut2-017.sgm-385.txt,1.8114473285278132,logEntropy,true,4
reut2-017.sgm-385.txt,1.8114473285278132,normal,false,4
reut2-017.sgm-385.txt,1.8114473285278132,normal,true,4
reut2-017.sgm-385.txt,1.8114473285278132,tfidf,false,4
reut2-017.sgm-385.txt,1.8114473285278132,tfidf,true,4
reut2-017.sgm-394.txt,2.329099934777338,binary,false,1
reut2-017.sgm-394.txt,2.329099934777338,binary,true,1
reut2-017.sgm-394.txt,2.329099934777338,count,false,1
reut2-017.sgm-394.txt,2.329099934777338,count,true,1
reut2-017.sgm-394.txt,2.329099934777338,gfidf,false,1
reut2-017.sgm-394.txt,2.329099934777338,gfidf,true,1
reut2-017.sgm-394.txt,2.329099934777338,idf,false,1
reut2-017.sgm-394.txt,2.329099934777338,idf,true,5
reut2-017.sgm-394.txt,2.329099934777338,logEntropy,false,1
reut2-017.sgm-394.txt,2.329099934777338,logEntropy,true,1
reut2-017.sgm-394.txt,2.329099934777338,normal,false,0
reut2-017.sgm-394.txt,2.329099934777338,normal,true,1
reut2-017.sgm-394.txt,2.329099934777338,tfidf,false,1
reut2-017.sgm-394.txt,2.329099934777338,tfidf,true,1
reut2-017.sgm-395.txt,0.0,binary,false,33
reut2-017.sgm-395.txt,0.0,binary,true,33
reut2-017.sgm-395.txt,0.0,count,false,34
reut2-017.sgm-395.txt,0.0,count,true,25
reut2-017.sgm-395.txt,0.0,gfidf,false,33
reut2-017.sgm-395.txt,0.0,gfidf,true,33
reut2-017.sgm-395.txt,0.0,idf,false,33
reut2-017.sgm-395.txt,0.0,idf,true,33
reut2-017.sgm-395.txt,0.0,logEntropy,false,34
reut2-017.sgm-395.txt,0.0,logEntropy,true,33
reut2-017.sgm-395.txt,0.0,normal,false,21
reut2-017.sgm-395.txt,0.0,normal,true,0
reut2-017.sgm-395.txt,0.0,tfidf,false,33
reut2-017.sgm-395.txt,0.0,tfidf,true,33
reut2-017.sgm-396.txt,2.329099934777338,binary,false,1
reut2-017.sgm-396.txt,2.329099934777338,binary,true,1
reut2-017.sgm-396.txt,2.329099934777338,count,false,1
reut2-017.sgm-396.txt,2.329099934777338,count,true,1
reut2-017.sgm-396.txt,2.329099934777338,gfidf,false,1
reut2-017.sgm-396.txt,2.329099934777338,gfidf,true,1
reut2-017.sgm-396.txt,2.329099934777338,idf,false,1
reut2-017.sgm-396.txt,2.329099934777338,idf,true,5
reut2-017.sgm-396.txt,2.329099934777338,logEntropy,false,1
reut2-017.sgm-396.txt,2.329099934777338,logEntropy,true,1
reut2-017.sgm-396.txt,2.329099934777338,normal,false,0
reut2-017.sgm-396.txt,2.329099934777338,normal,true,1
reut2-017.sgm-396.txt,2.329099934777338,tfidf,false,1
reut2-017.sgm-396.txt,2.329099934777338,tfidf,true,1
reut2-017.sgm-401.txt,0.0,binary,false,23
reut2-017.sgm-401.txt,0.0,binary,true,11
reut2-017.sgm-401.txt,0.0,count,false,23
reut2-017.sgm-401.txt,0.0,count,true,23
reut2-017.sgm-401.txt,0.0,gfidf,false,23
reut2-017.sgm-401.txt,0.0,gfidf,true,23
reut2-017.sgm-401.txt,0.0,idf,false,23
reut2-017.sgm-401.txt,0.0,idf,true,11
reut2-017.sgm-401.txt,0.0,logEntropy,false,23
reut2-017.sgm-401.txt,0.0,logEntropy,true,23
reut2-017.sgm-401.txt,0.0,normal,false,23
reut2-017.sgm-401.txt,0.0,normal,true,23
reut2-017.sgm-401.txt,0.0,tfidf,false,23
reut2-017.sgm-401.txt,0.0,tfidf,true,23
reut2-017.sgm-404.txt,0.0,binary,false,6
reut2-017.sgm-404.txt,0.0,binary,true,6
reut2-017.sgm-404.txt,0.0,count,false,23
reut2-017.sgm-404.txt,0.0,count,true,2
reut2-017.sgm-404.txt,0.0,gfidf,false,6
reut2-017.sgm-404.txt,0.0,gfidf,true,6
reut2-017.sgm-404.txt,0.0,idf,false,26
reut2-017.sgm-404.txt,0.0,idf,true,6
reut2-017.sgm-404.txt,0.0,logEntropy,false,18
reut2-017.sgm-404.txt,0.0,logEntropy,true,6
reut2-017.sgm-404.txt,0.0,normal,false,18
reut2-017.sgm-404.txt,0.0,normal,true,18
reut2-017.sgm-404.txt,0.0,tfidf,false,25
reut2-017.sgm-404.txt,0.0,tfidf,true,2
reut2-017.sgm-406.txt,0.0,binary,false,3
reut2-017.sgm-406.txt,0.0,binary,true,3
reut2-017.sgm-406.txt,0.0,count,false,0
reut2-017.sgm-406.txt,0.0,count,true,0
reut2-017.sgm-406.txt,0.0,gfidf,false,3
reut2-017.sgm-406.txt,0.0,gfidf,true,3
reut2-017.sgm-406.txt,0.0,idf,false,3
reut2-017.sgm-406.txt,0.0,idf,true,3
reut2-017.sgm-406.txt,0.0,logEntropy,false,0
reut2-017.sgm-406.txt,0.0,logEntropy,true,0
reut2-017.sgm-406.txt,0.0,normal,false,3
reut2-017.sgm-406.txt,0.0,normal,true,0
reut2-017.sgm-406.txt,0.0,tfidf,false,12
reut2-017.sgm-406.txt,0.0,tfidf,true,12
reut2-017.sgm-408.txt,0.0,binary,false,14
reut2-017.sgm-408.txt,0.0,binary,true,8
reut2-017.sgm-408.txt,0.0,count,false,10
reut2-017.sgm-408.txt,0.0,count,true,8
reut2-017.sgm-408.txt,0.0,gfidf,false,14
reut2-017.sgm-408.txt,0.0,gfidf,true,8
reut2-017.sgm-408.txt,0.0,idf,false,10
reut2-017.sgm-408.txt,0.0,idf,true,10
reut2-017.sgm-408.txt,0.0,logEntropy,false,10
reut2-017.sgm-408.txt,0.0,logEntropy,true,8
reut2-017.sgm-408.txt,0.0,normal,false,14
reut2-017.sgm-408.txt,0.0,normal,true,14
reut2-017.sgm-408.txt,0.0,tfidf,false,10
reut2-017.sgm-408.txt,0.0,tfidf,true,10
reut2-017.sgm-409.txt,2.1815432972869333,binary,false,1
reut2-017.sgm-409.txt,2.1815432972869333,binary,true,1
reut2-017.sgm-409.txt,2.1815432972869333,count,false,1
reut2-017.sgm-409.txt,2.1815432972869333,count,true,2
reut2-017.sgm-409.txt,2.1815432972869333,gfidf,false,1
reut2-017.sgm-409.txt,2.1815432972869333,gfidf,true,2
reut2-017.sgm-409.txt,2.1815432972869333,idf,false,1
reut2-017.sgm-409.txt,2.1815432972869333,idf,true,1
reut2-017.sgm-409.txt,2.1815432972869333,logEntropy,false,1
reut2-017.sgm-409.txt,2.1815432972869333,logEntropy,true,1
reut2-017.sgm-409.txt,2.1815432972869333,normal,false,1
reut2-017.sgm-409.txt,2.1815432972869333,normal,true,2
reut2-017.sgm-409.txt,2.1815432972869333,tfidf,false,18
reut2-017.sgm-409.txt,2.1815432972869333,tfidf,true,2
reut2-017.sgm-414.txt,0.0,binary,false,8
reut2-017.sgm-414.txt,0.0,binary,true,9
reut2-017.sgm-414.txt,0.0,count,false,8
reut2-017.sgm-414.txt,0.0,count,true,8
reut2-017.sgm-414.txt,0.0,gfidf,false,8
reut2-017.sgm-414.txt,0.0,gfidf,true,8
reut2-017.sgm-414.txt,0.0,idf,false,8
reut2-017.sgm-414.txt,0.0,idf,true,9
reut2-017.sgm-414.txt,0.0,logEntropy,false,8
reut2-017.sgm-414.txt,0.0,logEntropy,true,8
reut2-017.sgm-414.txt,0.0,normal,false,8
reut2-017.sgm-414.txt,0.0,normal,true,8
reut2-017.sgm-414.txt,0.0,tfidf,false,9
reut2-017.sgm-414.txt,0.0,tfidf,true,9
reut2-017.sgm-415.txt,2.0666153110964625,binary,false,1
reut2-017.sgm-415.txt,2.0666153110964625,binary,true,1
reut2-017.sgm-415.txt,2.0666153110964625,count,false,9
reut2-017.sgm-415.txt,2.0666153110964625,count,true,1
reut2-017.sgm-415.txt,2.0666153110964625,gfidf,false,9
reut2-017.sgm-415.txt,2.0666153110964625,gfidf,true,0
reut2-017.sgm-415.txt,2.0666153110964625,idf,false,1
reut2-017.sgm-415.txt,2.0666153110964625,idf,true,1
reut2-017.sgm-415.txt,2.0666153110964625,logEntropy,false,9
reut2-017.sgm-415.txt,2.0666153110964625,logEntropy,true,1
reut2-017.sgm-415.txt,2.0666153110964625,normal,false,13
reut2-017.sgm-415.txt,2.0666153110964625,normal,true,0
reut2-017.sgm-415.txt,2.0666153110964625,tfidf,false,1
reut2-017.sgm-415.txt,2.0666153110964625,tfidf,true,1
reut2-017.sgm-417.txt,2.6918003852647123,binary,false,0
reut2-017.sgm-417.txt,2.6918003852647123,binary,true,0
reut2-017.sgm-417.txt,2.6918003852647123,count,false,3
reut2-017.sgm-417.txt,2.6918003852647123,count,true,3
reut2-017.sgm-417.txt,2.6918003852647123,gfidf,false,0
reut2-017.sgm-417.txt,2.6918003852647123,gfidf,true,0
reut2-017.sgm-417.txt,2.6918003852647123,idf,false,0
reut2-017.sgm-417.txt,2.6918003852647123,idf,true,0
reut2-017.sgm-417.txt,2.6918003852647123,logEntropy,false,3
reut2-017.sgm-417.txt,2.6918003852647123,logEntropy,true,3
reut2-017.sgm-417.txt,2.6918003852647123,normal,false,3
reut2-017.sgm-417.txt,2.6918003852647123,normal,true,3
reut2-017.sgm-417.txt,2.6918003852647123,tfidf,false,12
reut2-017.sgm-417.txt,2.6918003852647123,tfidf,true,0
reut2-017.sgm-418.txt,0.0,binary,false,6
reut2-017.sgm-418.txt,0.0,binary,true,5
reut2-017.sgm-418.txt,0.0,count,false,6
reut2-017.sgm-418.txt,0.0,count,true,5
reut2-017.sgm-418.txt,0.0,gfidf,false,6
reut2-017.sgm-418.txt,0.0,gfidf,true,5
reut2-017.sgm-418.txt,0.0,idf,false,6
reut2-017.sgm-418.txt,0.0,idf,true,6
reut2-017.sgm-418.txt,0.0,logEntropy,false,6
reut2-017.sgm-418.txt,0.0,logEntropy,true,5
reut2-017.sgm-418.txt,0.0,normal,false,0
reut2-017.sgm-418.txt,0.0,normal,true,0
reut2-017.sgm-418.txt,0.0,tfidf,false,6
reut2-017.sgm-418.txt,0.0,tfidf,true,6
reut2-017.sgm-42.txt,0.0,binary,false,4
reut2-017.sgm-42.txt,0.0,binary,true,4
reut2-017.sgm-42.txt,0.0,count,false,4
reut2-017.sgm-42.txt,0.0,count,true,4
reut2-017.sgm-42.txt,0.0,gfidf,false,4
reut2-017.sgm-42.txt,0.0,gfidf,true,4
reut2-017.sgm-42.txt,0.0,idf,false,4
reut2-017.sgm-42.txt,0.0,idf,true,4
reut2-017.sgm-42.txt,0.0,logEntropy,false,4
reut2-017.sgm-42.txt,0.0,logEntropy,true,4
reut2-017.sgm-42.txt,0.0,normal,false,4
reut2-017.sgm-42.txt,0.0,normal,true,4
reut2-017.sgm-42.txt,0.0,tfidf,false,4
reut2-017.sgm-42.txt,0.0,tfidf,true,4
reut2-017.sgm-422.txt,0.0,binary,false,5
reut2-017.sgm-422.txt,0.0,binary,true,5
reut2-017.sgm-422.txt,0.0,count,false,12
reut2-017.sgm-422.txt,0.0,count,true,5
reut2-017.sgm-422.txt,0.0,gfidf,false,12
reut2-017.sgm-422.txt,0.0,gfidf,true,5
reut2-017.sgm-422.txt,0.0,idf,false,5
reut2-017.sgm-422.txt,0.0,idf,true,5
reut2-017.sgm-422.txt,0.0,logEntropy,false,12
reut2-017.sgm-422.txt,0.0,logEntropy,true,5
reut2-017.sgm-422.txt,0.0,normal,false,0
reut2-017.sgm-422.txt,0.0,normal,true,0
reut2-017.sgm-422.txt,0.0,tfidf,false,5
reut2-017.sgm-422.txt,0.0,tfidf,true,5
reut2-017.sgm-428.txt,0.0,binary,false,0
reut2-017.sgm-428.txt,0.0,binary,true,0
reut2-017.sgm-428.txt,0.0,count,false,2
reut2-017.sgm-428.txt,0.0,count,true,2
reut2-017.sgm-428.txt,0.0,gfidf,false,2
reut2-017.sgm-428.txt,0.0,gfidf,true,2
reut2-017.sgm-428.txt,0.0,idf,false,3
reut2-017.sgm-428.txt,0.0,idf,true,2
reut2-017.sgm-428.txt,0.0,logEntropy,false,2
reut2-017.sgm-428.txt,0.0,logEntropy,true,2
reut2-017.sgm-428.txt,0.0,normal,false,0
reut2-017.sgm-428.txt,0.0,normal,true,0
reut2-017.sgm-428.txt,0.0,tfidf,false,3
reut2-017.sgm-428.txt,0.0,tfidf,true,12
reut2-017.sgm-429.txt,0.0,binary,false,2
reut2-017.sgm-429.txt,0.0,binary,true,2
reut2-017.sgm-429.txt,0.0,count,false,2
reut2-017.sgm-429.txt,0.0,count,true,2
reut2-017.sgm-429.txt,0.0,gfidf,false,2
reut2-017.sgm-429.txt,0.0,gfidf,true,2
reut2-017.sgm-429.txt,0.0,idf,false,2
reut2-017.sgm-429.txt,0.0,idf,true,2
reut2-017.sgm-429.txt,0.0,logEntropy,false,2
reut2-017.sgm-429.txt,0.0,logEntropy,true,2
reut2-017.sgm-429.txt,0.0,normal,false,11
reut2-017.sgm-429.txt,0.0,normal,true,13
reut2-017.sgm-429.txt,0.0,tfidf,false,2
reut2-017.sgm-429.txt,0.0,tfidf,true,2
reut2-017.sgm-432.txt,0.0,binary,false,24
reut2-017.sgm-432.txt,0.0,binary,true,1
reut2-017.sgm-432.txt,0.0,count,false,8
reut2-017.sgm-432.txt,0.0,count,true,12
reut2-017.sgm-432.txt,0.0,gfidf,false,24
reut2-017.sgm-432.txt,0.0,gfidf,true,1
reut2-017.sgm-432.txt,0.0,idf,false,24
reut2-017.sgm-432.txt,0.0,idf,true,8
reut2-017.sgm-432.txt,0.0,logEntropy,false,24
reut2-017.sgm-432.txt,0.0,logEntropy,true,1
reut2-017.sgm-432.txt,0.0,normal,false,1
reut2-017.sgm-432.txt,0.0,normal,true,1
reut2-017.sgm-432.txt,0.0,tfidf,false,24
reut2-017.sgm-432.txt,0.0,tfidf,true,12
reut2-017.sgm-433.txt,3.44789128498791,binary,false,0
reut2-017.sgm-433.txt,3.44789128498791,binary,true,0
reut2-017.sgm-433.txt,3.44789128498791,count,false,0
reut2-017.sgm-433.txt,3.44789128498791,count,true,0
reut2-017.sgm-433.txt,3.44789128498791,gfidf,false,0
reut2-017.sgm-433.txt,3.44789128498791,gfidf,true,0
reut2-017.sgm-433.txt,3.44789128498791,idf,false,0
reut2-017.sgm-433.txt,3.44789128498791,idf,true,8
reut2-017.sgm-433.txt,3.44789128498791,logEntropy,false,0
reut2-017.sgm-433.txt,3.44789128498791,logEntropy,true,0
reut2-017.sgm-433.txt,3.44789128498791,normal,false,0
reut2-017.sgm-433.txt,3.44789128498791,normal,true,0
reut2-017.sgm-433.txt,3.44789128498791,tfidf,false,8
reut2-017.sgm-433.txt,3.44789128498791,tfidf,true,8
reut2-017.sgm-437.txt,0.0,binary,false,19
reut2-017.sgm-437.txt,0.0,binary,true,26
reut2-017.sgm-437.txt,0.0,count,false,19
reut2-017.sgm-437.txt,0.0,count,true,19
reut2-017.sgm-437.txt,0.0,gfidf,false,19
reut2-017.sgm-437.txt,0.0,gfidf,true,5
reut2-017.sgm-437.txt,0.0,idf,false,15
reut2-017.sgm-437.txt,0.0,idf,true,15
reut2-017.sgm-437.txt,0.0,logEntropy,false,19
reut2-017.sgm-437.txt,0.0,logEntropy,true,19
reut2-017.sgm-437.txt,0.0,normal,false,0
reut2-017.sgm-437.txt,0.0,normal,true,0
reut2-017.sgm-437.txt,0.0,tfidf,false,19
reut2-017.sgm-437.txt,0.0,tfidf,true,19
reut2-017.sgm-449.txt,0.0,binary,false,15
reut2-017.sgm-449.txt,0.0,binary,true,15
reut2-017.sgm-449.txt,0.0,count,false,15
reut2-017.sgm-449.txt,0.0,count,true,1
reut2-017.sgm-449.txt,0.0,gfidf,false,15
reut2-017.sgm-449.txt,0.0,gfidf,true,15
reut2-017.sgm-449.txt,0.0,idf,false,15
reut2-017.sgm-449.txt,0.0,idf,true,15
reut2-017.sgm-449.txt,0.0,logEntropy,false,15
reut2-017.sgm-449.txt,0.0,logEntropy,true,1
reut2-017.sgm-449.txt,0.0,normal,false,0
reut2-017.sgm-449.txt,0.0,normal,true,0
reut2-017.sgm-449.txt,0.0,tfidf,false,15
reut2-017.sgm-449.txt,0.0,tfidf,true,31
reut2-017.sgm-451.txt,0.0,binary,false,9
reut2-017.sgm-451.txt,0.0,binary,true,9
reut2-017.sgm-451.txt,0.0,count,false,9
reut2-017.sgm-451.txt,0.0,count,true,9
reut2-017.sgm-451.txt,0.0,gfidf,false,9
reut2-017.sgm-451.txt,0.0,gfidf,true,9
reut2-017.sgm-451.txt,0.0,idf,false,5
reut2-017.sgm-451.txt,0.0,idf,true,9
reut2-017.sgm-451.txt,0.0,logEntropy,false,9
reut2-017.sgm-451.txt,0.0,logEntropy,true,9
reut2-017.sgm-451.txt,0.0,normal,false,15
reut2-017.sgm-451.txt,0.0,normal,true,15
reut2-017.sgm-451.txt,0.0,tfidf,false,9
reut2-017.sgm-451.txt,0.0,tfidf,true,9
reut2-017.sgm-455.txt,0.0,binary,false,4
reut2-017.sgm-455.txt,0.0,binary,true,4
reut2-017.sgm-455.txt,0.0,count,false,1
reut2-017.sgm-455.txt,0.0,count,true,16
reut2-017.sgm-455.txt,0.0,gfidf,false,4
reut2-017.sgm-455.txt,0.0,gfidf,true,16
reut2-017.sgm-455.txt,0.0,idf,false,4
reut2-017.sgm-455.txt,0.0,idf,true,5
reut2-017.sgm-455.txt,0.0,logEntropy,false,4
reut2-017.sgm-455.txt,0.0,logEntropy,true,4
reut2-017.sgm-455.txt,0.0,normal,false,4
reut2-017.sgm-455.txt,0.0,normal,true,14
reut2-017.sgm-455.txt,0.0,tfidf,false,5
reut2-017.sgm-455.txt,0.0,tfidf,true,16
reut2-017.sgm-457.txt,2.2758459260747883,binary,false,19
reut2-017.sgm-457.txt,2.2758459260747883,binary,true,0
reut2-017.sgm-457.txt,2.2758459260747883,count,false,19
reut2-017.sgm-457.txt,2.2758459260747883,count,true,0
reut2-017.sgm-457.txt,2.2758459260747883,gfidf,false,19
reut2-017.sgm-457.txt,2.2758459260747883,gfidf,true,0
reut2-017.sgm-457.txt,2.2758459260747883,idf,false,19
reut2-017.sgm-457.txt,2.2758459260747883,idf,true,1
reut2-017.sgm-457.txt,2.2758459260747883,logEntropy,false,19
reut2-017.sgm-457.txt,2.2758459260747883,logEntropy,true,0
reut2-017.sgm-457.txt,2.2758459260747883,normal,false,14
reut2-017.sgm-457.txt,2.2758459260747883,normal,true,0
reut2-017.sgm-457.txt,2.2758459260747883,tfidf,false,1
reut2-017.sgm-457.txt,2.2758459260747883,tfidf,true,1
reut2-017.sgm-459.txt,0.0,binary,false,11
reut2-017.sgm-459.txt,0.0,binary,true,11
reut2-017.sgm-459.txt,0.0,count,false,11
reut2-017.sgm-459.txt,0.0,count,true,11
reut2-017.sgm-459.txt,0.0,gfidf,false,11
reut2-017.sgm-459.txt,0.0,gfidf,true,11
reut2-017.sgm-459.txt,0.0,idf,false,11
reut2-017.sgm-459.txt,0.0,idf,true,11
reut2-017.sgm-459.txt,0.0,logEntropy,false,11
reut2-017.sgm-459.txt,0.0,logEntropy,true,11
reut2-017.sgm-459.txt,0.0,normal,false,11
reut2-017.sgm-459.txt,0.0,normal,true,11
reut2-017.sgm-459.txt,0.0,tfidf,false,22
reut2-017.sgm-459.txt,0.0,tfidf,true,22
reut2-017.sgm-473.txt,0.0,binary,false,38
reut2-017.sgm-473.txt,0.0,binary,true,2
reut2-017.sgm-473.txt,0.0,count,false,38
reut2-017.sgm-473.txt,0.0,count,true,2
reut2-017.sgm-473.txt,0.0,gfidf,false,38
reut2-017.sgm-473.txt,0.0,gfidf,true,2
reut2-017.sgm-473.txt,0.0,idf,false,38
reut2-017.sgm-473.txt,0.0,idf,true,2
reut2-017.sgm-473.txt,0.0,logEntropy,false,38
reut2-017.sgm-473.txt,0.0,logEntropy,true,2
reut2-017.sgm-473.txt,0.0,normal,false,27
reut2-017.sgm-473.txt,0.0,normal,true,27
reut2-017.sgm-473.txt,0.0,tfidf,false,38
reut2-017.sgm-473.txt,0.0,tfidf,true,38
reut2-017.sgm-476.txt,0.0,binary,false,0
reut2-017.sgm-476.txt,0.0,binary,true,0
reut2-017.sgm-476.txt,0.0,count,false,24
reut2-017.sgm-476.txt,0.0,count,true,24
reut2-017.sgm-476.txt,0.0,gfidf,false,0
reut2-017.sgm-476.txt,0.0,gfidf,true,24
reut2-017.sgm-476.txt,0.0,idf,false,0
reut2-017.sgm-476.txt,0.0,idf,true,0
reut2-017.sgm-476.txt,0.0,logEntropy,false,0
reut2-017.sgm-476.txt,0.0,logEntropy,true,0
reut2-017.sgm-476.txt,0.0,normal,false,0
reut2-017.sgm-476.txt,0.0,normal,true,23
reut2-017.sgm-476.txt,0.0,tfidf,false,24
reut2-017.sgm-476.txt,0.0,tfidf,true,24
reut2-017.sgm-479.txt,0.0,binary,false,9
reut2-017.sgm-479.txt,0.0,binary,true,5
reut2-017.sgm-479.txt,0.0,count,false,0
reut2-017.sgm-479.txt,0.0,count,true,0
reut2-017.sgm-479.txt,0.0,gfidf,false,9
reut2-017.sgm-479.txt,0.0,gfidf,true,5
reut2-017.sgm-479.txt,0.0,idf,false,9
reut2-017.sgm-479.txt,0.0,idf,true,9
reut2-017.sgm-479.txt,0.0,logEntropy,false,0
reut2-017.sgm-479.txt,0.0,logEntropy,true,0
reut2-017.sgm-479.txt,0.0,normal,false,5
reut2-017.sgm-479.txt,0.0,normal,true,5
reut2-017.sgm-479.txt,0.0,tfidf,false,9
reut2-017.sgm-479.txt,0.0,tfidf,true,9
reut2-017.sgm-485.txt,0.0,binary,false,9
reut2-017.sgm-485.txt,0.0,binary,true,5
reut2-017.sgm-485.txt,0.0,count,false,0
reut2-017.sgm-485.txt,0.0,count,true,0
reut2-017.sgm-485.txt,0.0,gfidf,false,9
reut2-017.sgm-485.txt,0.0,gfidf,true,5
reut2-017.sgm-485.txt,0.0,idf,false,9
reut2-017.sgm-485.txt,0.0,idf,true,9
reut2-017.sgm-485.txt,0.0,logEntropy,false,0
reut2-017.sgm-485.txt,0.0,logEntropy,true,0
reut2-017.sgm-485.txt,0.0,normal,false,5
reut2-017.sgm-485.txt,0.0,normal,true,5
reut2-017.sgm-485.txt,0.0,tfidf,false,9
reut2-017.sgm-485.txt,0.0,tfidf,true,9
reut2-017.sgm-489.txt,0.0,binary,false,37
reut2-017.sgm-489.txt,0.0,binary,true,0
reut2-017.sgm-489.txt,0.0,count,false,0
reut2-017.sgm-489.txt,0.0,count,true,0
reut2-017.sgm-489.txt,0.0,gfidf,false,35
reut2-017.sgm-489.txt,0.0,gfidf,true,35
reut2-017.sgm-489.txt,0.0,idf,false,37
reut2-017.sgm-489.txt,0.0,idf,true,36
reut2-017.sgm-489.txt,0.0,logEntropy,false,0
reut2-017.sgm-489.txt,0.0,logEntropy,true,0
reut2-017.sgm-489.txt,0.0,normal,false,0
reut2-017.sgm-489.txt,0.0,normal,true,0
reut2-017.sgm-489.txt,0.0,tfidf,false,35
reut2-017.sgm-489.txt,0.0,tfidf,true,35
reut2-017.sgm-496.txt,0.0,binary,false,1
reut2-017.sgm-496.txt,0.0,binary,true,18
reut2-017.sgm-496.txt,0.0,count,false,1
reut2-017.sgm-496.txt,0.0,count,true,5
reut2-017.sgm-496.txt,0.0,gfidf,false,1
reut2-017.sgm-496.txt,0.0,gfidf,true,18
reut2-017.sgm-496.txt,0.0,idf,false,1
reut2-017.sgm-496.txt,0.0,idf,true,18
reut2-017.sgm-496.txt,0.0,logEntropy,false,1
reut2-017.sgm-496.txt,0.0,logEntropy,true,5
reut2-017.sgm-496.txt,0.0,normal,false,1
reut2-017.sgm-496.txt,0.0,normal,true,0
reut2-017.sgm-496.txt,0.0,tfidf,false,1
reut2-017.sgm-496.txt,0.0,tfidf,true,18
reut2-017.sgm-502.txt,0.0,binary,false,1
reut2-017.sgm-502.txt,0.0,binary,true,2
reut2-017.sgm-502.txt,0.0,count,false,4
reut2-017.sgm-502.txt,0.0,count,true,4
reut2-017.sgm-502.txt,0.0,gfidf,false,5
reut2-017.sgm-502.txt,0.0,gfidf,true,4
reut2-017.sgm-502.txt,0.0,idf,false,8
reut2-017.sgm-502.txt,0.0,idf,true,2
reut2-017.sgm-502.txt,0.0,logEntropy,false,4
reut2-017.sgm-502.txt,0.0,logEntropy,true,4
reut2-017.sgm-502.txt,0.0,normal,false,5
reut2-017.sgm-502.txt,0.0,normal,true,4
reut2-017.sgm-502.txt,0.0,tfidf,false,8
reut2-017.sgm-502.txt,0.0,tfidf,true,8
reut2-017.sgm-505.txt,0.0,binary,false,16
reut2-017.sgm-505.txt,0.0,binary,true,16
reut2-017.sgm-505.txt,0.0,count,false,7
reut2-017.sgm-505.txt,0.0,count,true,7
reut2-017.sgm-505.txt,0.0,gfidf,false,7
reut2-017.sgm-505.txt,0.0,gfidf,true,7
reut2-017.sgm-505.txt,0.0,idf,false,16
reut2-017.sgm-505.txt,0.0,idf,true,16
reut2-017.sgm-505.txt,0.0,logEntropy,false,7
reut2-017.sgm-505.txt,0.0,logEntropy,true,7
reut2-017.sgm-505.txt,0.0,normal,false,2
reut2-017.sgm-505.txt,0.0,normal,true,2
reut2-017.sgm-505.txt,0.0,tfidf,false,7
reut2-017.sgm-505.txt,0.0,tfidf,true,7
reut2-017.sgm-518.txt,1.5614183643114201,binary,false,6
reut2-017.sgm-518.txt,1.5614183643114201,binary,true,6
reut2-017.sgm-518.txt,1.5614183643114201,count,false,6
reut2-017.sgm-518.txt,1.5614183643114201,count,true,6
reut2-017.sgm-518.txt,1.5614183643114201,gfidf,false,6
reut2-017.sgm-518.txt,1.5614183643114201,gfidf,true,6
reut2-017.sgm-518.txt,1.5614183643114201,idf,false,6
reut2-017.sgm-518.txt,1.5614183643114201,idf,true,6
reut2-017.sgm-518.txt,1.5614183643114201,logEntropy,false,6
reut2-017.sgm-518.txt,1.5614183643114201,logEntropy,true,6
reut2-017.sgm-518.txt,1.5614183643114201,normal,false,6
reut2-017.sgm-518.txt,1.5614183643114201,normal,true,6
reut2-017.sgm-518.txt,1.5614183643114201,tfidf,false,6
reut2-017.sgm-518.txt,1.5614183643114201,tfidf,true,6
reut2-017.sgm-570.txt,0.0,binary,false,3
reut2-017.sgm-570.txt,0.0,binary,true,8
reut2-017.sgm-570.txt,0.0,count,false,6
reut2-017.sgm-570.txt,0.0,count,true,6
reut2-017.sgm-570.txt,0.0,gfidf,false,6
reut2-017.sgm-570.txt,0.0,gfidf,true,6
reut2-017.sgm-570.txt,0.0,idf,false,3
reut2-017.sgm-570.txt,0.0,idf,true,8
reut2-017.sgm-570.txt,0.0,logEntropy,false,6
reut2-017.sgm-570.txt,0.0,logEntropy,true,6
reut2-017.sgm-570.txt,0.0,normal,false,7
reut2-017.sgm-570.txt,0.0,normal,true,6
reut2-017.sgm-570.txt,0.0,tfidf,false,3
reut2-017.sgm-570.txt,0.0,tfidf,true,6
reut2-017.sgm-571.txt,0.0,binary,false,17
reut2-017.sgm-571.txt,0.0,binary,true,4
reut2-017.sgm-571.txt,0.0,count,false,2
reut2-017.sgm-571.txt,0.0,count,true,2
reut2-017.sgm-571.txt,0.0,gfidf,false,2
reut2-017.sgm-571.txt,0.0,gfidf,true,2
reut2-017.sgm-571.txt,0.0,idf,false,17
reut2-017.sgm-571.txt,0.0,idf,true,14
reut2-017.sgm-571.txt,0.0,logEntropy,false,2
reut2-017.sgm-571.txt,0.0,logEntropy,true,2
reut2-017.sgm-571.txt,0.0,normal,false,0
reut2-017.sgm-571.txt,0.0,normal,true,0
reut2-017.sgm-571.txt,0.0,tfidf,false,17
reut2-017.sgm-571.txt,0.0,tfidf,true,14
reut2-017.sgm-572.txt,0.0,binary,false,11
reut2-017.sgm-572.txt,0.0,binary,true,2
reut2-017.sgm-572.txt,0.0,count,false,4
reut2-017.sgm-572.txt,0.0,count,true,4
reut2-017.sgm-572.txt,0.0,gfidf,false,4
reut2-017.sgm-572.txt,0.0,gfidf,true,11
reut2-017.sgm-572.txt,0.0,idf,false,11
reut2-017.sgm-572.txt,0.0,idf,true,2
reut2-017.sgm-572.txt,0.0,logEntropy,false,4
reut2-017.sgm-572.txt,0.0,logEntropy,true,4
reut2-017.sgm-572.txt,0.0,normal,false,4
reut2-017.sgm-572.txt,0.0,normal,true,4
reut2-017.sgm-572.txt,0.0,tfidf,false,11
reut2-017.sgm-572.txt,0.0,tfidf,true,9
reut2-017.sgm-573.txt,0.0,binary,false,16
reut2-017.sgm-573.txt,0.0,binary,true,16
reut2-017.sgm-573.txt,0.0,count,false,2
reut2-017.sgm-573.txt,0.0,count,true,2
reut2-017.sgm-573.txt,0.0,gfidf,false,16
reut2-017.sgm-573.txt,0.0,gfidf,true,16
reut2-017.sgm-573.txt,0.0,idf,false,16
reut2-017.sgm-573.txt,0.0,idf,true,16
reut2-017.sgm-573.txt,0.0,logEntropy,false,16
reut2-017.sgm-573.txt,0.0,logEntropy,true,2
reut2-017.sgm-573.txt,0.0,normal,false,2
reut2-017.sgm-573.txt,0.0,normal,true,2
reut2-017.sgm-573.txt,0.0,tfidf,false,16
reut2-017.sgm-573.txt,0.0,tfidf,true,16
reut2-017.sgm-597.txt,0.0,binary,false,3
reut2-017.sgm-597.txt,0.0,binary,true,0
reut2-017.sgm-597.txt,0.0,count,false,0
reut2-017.sgm-597.txt,0.0,count,true,0
reut2-017.sgm-597.txt,0.0,gfidf,false,1
reut2-017.sgm-597.txt,0.0,gfidf,true,0
reut2-017.sgm-597.txt,0.0,idf,false,8
reut2-017.sgm-597.txt,0.0,idf,true,0
reut2-017.sgm-597.txt,0.0,logEntropy,false,0
reut2-017.sgm-597.txt,0.0,logEntropy,true,0
reut2-017.sgm-597.txt,0.0,normal,false,1
reut2-017.sgm-597.txt,0.0,normal,true,0
reut2-017.sgm-597.txt,0.0,tfidf,false,8
reut2-017.sgm-597.txt,0.0,tfidf,true,4
reut2-017.sgm-619.txt,0.0,binary,false,7
reut2-017.sgm-619.txt,0.0,binary,true,5
reut2-017.sgm-619.txt,0.0,count,false,1
reut2-017.sgm-619.txt,0.0,count,true,1
reut2-017.sgm-619.txt,0.0,gfidf,false,7
reut2-017.sgm-619.txt,0.0,gfidf,true,5
reut2-017.sgm-619.txt,0.0,idf,false,7
reut2-017.sgm-619.txt,0.0,idf,true,7
reut2-017.sgm-619.txt,0.0,logEntropy,false,1
reut2-017.sgm-619.txt,0.0,logEntropy,true,1
reut2-017.sgm-619.txt,0.0,normal,false,1
reut2-017.sgm-619.txt,0.0,normal,true,1
reut2-017.sgm-619.txt,0.0,tfidf,false,7
reut2-017.sgm-619.txt,0.0,tfidf,true,7
reut2-017.sgm-653.txt,0.0,binary,false,7
reut2-017.sgm-653.txt,0.0,binary,true,7
reut2-017.sgm-653.txt,0.0,count,false,7
reut2-017.sgm-653.txt,0.0,count,true,7
reut2-017.sgm-653.txt,0.0,gfidf,false,0
reut2-017.sgm-653.txt,0.0,gfidf,true,7
reut2-017.sgm-653.txt,0.0,idf,false,7
reut2-017.sgm-653.txt,0.0,idf,true,7
reut2-017.sgm-653.txt,0.0,logEntropy,false,0
reut2-017.sgm-653.txt,0.0,logEntropy,true,7
reut2-017.sgm-653.txt,0.0,normal,false,5
reut2-017.sgm-653.txt,0.0,normal,true,9
reut2-017.sgm-653.txt,0.0,tfidf,false,7
reut2-017.sgm-653.txt,0.0,tfidf,true,7
reut2-017.sgm-679.txt,0.0,binary,false,8
reut2-017.sgm-679.txt,0.0,binary,true,8
reut2-017.sgm-679.txt,0.0,count,false,8
reut2-017.sgm-679.txt,0.0,count,true,8
reut2-017.sgm-679.txt,0.0,gfidf,false,8
reut2-017.sgm-679.txt,0.0,gfidf,true,8
reut2-017.sgm-679.txt,0.0,idf,false,8
reut2-017.sgm-679.txt,0.0,idf,true,8
reut2-017.sgm-679.txt,0.0,logEntropy,false,8
reut2-017.sgm-679.txt,0.0,logEntropy,true,8
reut2-017.sgm-679.txt,0.0,normal,false,1
reut2-017.sgm-679.txt,0.0,normal,true,1
reut2-017.sgm-679.txt,0.0,tfidf,false,8
reut2-017.sgm-679.txt,0.0,tfidf,true,8
reut2-017.sgm-69.txt,0.0,binary,false,19
reut2-017.sgm-69.txt,0.0,binary,true,19
reut2-017.sgm-69.txt,0.0,count,false,19
reut2-017.sgm-69.txt,0.0,count,true,19
reut2-017.sgm-69.txt,0.0,gfidf,false,19
reut2-017.sgm-69.txt,0.0,gfidf,true,0
reut2-017.sgm-69.txt,0.0,idf,false,19
reut2-017.sgm-69.txt,0.0,idf,true,19
reut2-017.sgm-69.txt,0.0,logEntropy,false,19
reut2-017.sgm-69.txt,0.0,logEntropy,true,19
reut2-017.sgm-69.txt,0.0,normal,false,0
reut2-017.sgm-69.txt,0.0,normal,true,0
reut2-017.sgm-69.txt,0.0,tfidf,false,19
reut2-017.sgm-69.txt,0.0,tfidf,true,10
reut2-017.sgm-699.txt,1.5614183643114201,binary,false,5
reut2-017.sgm-699.txt,1.5614183643114201,binary,true,5
reut2-017.sgm-699.txt,1.5614183643114201,count,false,24
reut2-017.sgm-699.txt,1.5614183643114201,count,true,24
reut2-017.sgm-699.txt,1.5614183643114201,gfidf,false,5
reut2-017.sgm-699.txt,1.5614183643114201,gfidf,true,5
reut2-017.sgm-699.txt,1.5614183643114201,idf,false,5
reut2-017.sgm-699.txt,1.5614183643114201,idf,true,5
reut2-017.sgm-699.txt,1.5614183643114201,logEntropy,false,5
reut2-017.sgm-699.txt,1.5614183643114201,logEntropy,true,5
reut2-017.sgm-699.txt,1.5614183643114201,normal,false,0
reut2-017.sgm-699.txt,1.5614183643114201,normal,true,0
reut2-017.sgm-699.txt,1.5614183643114201,tfidf,false,0
reut2-017.sgm-699.txt,1.5614183643114201,tfidf,true,5
reut2-017.sgm-706.txt,0.0,binary,false,4
reut2-017.sgm-706.txt,0.0,binary,true,9
reut2-017.sgm-706.txt,0.0,count,false,4
reut2-017.sgm-706.txt,0.0,count,true,0
reut2-017.sgm-706.txt,0.0,gfidf,false,4
reut2-017.sgm-706.txt,0.0,gfidf,true,9
reut2-017.sgm-706.txt,0.0,idf,false,9
reut2-017.sgm-706.txt,0.0,idf,true,9
reut2-017.sgm-706.txt,0.0,logEntropy,false,4
reut2-017.sgm-706.txt,0.0,logEntropy,true,0
reut2-017.sgm-706.txt,0.0,normal,false,0
reut2-017.sgm-706.txt,0.0,normal,true,1
reut2-017.sgm-706.txt,0.0,tfidf,false,9
reut2-017.sgm-706.txt,0.0,tfidf,true,9
reut2-017.sgm-713.txt,0.0,binary,false,3
reut2-017.sgm-713.txt,0.0,binary,true,0
reut2-017.sgm-713.txt,0.0,count,false,3
reut2-017.sgm-713.txt,0.0,count,true,3
reut2-017.sgm-713.txt,0.0,gfidf,false,3
reut2-017.sgm-713.txt,0.0,gfidf,true,3
reut2-017.sgm-713.txt,0.0,idf,false,3
reut2-017.sgm-713.txt,0.0,idf,true,3
reut2-017.sgm-713.txt,0.0,logEntropy,false,3
reut2-017.sgm-713.txt,0.0,logEntropy,true,3
reut2-017.sgm-713.txt,0.0,normal,false,0
reut2-017.sgm-713.txt,0.0,normal,true,0
reut2-017.sgm-713.txt,0.0,tfidf,false,3
reut2-017.sgm-713.txt,0.0,tfidf,true,3
reut2-017.sgm-720.txt,0.0,binary,false,10
reut2-017.sgm-720.txt,0.0,binary,true,10
reut2-017.sgm-720.txt,0.0,count,false,10
reut2-017.sgm-720.txt,0.0,count,true,10
reut2-017.sgm-720.txt,0.0,gfidf,false,10
reut2-017.sgm-720.txt,0.0,gfidf,true,10
reut2-017.sgm-720.txt,0.0,idf,false,10
reut2-017.sgm-720.txt,0.0,idf,true,10
reut2-017.sgm-720.txt,0.0,logEntropy,false,10
reut2-017.sgm-720.txt,0.0,logEntropy,true,10
reut2-017.sgm-720.txt,0.0,normal,false,10
reut2-017.sgm-720.txt,0.0,normal,true,0
reut2-017.sgm-720.txt,0.0,tfidf,false,10
reut2-017.sgm-720.txt,0.0,tfidf,true,10
reut2-017.sgm-730.txt,0.0,binary,false,18
reut2-017.sgm-730.txt,0.0,binary,true,18
reut2-017.sgm-730.txt,0.0,count,false,18
reut2-017.sgm-730.txt,0.0,count,true,18
reut2-017.sgm-730.txt,0.0,gfidf,false,18
reut2-017.sgm-730.txt,0.0,gfidf,true,18
reut2-017.sgm-730.txt,0.0,idf,false,18
reut2-017.sgm-730.txt,0.0,idf,true,18
reut2-017.sgm-730.txt,0.0,logEntropy,false,18
reut2-017.sgm-730.txt,0.0,logEntropy,true,18
reut2-017.sgm-730.txt,0.0,normal,false,1
reut2-017.sgm-730.txt,0.0,normal,true,1
reut2-017.sgm-730.txt,0.0,tfidf,false,18
reut2-017.sgm-730.txt,0.0,tfidf,true,18
reut2-017.sgm-74.txt,0.0,binary,false,10
reut2-017.sgm-74.txt,0.0,binary,true,1
reut2-017.sgm-74.txt,0.0,count,false,9
reut2-017.sgm-74.txt,0.0,count,true,9
reut2-017.sgm-74.txt,0.0,gfidf,false,9
reut2-017.sgm-74.txt,0.0,gfidf,true,9
reut2-017.sgm-74.txt,0.0,idf,false,1
reut2-017.sgm-74.txt,0.0,idf,true,1
reut2-017.sgm-74.txt,0.0,logEntropy,false,9
reut2-017.sgm-74.txt,0.0,logEntropy,true,9
reut2-017.sgm-74.txt,0.0,normal,false,9
reut2-017.sgm-74.txt,0.0,normal,true,9
reut2-017.sgm-74.txt,0.0,tfidf,false,9
reut2-017.sgm-74.txt,0.0,tfidf,true,1
reut2-017.sgm-749.txt,0.0,binary,false,10
reut2-017.sgm-749.txt,0.0,binary,true,10
reut2-017.sgm-749.txt,0.0,count,false,12
reut2-017.sgm-749.txt,0.0,count,true,12
reut2-017.sgm-749.txt,0.0,gfidf,false,10
reut2-017.sgm-749.txt,0.0,gfidf,true,10
reut2-017.sgm-749.txt,0.0,idf,false,1
reut2-017.sgm-749.txt,0.0,idf,true,6
reut2-017.sgm-749.txt,0.0,logEntropy,false,10
reut2-017.sgm-749.txt,0.0,logEntropy,true,10
reut2-017.sgm-749.txt,0.0,normal,false,10
reut2-017.sgm-749.txt,0.0,normal,true,10
reut2-017.sgm-749.txt,0.0,tfidf,false,1
reut2-017.sgm-749.txt,0.0,tfidf,true,6
reut2-017.sgm-759.txt,0.0,binary,false,8
reut2-017.sgm-759.txt,0.0,binary,true,8
reut2-017.sgm-759.txt,0.0,count,false,8
reut2-017.sgm-759.txt,0.0,count,true,8
reut2-017.sgm-759.txt,0.0,gfidf,false,8
reut2-017.sgm-759.txt,0.0,gfidf,true,8
reut2-017.sgm-759.txt,0.0,idf,false,8
reut2-017.sgm-759.txt,0.0,idf,true,9
reut2-017.sgm-759.txt,0.0,logEntropy,false,8
reut2-017.sgm-759.txt,0.0,logEntropy,true,8
reut2-017.sgm-759.txt,0.0,normal,false,8
reut2-017.sgm-759.txt,0.0,normal,true,8
reut2-017.sgm-759.txt,0.0,tfidf,false,21
reut2-017.sgm-759.txt,0.0,tfidf,true,21
reut2-017.sgm-770.txt,0.0,binary,false,9
reut2-017.sgm-770.txt,0.0,binary,true,6
reut2-017.sgm-770.txt,0.0,count,false,0
reut2-017.sgm-770.txt,0.0,count,true,0
reut2-017.sgm-770.txt,0.0,gfidf,false,5
reut2-017.sgm-770.txt,0.0,gfidf,true,6
reut2-017.sgm-770.txt,0.0,idf,false,6
reut2-017.sgm-770.txt,0.0,idf,true,6
reut2-017.sgm-770.txt,0.0,logEntropy,false,0
reut2-017.sgm-770.txt,0.0,logEntropy,true,0
reut2-017.sgm-770.txt,0.0,normal,false,0
reut2-017.sgm-770.txt,0.0,normal,true,0
reut2-017.sgm-770.txt,0.0,tfidf,false,5
reut2-017.sgm-770.txt,0.0,tfidf,true,5
reut2-017.sgm-777.txt,0.0,binary,false,7
reut2-017.sgm-777.txt,0.0,binary,true,7
reut2-017.sgm-777.txt,0.0,count,false,7
reut2-017.sgm-777.txt,0.0,count,true,7
reut2-017.sgm-777.txt,0.0,gfidf,false,7
reut2-017.sgm-777.txt,0.0,gfidf,true,7
reut2-017.sgm-777.txt,0.0,idf,false,7
reut2-017.sgm-777.txt,0.0,idf,true,7
reut2-017.sgm-777.txt,0.0,logEntropy,false,7
reut2-017.sgm-777.txt,0.0,logEntropy,true,7
reut2-017.sgm-777.txt,0.0,normal,false,1
reut2-017.sgm-777.txt,0.0,normal,true,1
reut2-017.sgm-777.txt,0.0,tfidf,false,7
reut2-017.sgm-777.txt,0.0,tfidf,true,7
reut2-017.sgm-778.txt,0.0,binary,false,10
reut2-017.sgm-778.txt,0.0,binary,true,10
reut2-017.sgm-778.txt,0.0,count,false,10
reut2-017.sgm-778.txt,0.0,count,true,10
reut2-017.sgm-778.txt,0.0,gfidf,false,10
reut2-017.sgm-778.txt,0.0,gfidf,true,10
reut2-017.sgm-778.txt,0.0,idf,false,20
reut2-017.sgm-778.txt,0.0,idf,true,10
reut2-017.sgm-778.txt,0.0,logEntropy,false,10
reut2-017.sgm-778.txt,0.0,logEntropy,true,10
reut2-017.sgm-778.txt,0.0,normal,false,11
reut2-017.sgm-778.txt,0.0,normal,true,11
reut2-017.sgm-778.txt,0.0,tfidf,false,10
reut2-017.sgm-778.txt,0.0,tfidf,true,10
reut2-017.sgm-811.txt,0.0,binary,false,4
reut2-017.sgm-811.txt,0.0,binary,true,4
reut2-017.sgm-811.txt,0.0,count,false,5
reut2-017.sgm-811.txt,0.0,count,true,4
reut2-017.sgm-811.txt,0.0,gfidf,false,5
reut2-017.sgm-811.txt,0.0,gfidf,true,4
reut2-017.sgm-811.txt,0.0,idf,false,4
reut2-017.sgm-811.txt,0.0,idf,true,4
reut2-017.sgm-811.txt,0.0,logEntropy,false,5
reut2-017.sgm-811.txt,0.0,logEntropy,true,4
reut2-017.sgm-811.txt,0.0,normal,false,5
reut2-017.sgm-811.txt,0.0,normal,true,5
reut2-017.sgm-811.txt,0.0,tfidf,false,4
reut2-017.sgm-811.txt,0.0,tfidf,true,4
reut2-017.sgm-82.txt,0.0,binary,false,2
reut2-017.sgm-82.txt,0.0,binary,true,2
reut2-017.sgm-82.txt,0.0,count,false,2
reut2-017.sgm-82.txt,0.0,count,true,2
reut2-017.sgm-82.txt,0.0,gfidf,false,2
reut2-017.sgm-82.txt,0.0,gfidf,true,2
reut2-017.sgm-82.txt,0.0,idf,false,29
reut2-017.sgm-82.txt,0.0,idf,true,2
reut2-017.sgm-82.txt,0.0,logEntropy,false,2
reut2-017.sgm-82.txt,0.0,logEntropy,true,2
reut2-017.sgm-82.txt,0.0,normal,false,18
reut2-017.sgm-82.txt,0.0,normal,true,18
reut2-017.sgm-82.txt,0.0,tfidf,false,2
reut2-017.sgm-82.txt,0.0,tfidf,true,2
reut2-017.sgm-838.txt,0.0,binary,false,3
reut2-017.sgm-838.txt,0.0,binary,true,3
reut2-017.sgm-838.txt,0.0,count,false,3
reut2-017.sgm-838.txt,0.0,count,true,1
reut2-017.sgm-838.txt,0.0,gfidf,false,3
reut2-017.sgm-838.txt,0.0,gfidf,true,3
reut2-017.sgm-838.txt,0.0,idf,false,3
reut2-017.sgm-838.txt,0.0,idf,true,19
reut2-017.sgm-838.txt,0.0,logEntropy,false,3
reut2-017.sgm-838.txt,0.0,logEntropy,true,3
reut2-017.sgm-838.txt,0.0,normal,false,3
reut2-017.sgm-838.txt,0.0,normal,true,3
reut2-017.sgm-838.txt,0.0,tfidf,false,19
reut2-017.sgm-838.txt,0.0,tfidf,true,19
reut2-017.sgm-845.txt,0.0,binary,false,12
reut2-017.sgm-845.txt,0.0,binary,true,12
reut2-017.sgm-845.txt,0.0,count,false,12
reut2-017.sgm-845.txt,0.0,count,true,12
reut2-017.sgm-845.txt,0.0,gfidf,false,12
reut2-017.sgm-845.txt,0.0,gfidf,true,12
reut2-017.sgm-845.txt,0.0,idf,false,12
reut2-017.sgm-845.txt,0.0,idf,true,12
reut2-017.sgm-845.txt,0.0,logEntropy,false,12
reut2-017.sgm-845.txt,0.0,logEntropy,true,12
reut2-017.sgm-845.txt,0.0,normal,false,5
reut2-017.sgm-845.txt,0.0,normal,true,5
reut2-017.sgm-845.txt,0.0,tfidf,false,12
reut2-017.sgm-845.txt,0.0,tfidf,true,12
reut2-017.sgm-848.txt,0.0,binary,false,13
reut2-017.sgm-848.txt,0.0,binary,true,0
reut2-017.sgm-848.txt,0.0,count,false,0
reut2-017.sgm-848.txt,0.0,count,true,0
reut2-017.sgm-848.txt,0.0,gfidf,false,0
reut2-017.sgm-848.txt,0.0,gfidf,true,0
reut2-017.sgm-848.txt,0.0,idf,false,20
reut2-017.sgm-848.txt,0.0,idf,true,20
reut2-017.sgm-848.txt,0.0,logEntropy,false,0
reut2-017.sgm-848.txt,0.0,logEntropy,true,0
reut2-017.sgm-848.txt,0.0,normal,false,0
reut2-017.sgm-848.txt,0.0,normal,true,0
reut2-017.sgm-848.txt,0.0,tfidf,false,20
reut2-017.sgm-848.txt,0.0,tfidf,true,18
reut2-017.sgm-861.txt,0.0,binary,false,3
reut2-017.sgm-861.txt,0.0,binary,true,3
reut2-017.sgm-861.txt,0.0,count,false,10
reut2-017.sgm-861.txt,0.0,count,true,22
reut2-017.sgm-861.txt,0.0,gfidf,false,10
reut2-017.sgm-861.txt,0.0,gfidf,true,22
reut2-017.sgm-861.txt,0.0,idf,false,3
reut2-017.sgm-861.txt,0.0,idf,true,3
reut2-017.sgm-861.txt,0.0,logEntropy,false,10
reut2-017.sgm-861.txt,0.0,logEntropy,true,3
reut2-017.sgm-861.txt,0.0,normal,false,3
reut2-017.sgm-861.txt,0.0,normal,true,22
reut2-017.sgm-861.txt,0.0,tfidf,false,15
reut2-017.sgm-861.txt,0.0,tfidf,true,22
reut2-017.sgm-862.txt,0.0,binary,false,19
reut2-017.sgm-862.txt,0.0,binary,true,19
reut2-017.sgm-862.txt,0.0,count,false,19
reut2-017.sgm-862.txt,0.0,count,true,19
reut2-017.sgm-862.txt,0.0,gfidf,false,19
reut2-017.sgm-862.txt,0.0,gfidf,true,19
reut2-017.sgm-862.txt,0.0,idf,false,19
reut2-017.sgm-862.txt,0.0,idf,true,24
reut2-017.sgm-862.txt,0.0,logEntropy,false,19
reut2-017.sgm-862.txt,0.0,logEntropy,true,19
reut2-017.sgm-862.txt,0.0,normal,false,15
reut2-017.sgm-862.txt,0.0,normal,true,15
reut2-017.sgm-862.txt,0.0,tfidf,false,24
reut2-017.sgm-862.txt,0.0,tfidf,true,24
reut2-017.sgm-870.txt,0.0,binary,false,29
reut2-017.sgm-870.txt,0.0,binary,true,12
reut2-017.sgm-870.txt,0.0,count,false,29
reut2-017.sgm-870.txt,0.0,count,true,29
reut2-017.sgm-870.txt,0.0,gfidf,false,29
reut2-017.sgm-870.txt,0.0,gfidf,true,29
reut2-017.sgm-870.txt,0.0,idf,false,29
reut2-017.sgm-870.txt,0.0,idf,true,22
reut2-017.sgm-870.txt,0.0,logEntropy,false,29
reut2-017.sgm-870.txt,0.0,logEntropy,true,29
reut2-017.sgm-870.txt,0.0,normal,false,28
reut2-017.sgm-870.txt,0.0,normal,true,28
reut2-017.sgm-870.txt,0.0,tfidf,false,29
reut2-017.sgm-870.txt,0.0,tfidf,true,29
reut2-017.sgm-875.txt,0.0,binary,false,8
reut2-017.sgm-875.txt,0.0,binary,true,8
reut2-017.sgm-875.txt,0.0,count,false,8
reut2-017.sgm-875.txt,0.0,count,true,8
reut2-017.sgm-875.txt,0.0,gfidf,false,8
reut2-017.sgm-875.txt,0.0,gfidf,true,8
reut2-017.sgm-875.txt,0.0,idf,false,8
reut2-017.sgm-875.txt,0.0,idf,true,8
reut2-017.sgm-875.txt,0.0,logEntropy,false,8
reut2-017.sgm-875.txt,0.0,logEntropy,true,8
reut2-017.sgm-875.txt,0.0,normal,false,7
reut2-017.sgm-875.txt,0.0,normal,true,8
reut2-017.sgm-875.txt,0.0,tfidf,false,8
reut2-017.sgm-875.txt,0.0,tfidf,true,8
reut2-017.sgm-876.txt,0.0,binary,false,0
reut2-017.sgm-876.txt,0.0,binary,true,3
reut2-017.sgm-876.txt,0.0,count,false,3
reut2-017.sgm-876.txt,0.0,count,true,3
reut2-017.sgm-876.txt,0.0,gfidf,false,0
reut2-017.sgm-876.txt,0.0,gfidf,true,0
reut2-017.sgm-876.txt,0.0,idf,false,9
reut2-017.sgm-876.txt,0.0,idf,true,4
reut2-017.sgm-876.txt,0.0,logEntropy,false,3
reut2-017.sgm-876.txt,0.0,logEntropy,true,3
reut2-017.sgm-876.txt,0.0,normal,false,0
reut2-017.sgm-876.txt,0.0,normal,true,0
reut2-017.sgm-876.txt,0.0,tfidf,false,9
reut2-017.sgm-876.txt,0.0,tfidf,true,4
reut2-017.sgm-882.txt,0.0,binary,false,34
reut2-017.sgm-882.txt,0.0,binary,true,34
reut2-017.sgm-882.txt,0.0,count,false,34
reut2-017.sgm-882.txt,0.0,count,true,34
reut2-017.sgm-882.txt,0.0,gfidf,false,34
reut2-017.sgm-882.txt,0.0,gfidf,true,34
reut2-017.sgm-882.txt,0.0,idf,false,34
reut2-017.sgm-882.txt,0.0,idf,true,34
reut2-017.sgm-882.txt,0.0,logEntropy,false,34
reut2-017.sgm-882.txt,0.0,logEntropy,true,34
reut2-017.sgm-882.txt,0.0,normal,false,1
reut2-017.sgm-882.txt,0.0,normal,true,1
reut2-017.sgm-882.txt,0.0,tfidf,false,34
reut2-017.sgm-882.txt,0.0,tfidf,true,34
reut2-017.sgm-885.txt,0.0,binary,false,12
reut2-017.sgm-885.txt,0.0,binary,true,12
reut2-017.sgm-885.txt,0.0,count,false,14
reut2-017.sgm-885.txt,0.0,count,true,14
reut2-017.sgm-885.txt,0.0,gfidf,false,14
reut2-017.sgm-885.txt,0.0,gfidf,true,14
reut2-017.sgm-885.txt,0.0,idf,false,12
reut2-017.sgm-885.txt,0.0,idf,true,12
reut2-017.sgm-885.txt,0.0,logEntropy,false,0
reut2-017.sgm-885.txt,0.0,logEntropy,true,14
reut2-017.sgm-885.txt,0.0,normal,false,16
reut2-017.sgm-885.txt,0.0,normal,true,16
reut2-017.sgm-885.txt,0.0,tfidf,false,12
reut2-017.sgm-885.txt,0.0,tfidf,true,12
reut2-017.sgm-890.txt,0.0,binary,false,1
reut2-017.sgm-890.txt,0.0,binary,true,1
reut2-017.sgm-890.txt,0.0,count,false,1
reut2-017.sgm-890.txt,0.0,count,true,1
reut2-017.sgm-890.txt,0.0,gfidf,false,1
reut2-017.sgm-890.txt,0.0,gfidf,true,1
reut2-017.sgm-890.txt,0.0,idf,false,1
reut2-017.sgm-890.txt,0.0,idf,true,1
reut2-017.sgm-890.txt,0.0,logEntropy,false,1
reut2-017.sgm-890.txt,0.0,logEntropy,true,1
reut2-017.sgm-890.txt,0.0,normal,false,9
reut2-017.sgm-890.txt,0.0,normal,true,9
reut2-017.sgm-890.txt,0.0,tfidf,false,16
reut2-017.sgm-890.txt,0.0,tfidf,true,16
reut2-017.sgm-895.txt,0.0,binary,false,31
reut2-017.sgm-895.txt,0.0,binary,true,0
reut2-017.sgm-895.txt,0.0,count,false,5
reut2-017.sgm-895.txt,0.0,count,true,1
reut2-017.sgm-895.txt,0.0,gfidf,false,1
reut2-017.sgm-895.txt,0.0,gfidf,true,1
reut2-017.sgm-895.txt,0.0,idf,false,31
reut2-017.sgm-895.txt,0.0,idf,true,0
reut2-017.sgm-895.txt,0.0,logEntropy,false,5
reut2-017.sgm-895.txt,0.0,logEntropy,true,1
reut2-017.sgm-895.txt,0.0,normal,false,0
reut2-017.sgm-895.txt,0.0,normal,true,0
reut2-017.sgm-895.txt,0.0,tfidf,false,1
reut2-017.sgm-895.txt,0.0,tfidf,true,1
reut2-017.sgm-902.txt,0.0,binary,false,20
reut2-017.sgm-902.txt,0.0,binary,true,14
reut2-017.sgm-902.txt,0.0,count,false,14
reut2-017.sgm-902.txt,0.0,count,true,14
reut2-017.sgm-902.txt,0.0,gfidf,false,20
reut2-017.sgm-902.txt,0.0,gfidf,true,14
reut2-017.sgm-902.txt,0.0,idf,false,20
reut2-017.sgm-902.txt,0.0,idf,true,14
reut2-017.sgm-902.txt,0.0,logEntropy,false,20
reut2-017.sgm-902.txt,0.0,logEntropy,true,14
reut2-017.sgm-902.txt,0.0,normal,false,20
reut2-017.sgm-902.txt,0.0,normal,true,14
reut2-017.sgm-902.txt,0.0,tfidf,false,13
reut2-017.sgm-902.txt,0.0,tfidf,true,13
reut2-017.sgm-905.txt,0.0,binary,false,8
reut2-017.sgm-905.txt,0.0,binary,true,8
reut2-017.sgm-905.txt,0.0,count,false,13
reut2-017.sgm-905.txt,0.0,count,true,8
reut2-017.sgm-905.txt,0.0,gfidf,false,8
reut2-017.sgm-905.txt,0.0,gfidf,true,8
reut2-017.sgm-905.txt,0.0,idf,false,8
reut2-017.sgm-905.txt,0.0,idf,true,8
reut2-017.sgm-905.txt,0.0,logEntropy,false,13
reut2-017.sgm-905.txt,0.0,logEntropy,true,8
reut2-017.sgm-905.txt,0.0,normal,false,13
reut2-017.sgm-905.txt,0.0,normal,true,8
reut2-017.sgm-905.txt,0.0,tfidf,false,8
reut2-017.sgm-905.txt,0.0,tfidf,true,8
reut2-017.sgm-914.txt,0.0,binary,false,10
reut2-017.sgm-914.txt,0.0,binary,true,10
reut2-017.sgm-914.txt,0.0,count,false,10
reut2-017.sgm-914.txt,0.0,count,true,10
reut2-017.sgm-914.txt,0.0,gfidf,false,10
reut2-017.sgm-914.txt,0.0,gfidf,true,10
reut2-017.sgm-914.txt,0.0,idf,false,10
reut2-017.sgm-914.txt,0.0,idf,true,10
reut2-017.sgm-914.txt,0.0,logEntropy,false,10
reut2-017.sgm-914.txt,0.0,logEntropy,true,10
reut2-017.sgm-914.txt,0.0,normal,false,10
reut2-017.sgm-914.txt,0.0,normal,true,10
reut2-017.sgm-914.txt,0.0,tfidf,false,10
reut2-017.sgm-914.txt,0.0,tfidf,true,12
reut2-017.sgm-922.txt,0.0,binary,false,0
reut2-017.sgm-922.txt,0.0,binary,true,0
reut2-017.sgm-922.txt,0.0,count,false,33
reut2-017.sgm-922.txt,0.0,count,true,0
reut2-017.sgm-922.txt,0.0,gfidf,false,0
reut2-017.sgm-922.txt,0.0,gfidf,true,0
reut2-017.sgm-922.txt,0.0,idf,false,12
reut2-017.sgm-922.txt,0.0,idf,true,12
reut2-017.sgm-922.txt,0.0,logEntropy,false,0
reut2-017.sgm-922.txt,0.0,logEntropy,true,0
reut2-017.sgm-922.txt,0.0,normal,false,0
reut2-017.sgm-922.txt,0.0,normal,true,0
reut2-017.sgm-922.txt,0.0,tfidf,false,12
reut2-017.sgm-922.txt,0.0,tfidf,true,13
reut2-017.sgm-924.txt,0.0,binary,false,4
reut2-017.sgm-924.txt,0.0,binary,true,3
reut2-017.sgm-924.txt,0.0,count,false,4
reut2-017.sgm-924.txt,0.0,count,true,7
reut2-017.sgm-924.txt,0.0,gfidf,false,4
reut2-017.sgm-924.txt,0.0,gfidf,true,7
reut2-017.sgm-924.txt,0.0,idf,false,4
reut2-017.sgm-924.txt,0.0,idf,true,7
reut2-017.sgm-924.txt,0.0,logEntropy,false,4
reut2-017.sgm-924.txt,0.0,logEntropy,true,7
reut2-017.sgm-924.txt,0.0,normal,false,0
reut2-017.sgm-924.txt,0.0,normal,true,0
reut2-017.sgm-924.txt,0.0,tfidf,false,7
reut2-017.sgm-924.txt,0.0,tfidf,true,7
reut2-017.sgm-929.txt,0.0,binary,false,3
reut2-017.sgm-929.txt,0.0,binary,true,16
reut2-017.sgm-929.txt,0.0,count,false,0
reut2-017.sgm-929.txt,0.0,count,true,25
reut2-017.sgm-929.txt,0.0,gfidf,false,3
reut2-017.sgm-929.txt,0.0,gfidf,true,16
reut2-017.sgm-929.txt,0.0,idf,false,3
reut2-017.sgm-929.txt,0.0,idf,true,16
reut2-017.sgm-929.txt,0.0,logEntropy,false,3
reut2-017.sgm-929.txt,0.0,logEntropy,true,16
reut2-017.sgm-929.txt,0.0,normal,false,0
reut2-017.sgm-929.txt,0.0,normal,true,14
reut2-017.sgm-929.txt,0.0,tfidf,false,23
reut2-017.sgm-929.txt,0.0,tfidf,true,23
reut2-017.sgm-93.txt,0.0,binary,false,3
reut2-017.sgm-93.txt,0.0,binary,true,12
reut2-017.sgm-93.txt,0.0,count,false,4
reut2-017.sgm-93.txt,0.0,count,true,4
reut2-017.sgm-93.txt,0.0,gfidf,false,0
reut2-017.sgm-93.txt,0.0,gfidf,true,12
reut2-017.sgm-93.txt,0.0,idf,false,3
reut2-017.sgm-93.txt,0.0,idf,true,3
reut2-017.sgm-93.txt,0.0,logEntropy,false,10
reut2-017.sgm-93.txt,0.0,logEntropy,true,10
reut2-017.sgm-93.txt,0.0,normal,false,10
reut2-017.sgm-93.txt,0.0,normal,true,10
reut2-017.sgm-93.txt,0.0,tfidf,false,8
reut2-017.sgm-93.txt,0.0,tfidf,true,3
reut2-017.sgm-933.txt,0.0,binary,false,0
reut2-017.sgm-933.txt,0.0,binary,true,27
reut2-017.sgm-933.txt,0.0,count,false,24
reut2-017.sgm-933.txt,0.0,count,true,27
reut2-017.sgm-933.txt,0.0,gfidf,false,24
reut2-017.sgm-933.txt,0.0,gfidf,true,0
reut2-017.sgm-933.txt,0.0,idf,false,24
reut2-017.sgm-933.txt,0.0,idf,true,27
reut2-017.sgm-933.txt,0.0,logEntropy,false,24
reut2-017.sgm-933.txt,0.0,logEntropy,true,27
reut2-017.sgm-933.txt,0.0,normal,false,0
reut2-017.sgm-933.txt,0.0,normal,true,0
reut2-017.sgm-933.txt,0.0,tfidf,false,27
reut2-017.sgm-933.txt,0.0,tfidf,true,27
reut2-017.sgm-934.txt,3.429265894359022,binary,false,1
reut2-017.sgm-934.txt,3.429265894359022,binary,true,0
reut2-017.sgm-934.txt,3.429265894359022,count,false,1
reut2-017.sgm-934.txt,3.429265894359022,count,true,0
reut2-017.sgm-934.txt,3.429265894359022,gfidf,false,1
reut2-017.sgm-934.txt,3.429265894359022,gfidf,true,0
reut2-017.sgm-934.txt,3.429265894359022,idf,false,1
reut2-017.sgm-934.txt,3.429265894359022,idf,true,0
reut2-017.sgm-934.txt,3.429265894359022,logEntropy,false,1
reut2-017.sgm-934.txt,3.429265894359022,logEntropy,true,0
reut2-017.sgm-934.txt,3.429265894359022,normal,false,1
reut2-017.sgm-934.txt,3.429265894359022,normal,true,1
reut2-017.sgm-934.txt,3.429265894359022,tfidf,false,0
reut2-017.sgm-934.txt,3.429265894359022,tfidf,true,0
reut2-017.sgm-939.txt,0.0,binary,false,10
reut2-017.sgm-939.txt,0.0,binary,true,10
reut2-017.sgm-939.txt,0.0,count,false,15
reut2-017.sgm-939.txt,0.0,count,true,15
reut2-017.sgm-939.txt,0.0,gfidf,false,10
reut2-017.sgm-939.txt,0.0,gfidf,true,0
reut2-017.sgm-939.txt,0.0,idf,false,10
reut2-017.sgm-939.txt,0.0,idf,true,10
reut2-017.sgm-939.txt,0.0,logEntropy,false,15
reut2-017.sgm-939.txt,0.0,logEntropy,true,15
reut2-017.sgm-939.txt,0.0,normal,false,3
reut2-017.sgm-939.txt,0.0,normal,true,3
reut2-017.sgm-939.txt,0.0,tfidf,false,10
reut2-017.sgm-939.txt,0.0,tfidf,true,13
reut2-017.sgm-95.txt,1.640670712015276,binary,false,3
reut2-017.sgm-95.txt,1.640670712015276,binary,true,1
reut2-017.sgm-95.txt,1.640670712015276,count,false,1
reut2-017.sgm-95.txt,1.640670712015276,count,true,1
reut2-017.sgm-95.txt,1.640670712015276,gfidf,false,8
reut2-017.sgm-95.txt,1.640670712015276,gfidf,true,1
reut2-017.sgm-95.txt,1.640670712015276,idf,false,3
reut2-017.sgm-95.txt,1.640670712015276,idf,true,3
reut2-017.sgm-95.txt,1.640670712015276,logEntropy,false,1
reut2-017.sgm-95.txt,1.640670712015276,logEntropy,true,1
reut2-017.sgm-95.txt,1.640670712015276,normal,false,7
reut2-017.sgm-95.txt,1.640670712015276,normal,true,7
reut2-017.sgm-95.txt,1.640670712015276,tfidf,false,8
reut2-017.sgm-95.txt,1.640670712015276,tfidf,true,3
reut2-017.sgm-952.txt,0.0,binary,false,13
reut2-017.sgm-952.txt,0.0,binary,true,30
reut2-017.sgm-952.txt,0.0,count,false,44
reut2-017.sgm-952.txt,0.0,count,true,44
reut2-017.sgm-952.txt,0.0,gfidf,false,44
reut2-017.sgm-952.txt,0.0,gfidf,true,30
reut2-017.sgm-952.txt,0.0,idf,false,13
reut2-017.sgm-952.txt,0.0,idf,true,30
reut2-017.sgm-952.txt,0.0,logEntropy,false,44
reut2-017.sgm-952.txt,0.0,logEntropy,true,44
reut2-017.sgm-952.txt,0.0,normal,false,30
reut2-017.sgm-952.txt,0.0,normal,true,30
reut2-017.sgm-952.txt,0.0,tfidf,false,44
reut2-017.sgm-952.txt,0.0,tfidf,true,44
reut2-017.sgm-965.txt,0.0,binary,false,11
reut2-017.sgm-965.txt,0.0,binary,true,11
reut2-017.sgm-965.txt,0.0,count,false,20
reut2-017.sgm-965.txt,0.0,count,true,20
reut2-017.sgm-965.txt,0.0,gfidf,false,11
reut2-017.sgm-965.txt,0.0,gfidf,true,11
reut2-017.sgm-965.txt,0.0,idf,false,11
reut2-017.sgm-965.txt,0.0,idf,true,11
reut2-017.sgm-965.txt,0.0,logEntropy,false,11
reut2-017.sgm-965.txt,0.0,logEntropy,true,20
reut2-017.sgm-965.txt,0.0,normal,false,20
reut2-017.sgm-965.txt,0.0,normal,true,1
reut2-017.sgm-965.txt,0.0,tfidf,false,7
reut2-017.sgm-965.txt,0.0,tfidf,true,7
reut2-017.sgm-969.txt,2.0,binary,false,1
reut2-017.sgm-969.txt,2.0,binary,true,1
reut2-017.sgm-969.txt,2.0,count,false,1
reut2-017.sgm-969.txt,2.0,count,true,18
reut2-017.sgm-969.txt,2.0,gfidf,false,1
reut2-017.sgm-969.txt,2.0,gfidf,true,18
reut2-017.sgm-969.txt,2.0,idf,false,1
reut2-017.sgm-969.txt,2.0,idf,true,18
reut2-017.sgm-969.txt,2.0,logEntropy,false,1
reut2-017.sgm-969.txt,2.0,logEntropy,true,18
reut2-017.sgm-969.txt,2.0,normal,false,1
reut2-017.sgm-969.txt,2.0,normal,true,1
reut2-017.sgm-969.txt,2.0,tfidf,false,18
reut2-017.sgm-969.txt,2.0,tfidf,true,18
reut2-017.sgm-975.txt,0.0,binary,false,9
reut2-017.sgm-975.txt,0.0,binary,true,9
reut2-017.sgm-975.txt,0.0,count,false,9
reut2-017.sgm-975.txt,0.0,count,true,9
reut2-017.sgm-975.txt,0.0,gfidf,false,9
reut2-017.sgm-975.txt,0.0,gfidf,true,9
reut2-017.sgm-975.txt,0.0,idf,false,3
reut2-017.sgm-975.txt,0.0,idf,true,3
reut2-017.sgm-975.txt,0.0,logEntropy,false,9
reut2-017.sgm-975.txt,0.0,logEntropy,true,9
reut2-017.sgm-975.txt,0.0,normal,false,9
reut2-017.sgm-975.txt,0.0,normal,true,9
reut2-017.sgm-975.txt,0.0,tfidf,false,3
reut2-017.sgm-975.txt,0.0,tfidf,true,3
reut2-017.sgm-985.txt,0.0,binary,false,21
reut2-017.sgm-985.txt,0.0,binary,true,16
reut2-017.sgm-985.txt,0.0,count,false,21
reut2-017.sgm-985.txt,0.0,count,true,21
reut2-017.sgm-985.txt,0.0,gfidf,false,21
reut2-017.sgm-985.txt,0.0,gfidf,true,21
reut2-017.sgm-985.txt,0.0,idf,false,21
reut2-017.sgm-985.txt,0.0,idf,true,16
reut2-017.sgm-985.txt,0.0,logEntropy,false,21
reut2-017.sgm-985.txt,0.0,logEntropy,true,21
reut2-017.sgm-985.txt,0.0,normal,false,26
reut2-017.sgm-985.txt,0.0,normal,true,5
reut2-017.sgm-985.txt,0.0,tfidf,false,21
reut2-017.sgm-985.txt,0.0,tfidf,true,21
reut2-017.sgm-990.txt,3.6748713410136005,binary,false,8
reut2-017.sgm-990.txt,3.6748713410136005,binary,true,0
reut2-017.sgm-990.txt,3.6748713410136005,count,false,0
reut2-017.sgm-990.txt,3.6748713410136005,count,true,0
reut2-017.sgm-990.txt,3.6748713410136005,gfidf,false,0
reut2-017.sgm-990.txt,3.6748713410136005,gfidf,true,0
reut2-017.sgm-990.txt,3.6748713410136005,idf,false,0
reut2-017.sgm-990.txt,3.6748713410136005,idf,true,0
reut2-017.sgm-990.txt,3.6748713410136005,logEntropy,false,0
reut2-017.sgm-990.txt,3.6748713410136005,logEntropy,true,0
reut2-017.sgm-990.txt,3.6748713410136005,normal,false,8
reut2-017.sgm-990.txt,3.6748713410136005,normal,true,0
reut2-017.sgm-990.txt,3.6748713410136005,tfidf,false,0
reut2-017.sgm-990.txt,3.6748713410136005,tfidf,true,0
reut2-018.sgm-137.txt,0.0,binary,false,4
reut2-018.sgm-137.txt,0.0,binary,true,4
reut2-018.sgm-137.txt,0.0,count,false,12
reut2-018.sgm-137.txt,0.0,count,true,4
reut2-018.sgm-137.txt,0.0,gfidf,false,4
reut2-018.sgm-137.txt,0.0,gfidf,true,4
reut2-018.sgm-137.txt,0.0,idf,false,4
reut2-018.sgm-137.txt,0.0,idf,true,4
reut2-018.sgm-137.txt,0.0,logEntropy,false,4
reut2-018.sgm-137.txt,0.0,logEntropy,true,4
reut2-018.sgm-137.txt,0.0,normal,false,4
reut2-018.sgm-137.txt,0.0,normal,true,4
reut2-018.sgm-137.txt,0.0,tfidf,false,4
reut2-018.sgm-137.txt,0.0,tfidf,true,4
reut2-018.sgm-145.txt,0.0,binary,false,7
reut2-018.sgm-145.txt,0.0,binary,true,7
reut2-018.sgm-145.txt,0.0,count,false,7
reut2-018.sgm-145.txt,0.0,count,true,7
reut2-018.sgm-145.txt,0.0,gfidf,false,7
reut2-018.sgm-145.txt,0.0,gfidf,true,7
reut2-018.sgm-145.txt,0.0,idf,false,7
reut2-018.sgm-145.txt,0.0,idf,true,7
reut2-018.sgm-145.txt,0.0,logEntropy,false,7
reut2-018.sgm-145.txt,0.0,logEntropy,true,7
reut2-018.sgm-145.txt,0.0,normal,false,18
reut2-018.sgm-145.txt,0.0,normal,true,7
reut2-018.sgm-145.txt,0.0,tfidf,false,7
reut2-018.sgm-145.txt,0.0,tfidf,true,11
reut2-018.sgm-147.txt,0.0,binary,false,16
reut2-018.sgm-147.txt,0.0,binary,true,16
reut2-018.sgm-147.txt,0.0,count,false,16
reut2-018.sgm-147.txt,0.0,count,true,16
reut2-018.sgm-147.txt,0.0,gfidf,false,16
reut2-018.sgm-147.txt,0.0,gfidf,true,16
reut2-018.sgm-147.txt,0.0,idf,false,16
reut2-018.sgm-147.txt,0.0,idf,true,16
reut2-018.sgm-147.txt,0.0,logEntropy,false,16
reut2-018.sgm-147.txt,0.0,logEntropy,true,16
reut2-018.sgm-147.txt,0.0,normal,false,3
reut2-018.sgm-147.txt,0.0,normal,true,19
reut2-018.sgm-147.txt,0.0,tfidf,false,16
reut2-018.sgm-147.txt,0.0,tfidf,true,16
reut2-018.sgm-149.txt,0.0,binary,false,3
reut2-018.sgm-149.txt,0.0,binary,true,3
reut2-018.sgm-149.txt,0.0,count,false,3
reut2-018.sgm-149.txt,0.0,count,true,3
reut2-018.sgm-149.txt,0.0,gfidf,false,3
reut2-018.sgm-149.txt,0.0,gfidf,true,3
reut2-018.sgm-149.txt,0.0,idf,false,3
reut2-018.sgm-149.txt,0.0,idf,true,3
reut2-018.sgm-149.txt,0.0,logEntropy,false,3
reut2-018.sgm-149.txt,0.0,logEntropy,true,3
reut2-018.sgm-149.txt,0.0,normal,false,3
reut2-018.sgm-149.txt,0.0,normal,true,3
reut2-018.sgm-149.txt,0.0,tfidf,false,3
reut2-018.sgm-149.txt,0.0,tfidf,true,3
reut2-018.sgm-185.txt,0.0,binary,false,2
reut2-018.sgm-185.txt,0.0,binary,true,5
reut2-018.sgm-185.txt,0.0,count,false,2
reut2-018.sgm-185.txt,0.0,count,true,2
reut2-018.sgm-185.txt,0.0,gfidf,false,2
reut2-018.sgm-185.txt,0.0,gfidf,true,2
reut2-018.sgm-185.txt,0.0,idf,false,2
reut2-018.sgm-185.txt,0.0,idf,true,5
reut2-018.sgm-185.txt,0.0,logEntropy,false,2
reut2-018.sgm-185.txt,0.0,logEntropy,true,2
reut2-018.sgm-185.txt,0.0,normal,false,9
reut2-018.sgm-185.txt,0.0,normal,true,9
reut2-018.sgm-185.txt,0.0,tfidf,false,2
reut2-018.sgm-185.txt,0.0,tfidf,true,5
reut2-018.sgm-203.txt,0.0,binary,false,9
reut2-018.sgm-203.txt,0.0,binary,true,14
reut2-018.sgm-203.txt,0.0,count,false,15
reut2-018.sgm-203.txt,0.0,count,true,15
reut2-018.sgm-203.txt,0.0,gfidf,false,15
reut2-018.sgm-203.txt,0.0,gfidf,true,15
reut2-018.sgm-203.txt,0.0,idf,false,15
reut2-018.sgm-203.txt,0.0,idf,true,14
reut2-018.sgm-203.txt,0.0,logEntropy,false,10
reut2-018.sgm-203.txt,0.0,logEntropy,true,15
reut2-018.sgm-203.txt,0.0,normal,false,9
reut2-018.sgm-203.txt,0.0,normal,true,9
reut2-018.sgm-203.txt,0.0,tfidf,false,15
reut2-018.sgm-203.txt,0.0,tfidf,true,15
reut2-018.sgm-249.txt,0.0,binary,false,17
reut2-018.sgm-249.txt,0.0,binary,true,17
reut2-018.sgm-249.txt,0.0,count,false,17
reut2-018.sgm-249.txt,0.0,count,true,17
reut2-018.sgm-249.txt,0.0,gfidf,false,17
reut2-018.sgm-249.txt,0.0,gfidf,true,17
reut2-018.sgm-249.txt,0.0,idf,false,17
reut2-018.sgm-249.txt,0.0,idf,true,17
reut2-018.sgm-249.txt,0.0,logEntropy,false,17
reut2-018.sgm-249.txt,0.0,logEntropy,true,17
reut2-018.sgm-249.txt,0.0,normal,false,36
reut2-018.sgm-249.txt,0.0,normal,true,36
reut2-018.sgm-249.txt,0.0,tfidf,false,17
reut2-018.sgm-249.txt,0.0,tfidf,true,17
reut2-018.sgm-25.txt,1.7239456424939554,binary,false,7
reut2-018.sgm-25.txt,1.7239456424939554,binary,true,7
reut2-018.sgm-25.txt,1.7239456424939554,count,false,7
reut2-018.sgm-25.txt,1.7239456424939554,count,true,7
reut2-018.sgm-25.txt,1.7239456424939554,gfidf,false,7
reut2-018.sgm-25.txt,1.7239456424939554,gfidf,true,7
reut2-018.sgm-25.txt,1.7239456424939554,idf,false,7
reut2-018.sgm-25.txt,1.7239456424939554,idf,true,7
reut2-018.sgm-25.txt,1.7239456424939554,logEntropy,false,7
reut2-018.sgm-25.txt,1.7239456424939554,logEntropy,true,7
reut2-018.sgm-25.txt,1.7239456424939554,normal,false,7
reut2-018.sgm-25.txt,1.7239456424939554,normal,true,7
reut2-018.sgm-25.txt,1.7239456424939554,tfidf,false,2
reut2-018.sgm-25.txt,1.7239456424939554,tfidf,true,2
reut2-018.sgm-251.txt,0.0,binary,false,11
reut2-018.sgm-251.txt,0.0,binary,true,2
reut2-018.sgm-251.txt,0.0,count,false,2
reut2-018.sgm-251.txt,0.0,count,true,2
reut2-018.sgm-251.txt,0.0,gfidf,false,2
reut2-018.sgm-251.txt,0.0,gfidf,true,2
reut2-018.sgm-251.txt,0.0,idf,false,2
reut2-018.sgm-251.txt,0.0,idf,true,2
reut2-018.sgm-251.txt,0.0,logEntropy,false,11
reut2-018.sgm-251.txt,0.0,logEntropy,true,2
reut2-018.sgm-251.txt,0.0,normal,false,11
reut2-018.sgm-251.txt,0.0,normal,true,11
reut2-018.sgm-251.txt,0.0,tfidf,false,2
reut2-018.sgm-251.txt,0.0,tfidf,true,2
reut2-018.sgm-264.txt,0.0,binary,false,7
reut2-018.sgm-264.txt,0.0,binary,true,10
reut2-018.sgm-264.txt,0.0,count,false,7
reut2-018.sgm-264.txt,0.0,count,true,10
reut2-018.sgm-264.txt,0.0,gfidf,false,7
reut2-018.sgm-264.txt,0.0,gfidf,true,10
reut2-018.sgm-264.txt,0.0,idf,false,10
reut2-018.sgm-264.txt,0.0,idf,true,10
reut2-018.sgm-264.txt,0.0,logEntropy,false,7
reut2-018.sgm-264.txt,0.0,logEntropy,true,10
reut2-018.sgm-264.txt,0.0,normal,false,7
reut2-018.sgm-264.txt,0.0,normal,true,7
reut2-018.sgm-264.txt,0.0,tfidf,false,10
reut2-018.sgm-264.txt,0.0,tfidf,true,10
reut2-018.sgm-266.txt,0.0,binary,false,6
reut2-018.sgm-266.txt,0.0,binary,true,12
reut2-018.sgm-266.txt,0.0,count,false,6
reut2-018.sgm-266.txt,0.0,count,true,6
reut2-018.sgm-266.txt,0.0,gfidf,false,6
reut2-018.sgm-266.txt,0.0,gfidf,true,6
reut2-018.sgm-266.txt,0.0,idf,false,12
reut2-018.sgm-266.txt,0.0,idf,true,12
reut2-018.sgm-266.txt,0.0,logEntropy,false,6
reut2-018.sgm-266.txt,0.0,logEntropy,true,6
reut2-018.sgm-266.txt,0.0,normal,false,6
reut2-018.sgm-266.txt,0.0,normal,true,6
reut2-018.sgm-266.txt,0.0,tfidf,false,6
reut2-018.sgm-266.txt,0.0,tfidf,true,6
reut2-018.sgm-277.txt,0.0,binary,false,3
reut2-018.sgm-277.txt,0.0,binary,true,19
reut2-018.sgm-277.txt,0.0,count,false,3
reut2-018.sgm-277.txt,0.0,count,true,7
reut2-018.sgm-277.txt,0.0,gfidf,false,3
reut2-018.sgm-277.txt,0.0,gfidf,true,19
reut2-018.sgm-277.txt,0.0,idf,false,3
reut2-018.sgm-277.txt,0.0,idf,true,17
reut2-018.sgm-277.txt,0.0,logEntropy,false,3
reut2-018.sgm-277.txt,0.0,logEntropy,true,7
reut2-018.sgm-277.txt,0.0,normal,false,3
reut2-018.sgm-277.txt,0.0,normal,true,3
reut2-018.sgm-277.txt,0.0,tfidf,false,18
reut2-018.sgm-277.txt,0.0,tfidf,true,23
reut2-018.sgm-279.txt,0.0,binary,false,10
reut2-018.sgm-279.txt,0.0,binary,true,14
reut2-018.sgm-279.txt,0.0,count,false,10
reut2-018.sgm-279.txt,0.0,count,true,14
reut2-018.sgm-279.txt,0.0,gfidf,false,10
reut2-018.sgm-279.txt,0.0,gfidf,true,14
reut2-018.sgm-279.txt,0.0,idf,false,10
reut2-018.sgm-279.txt,0.0,idf,true,14
reut2-018.sgm-279.txt,0.0,logEntropy,false,10
reut2-018.sgm-279.txt,0.0,logEntropy,true,14
reut2-018.sgm-279.txt,0.0,normal,false,10
reut2-018.sgm-279.txt,0.0,normal,true,9
reut2-018.sgm-279.txt,0.0,tfidf,false,10
reut2-018.sgm-279.txt,0.0,tfidf,true,14
reut2-018.sgm-298.txt,0.0,binary,false,16
reut2-018.sgm-298.txt,0.0,binary,true,16
reut2-018.sgm-298.txt,0.0,count,false,12
reut2-018.sgm-298.txt,0.0,count,true,29
reut2-018.sgm-298.txt,0.0,gfidf,false,16
reut2-018.sgm-298.txt,0.0,gfidf,true,29
reut2-018.sgm-298.txt,0.0,idf,false,16
reut2-018.sgm-298.txt,0.0,idf,true,16
reut2-018.sgm-298.txt,0.0,logEntropy,false,12
reut2-018.sgm-298.txt,0.0,logEntropy,true,12
reut2-018.sgm-298.txt,0.0,normal,false,12
reut2-018.sgm-298.txt,0.0,normal,true,12
reut2-018.sgm-298.txt,0.0,tfidf,false,16
reut2-018.sgm-298.txt,0.0,tfidf,true,29
reut2-018.sgm-301.txt,0.0,binary,false,8
reut2-018.sgm-301.txt,0.0,binary,true,8
reut2-018.sgm-301.txt,0.0,count,false,5
reut2-018.sgm-301.txt,0.0,count,true,5
reut2-018.sgm-301.txt,0.0,gfidf,false,5
reut2-018.sgm-301.txt,0.0,gfidf,true,5
reut2-018.sgm-301.txt,0.0,idf,false,8
reut2-018.sgm-301.txt,0.0,idf,true,8
reut2-018.sgm-301.txt,0.0,logEntropy,false,8
reut2-018.sgm-301.txt,0.0,logEntropy,true,5
reut2-018.sgm-301.txt,0.0,normal,false,12
reut2-018.sgm-301.txt,0.0,normal,true,12
reut2-018.sgm-301.txt,0.0,tfidf,false,5
reut2-018.sgm-301.txt,0.0,tfidf,true,5
reut2-018.sgm-316.txt,0.0,binary,false,14
reut2-018.sgm-316.txt,0.0,binary,true,14
reut2-018.sgm-316.txt,0.0,count,false,14
reut2-018.sgm-316.txt,0.0,count,true,6
reut2-018.sgm-316.txt,0.0,gfidf,false,14
reut2-018.sgm-316.txt,0.0,gfidf,true,14
reut2-018.sgm-316.txt,0.0,idf,false,14
reut2-018.sgm-316.txt,0.0,idf,true,14
reut2-018.sgm-316.txt,0.0,logEntropy,false,14
reut2-018.sgm-316.txt,0.0,logEntropy,true,14
reut2-018.sgm-316.txt,0.0,normal,false,7
reut2-018.sgm-316.txt,0.0,normal,true,22
reut2-018.sgm-316.txt,0.0,tfidf,false,14
reut2-018.sgm-316.txt,0.0,tfidf,true,14
reut2-018.sgm-351.txt,0.0,binary,false,6
reut2-018.sgm-351.txt,0.0,binary,true,6
reut2-018.sgm-351.txt,0.0,count,false,3
reut2-018.sgm-351.txt,0.0,count,true,27
reut2-018.sgm-351.txt,0.0,gfidf,false,3
reut2-018.sgm-351.txt,0.0,gfidf,true,3
reut2-018.sgm-351.txt,0.0,idf,false,6
reut2-018.sgm-351.txt,0.0,idf,true,6
reut2-018.sgm-351.txt,0.0,logEntropy,false,3
reut2-018.sgm-351.txt,0.0,logEntropy,true,27
reut2-018.sgm-351.txt,0.0,normal,false,3
reut2-018.sgm-351.txt,0.0,normal,true,3
reut2-018.sgm-351.txt,0.0,tfidf,false,23
reut2-018.sgm-351.txt,0.0,tfidf,true,23
reut2-018.sgm-358.txt,0.0,binary,false,24
reut2-018.sgm-358.txt,0.0,binary,true,0
reut2-018.sgm-358.txt,0.0,count,false,0
reut2-018.sgm-358.txt,0.0,count,true,0
reut2-018.sgm-358.txt,0.0,gfidf,false,0
reut2-018.sgm-358.txt,0.0,gfidf,true,0
reut2-018.sgm-358.txt,0.0,idf,false,24
reut2-018.sgm-358.txt,0.0,idf,true,0
reut2-018.sgm-358.txt,0.0,logEntropy,false,0
reut2-018.sgm-358.txt,0.0,logEntropy,true,0
reut2-018.sgm-358.txt,0.0,normal,false,0
reut2-018.sgm-358.txt,0.0,normal,true,0
reut2-018.sgm-358.txt,0.0,tfidf,false,4
reut2-018.sgm-358.txt,0.0,tfidf,true,23
reut2-018.sgm-359.txt,3.8067806120424774,binary,false,0
reut2-018.sgm-359.txt,3.8067806120424774,binary,true,0
reut2-018.sgm-359.txt,3.8067806120424774,count,false,0
reut2-018.sgm-359.txt,3.8067806120424774,count,true,0
reut2-018.sgm-359.txt,3.8067806120424774,gfidf,false,0
reut2-018.sgm-359.txt,3.8067806120424774,gfidf,true,0
reut2-018.sgm-359.txt,3.8067806120424774,idf,false,0
reut2-018.sgm-359.txt,3.8067806120424774,idf,true,0
reut2-018.sgm-359.txt,3.8067806120424774,logEntropy,false,0
reut2-018.sgm-359.txt,3.8067806120424774,logEntropy,true,0
reut2-018.sgm-359.txt,3.8067806120424774,normal,false,0
reut2-018.sgm-359.txt,3.8067806120424774,normal,true,0
reut2-018.sgm-359.txt,3.8067806120424774,tfidf,false,0
reut2-018.sgm-359.txt,3.8067806120424774,tfidf,true,7
reut2-018.sgm-360.txt,0.0,binary,false,0
reut2-018.sgm-360.txt,0.0,binary,true,0
reut2-018.sgm-360.txt,0.0,count,false,0
reut2-018.sgm-360.txt,0.0,count,true,0
reut2-018.sgm-360.txt,0.0,gfidf,false,0
reut2-018.sgm-360.txt,0.0,gfidf,true,0
reut2-018.sgm-360.txt,0.0,idf,false,0
reut2-018.sgm-360.txt,0.0,idf,true,0
reut2-018.sgm-360.txt,0.0,logEntropy,false,0
reut2-018.sgm-360.txt,0.0,logEntropy,true,0
reut2-018.sgm-360.txt,0.0,normal,false,0
reut2-018.sgm-360.txt,0.0,normal,true,0
reut2-018.sgm-360.txt,0.0,tfidf,false,2
reut2-018.sgm-360.txt,0.0,tfidf,true,2
reut2-018.sgm-377.txt,0.0,binary,false,14
reut2-018.sgm-377.txt,0.0,binary,true,14
reut2-018.sgm-377.txt,0.0,count,false,1
reut2-018.sgm-377.txt,0.0,count,true,3
reut2-018.sgm-377.txt,0.0,gfidf,false,14
reut2-018.sgm-377.txt,0.0,gfidf,true,14
reut2-018.sgm-377.txt,0.0,idf,false,14
reut2-018.sgm-377.txt,0.0,idf,true,14
reut2-018.sgm-377.txt,0.0,logEntropy,false,14
reut2-018.sgm-377.txt,0.0,logEntropy,true,14
reut2-018.sgm-377.txt,0.0,normal,false,3
reut2-018.sgm-377.txt,0.0,normal,true,3
reut2-018.sgm-377.txt,0.0,tfidf,false,1
reut2-018.sgm-377.txt,0.0,tfidf,true,3
reut2-018.sgm-396.txt,0.0,binary,false,18
reut2-018.sgm-396.txt,0.0,binary,true,18
reut2-018.sgm-396.txt,0.0,count,false,4
reut2-018.sgm-396.txt,0.0,count,true,4
reut2-018.sgm-396.txt,0.0,gfidf,false,18
reut2-018.sgm-396.txt,0.0,gfidf,true,18
reut2-018.sgm-396.txt,0.0,idf,false,17
reut2-018.sgm-396.txt,0.0,idf,true,17
reut2-018.sgm-396.txt,0.0,logEntropy,false,18
reut2-018.sgm-396.txt,0.0,logEntropy,true,18
reut2-018.sgm-396.txt,0.0,normal,false,0
reut2-018.sgm-396.txt,0.0,normal,true,18
reut2-018.sgm-396.txt,0.0,tfidf,false,18
reut2-018.sgm-396.txt,0.0,tfidf,true,18
reut2-018.sgm-4.txt,0.0,binary,false,18
reut2-018.sgm-4.txt,0.0,binary,true,18
reut2-018.sgm-4.txt,0.0,count,false,18
reut2-018.sgm-4.txt,0.0,count,true,7
reut2-018.sgm-4.txt,0.0,gfidf,false,18
reut2-018.sgm-4.txt,0.0,gfidf,true,7
reut2-018.sgm-4.txt,0.0,idf,false,18
reut2-018.sgm-4.txt,0.0,idf,true,7
reut2-018.sgm-4.txt,0.0,logEntropy,false,18
reut2-018.sgm-4.txt,0.0,logEntropy,true,7
reut2-018.sgm-4.txt,0.0,normal,false,7
reut2-018.sgm-4.txt,0.0,normal,true,7
reut2-018.sgm-4.txt,0.0,tfidf,false,17
reut2-018.sgm-4.txt,0.0,tfidf,true,7
reut2-018.sgm-402.txt,0.0,binary,false,7
reut2-018.sgm-402.txt,0.0,binary,true,7
reut2-018.sgm-402.txt,0.0,count,false,7
reut2-018.sgm-402.txt,0.0,count,true,7
reut2-018.sgm-402.txt,0.0,gfidf,false,7
reut2-018.sgm-402.txt,0.0,gfidf,true,7
reut2-018.sgm-402.txt,0.0,idf,false,7
reut2-018.sgm-402.txt,0.0,idf,true,7
reut2-018.sgm-402.txt,0.0,logEntropy,false,7
reut2-018.sgm-402.txt,0.0,logEntropy,true,7
reut2-018.sgm-402.txt,0.0,normal,false,7
reut2-018.sgm-402.txt,0.0,normal,true,7
reut2-018.sgm-402.txt,0.0,tfidf,false,7
reut2-018.sgm-402.txt,0.0,tfidf,true,2
reut2-018.sgm-407.txt,0.0,binary,false,5
reut2-018.sgm-407.txt,0.0,binary,true,5
reut2-018.sgm-407.txt,0.0,count,false,5
reut2-018.sgm-407.txt,0.0,count,true,5
reut2-018.sgm-407.txt,0.0,gfidf,false,5
reut2-018.sgm-407.txt,0.0,gfidf,true,5
reut2-018.sgm-407.txt,0.0,idf,false,5
reut2-018.sgm-407.txt,0.0,idf,true,5
reut2-018.sgm-407.txt,0.0,logEntropy,false,5
reut2-018.sgm-407.txt,0.0,logEntropy,true,5
reut2-018.sgm-407.txt,0.0,normal,false,13
reut2-018.sgm-407.txt,0.0,normal,true,1
reut2-018.sgm-407.txt,0.0,tfidf,false,5
reut2-018.sgm-407.txt,0.0,tfidf,true,5
reut2-018.sgm-408.txt,0.0,binary,false,10
reut2-018.sgm-408.txt,0.0,binary,true,10
reut2-018.sgm-408.txt,0.0,count,false,10
reut2-018.sgm-408.txt,0.0,count,true,10
reut2-018.sgm-408.txt,0.0,gfidf,false,10
reut2-018.sgm-408.txt,0.0,gfidf,true,10
reut2-018.sgm-408.txt,0.0,idf,false,10
reut2-018.sgm-408.txt,0.0,idf,true,10
reut2-018.sgm-408.txt,0.0,logEntropy,false,10
reut2-018.sgm-408.txt,0.0,logEntropy,true,10
reut2-018.sgm-408.txt,0.0,normal,false,1
reut2-018.sgm-408.txt,0.0,normal,true,0
reut2-018.sgm-408.txt,0.0,tfidf,false,10
reut2-018.sgm-408.txt,0.0,tfidf,true,10
reut2-018.sgm-414.txt,0.0,binary,false,24
reut2-018.sgm-414.txt,0.0,binary,true,14
reut2-018.sgm-414.txt,0.0,count,false,14
reut2-018.sgm-414.txt,0.0,count,true,14
reut2-018.sgm-414.txt,0.0,gfidf,false,14
reut2-018.sgm-414.txt,0.0,gfidf,true,14
reut2-018.sgm-414.txt,0.0,idf,false,24
reut2-018.sgm-414.txt,0.0,idf,true,14
reut2-018.sgm-414.txt,0.0,logEntropy,false,14
reut2-018.sgm-414.txt,0.0,logEntropy,true,14
reut2-018.sgm-414.txt,0.0,normal,false,3
reut2-018.sgm-414.txt,0.0,normal,true,3
reut2-018.sgm-414.txt,0.0,tfidf,false,14
reut2-018.sgm-414.txt,0.0,tfidf,true,14
reut2-018.sgm-419.txt,0.0,binary,false,3
reut2-018.sgm-419.txt,0.0,binary,true,3
reut2-018.sgm-419.txt,0.0,count,false,3
reut2-018.sgm-419.txt,0.0,count,true,3
reut2-018.sgm-419.txt,0.0,gfidf,false,3
reut2-018.sgm-419.txt,0.0,gfidf,true,3
reut2-018.sgm-419.txt,0.0,idf,false,3
reut2-018.sgm-419.txt,0.0,idf,true,3
reut2-018.sgm-419.txt,0.0,logEntropy,false,3
reut2-018.sgm-419.txt,0.0,logEntropy,true,3
reut2-018.sgm-419.txt,0.0,normal,false,3
reut2-018.sgm-419.txt,0.0,normal,true,1
reut2-018.sgm-419.txt,0.0,tfidf,false,9
reut2-018.sgm-419.txt,0.0,tfidf,true,9
reut2-018.sgm-420.txt,3.22711121952835,binary,false,1
reut2-018.sgm-420.txt,3.22711121952835,binary,true,1
reut2-018.sgm-420.txt,3.22711121952835,count,false,1
reut2-018.sgm-420.txt,3.22711121952835,count,true,1
reut2-018.sgm-420.txt,3.22711121952835,gfidf,false,1
reut2-018.sgm-420.txt,3.22711121952835,gfidf,true,1
reut2-018.sgm-420.txt,3.22711121952835,idf,false,1
reut2-018.sgm-420.txt,3.22711121952835,idf,true,1
reut2-018.sgm-420.txt,3.22711121952835,logEntropy,false,1
reut2-018.sgm-420.txt,3.22711121952835,logEntropy,true,1
reut2-018.sgm-420.txt,3.22711121952835,normal,false,0
reut2-018.sgm-420.txt,3.22711121952835,normal,true,0
reut2-018.sgm-420.txt,3.22711121952835,tfidf,false,1
reut2-018.sgm-420.txt,3.22711121952835,tfidf,true,1
reut2-018.sgm-421.txt,0.0,binary,false,6
reut2-018.sgm-421.txt,0.0,binary,true,6
reut2-018.sgm-421.txt,0.0,count,false,6
reut2-018.sgm-421.txt,0.0,count,true,6
reut2-018.sgm-421.txt,0.0,gfidf,false,6
reut2-018.sgm-421.txt,0.0,gfidf,true,6
reut2-018.sgm-421.txt,0.0,idf,false,6
reut2-018.sgm-421.txt,0.0,idf,true,6
reut2-018.sgm-421.txt,0.0,logEntropy,false,6
reut2-018.sgm-421.txt,0.0,logEntropy,true,6
reut2-018.sgm-421.txt,0.0,normal,false,6
reut2-018.sgm-421.txt,0.0,normal,true,6
reut2-018.sgm-421.txt,0.0,tfidf,false,0
reut2-018.sgm-421.txt,0.0,tfidf,true,0
reut2-018.sgm-426.txt,0.0,binary,false,4
reut2-018.sgm-426.txt,0.0,binary,true,4
reut2-018.sgm-426.txt,0.0,count,false,0
reut2-018.sgm-426.txt,0.0,count,true,0
reut2-018.sgm-426.txt,0.0,gfidf,false,4
reut2-018.sgm-426.txt,0.0,gfidf,true,4
reut2-018.sgm-426.txt,0.0,idf,false,5
reut2-018.sgm-426.txt,0.0,idf,true,5
reut2-018.sgm-426.txt,0.0,logEntropy,false,0
reut2-018.sgm-426.txt,0.0,logEntropy,true,0
reut2-018.sgm-426.txt,0.0,normal,false,0
reut2-018.sgm-426.txt,0.0,normal,true,0
reut2-018.sgm-426.txt,0.0,tfidf,false,5
reut2-018.sgm-426.txt,0.0,tfidf,true,5
reut2-018.sgm-427.txt,0.0,binary,false,2
reut2-018.sgm-427.txt,0.0,binary,true,2
reut2-018.sgm-427.txt,0.0,count,false,2
reut2-018.sgm-427.txt,0.0,count,true,2
reut2-018.sgm-427.txt,0.0,gfidf,false,2
reut2-018.sgm-427.txt,0.0,gfidf,true,2
reut2-018.sgm-427.txt,0.0,idf,false,2
reut2-018.sgm-427.txt,0.0,idf,true,2
reut2-018.sgm-427.txt,0.0,logEntropy,false,2
reut2-018.sgm-427.txt,0.0,logEntropy,true,2
reut2-018.sgm-427.txt,0.0,normal,false,0
reut2-018.sgm-427.txt,0.0,normal,true,0
reut2-018.sgm-427.txt,0.0,tfidf,false,2
reut2-018.sgm-427.txt,0.0,tfidf,true,2
reut2-018.sgm-432.txt,0.0,binary,false,0
reut2-018.sgm-432.txt,0.0,binary,true,0
reut2-018.sgm-432.txt,0.0,count,false,12
reut2-018.sgm-432.txt,0.0,count,true,12
reut2-018.sgm-432.txt,0.0,gfidf,false,13
reut2-018.sgm-432.txt,0.0,gfidf,true,0
reut2-018.sgm-432.txt,0.0,idf,false,0
reut2-018.sgm-432.txt,0.0,idf,true,0
reut2-018.sgm-432.txt,0.0,logEntropy,false,12
reut2-018.sgm-432.txt,0.0,logEntropy,true,12
reut2-018.sgm-432.txt,0.0,normal,false,8
reut2-018.sgm-432.txt,0.0,normal,true,12
reut2-018.sgm-432.txt,0.0,tfidf,false,0
reut2-018.sgm-432.txt,0.0,tfidf,true,0
reut2-018.sgm-441.txt,4.16954494692737,binary,false,0
reut2-018.sgm-441.txt,4.16954494692737,binary,true,0
reut2-018.sgm-441.txt,4.16954494692737,count,false,0
reut2-018.sgm-441.txt,4.16954494692737,count,true,0
reut2-018.sgm-441.txt,4.16954494692737,gfidf,false,0
reut2-018.sgm-441.txt,4.16954494692737,gfidf,true,0
reut2-018.sgm-441.txt,4.16954494692737,idf,false,0
reut2-018.sgm-441.txt,4.16954494692737,idf,true,0
reut2-018.sgm-441.txt,4.16954494692737,logEntropy,false,0
reut2-018.sgm-441.txt,4.16954494692737,logEntropy,true,0
reut2-018.sgm-441.txt,4.16954494692737,normal,false,0
reut2-018.sgm-441.txt,4.16954494692737,normal,true,0
reut2-018.sgm-441.txt,4.16954494692737,tfidf,false,11
reut2-018.sgm-441.txt,4.16954494692737,tfidf,true,1
reut2-018.sgm-448.txt,0.0,binary,false,0
reut2-018.sgm-448.txt,0.0,binary,true,4
reut2-018.sgm-448.txt,0.0,count,false,0
reut2-018.sgm-448.txt,0.0,count,true,4
reut2-018.sgm-448.txt,0.0,gfidf,false,0
reut2-018.sgm-448.txt,0.0,gfidf,true,4
reut2-018.sgm-448.txt,0.0,idf,false,4
reut2-018.sgm-448.txt,0.0,idf,true,4
reut2-018.sgm-448.txt,0.0,logEntropy,false,0
reut2-018.sgm-448.txt,0.0,logEntropy,true,4
reut2-018.sgm-448.txt,0.0,normal,false,0
reut2-018.sgm-448.txt,0.0,normal,true,5
reut2-018.sgm-448.txt,0.0,tfidf,false,7
reut2-018.sgm-448.txt,0.0,tfidf,true,4
reut2-018.sgm-454.txt,0.0,binary,false,13
reut2-018.sgm-454.txt,0.0,binary,true,13
reut2-018.sgm-454.txt,0.0,count,false,13
reut2-018.sgm-454.txt,0.0,count,true,13
reut2-018.sgm-454.txt,0.0,gfidf,false,13
reut2-018.sgm-454.txt,0.0,gfidf,true,13
reut2-018.sgm-454.txt,0.0,idf,false,13
reut2-018.sgm-454.txt,0.0,idf,true,13
reut2-018.sgm-454.txt,0.0,logEntropy,false,13
reut2-018.sgm-454.txt,0.0,logEntropy,true,13
reut2-018.sgm-454.txt,0.0,normal,false,1
reut2-018.sgm-454.txt,0.0,normal,true,1
reut2-018.sgm-454.txt,0.0,tfidf,false,13
reut2-018.sgm-454.txt,0.0,tfidf,true,13
reut2-018.sgm-456.txt,2.2456485239871014,binary,false,1
reut2-018.sgm-456.txt,2.2456485239871014,binary,true,1
reut2-018.sgm-456.txt,2.2456485239871014,count,false,1
reut2-018.sgm-456.txt,2.2456485239871014,count,true,1
reut2-018.sgm-456.txt,2.2456485239871014,gfidf,false,1
reut2-018.sgm-456.txt,2.2456485239871014,gfidf,true,1
reut2-018.sgm-456.txt,2.2456485239871014,idf,false,1
reut2-018.sgm-456.txt,2.2456485239871014,idf,true,1
reut2-018.sgm-456.txt,2.2456485239871014,logEntropy,false,1
reut2-018.sgm-456.txt,2.2456485239871014,logEntropy,true,1
reut2-018.sgm-456.txt,2.2456485239871014,normal,false,1
reut2-018.sgm-456.txt,2.2456485239871014,normal,true,1
reut2-018.sgm-456.txt,2.2456485239871014,tfidf,false,4
reut2-018.sgm-456.txt,2.2456485239871014,tfidf,true,4
reut2-018.sgm-459.txt,0.0,binary,false,8
reut2-018.sgm-459.txt,0.0,binary,true,8
reut2-018.sgm-459.txt,0.0,count,false,11
reut2-018.sgm-459.txt,0.0,count,true,11
reut2-018.sgm-459.txt,0.0,gfidf,false,11
reut2-018.sgm-459.txt,0.0,gfidf,true,11
reut2-018.sgm-459.txt,0.0,idf,false,8
reut2-018.sgm-459.txt,0.0,idf,true,8
reut2-018.sgm-459.txt,0.0,logEntropy,false,11
reut2-018.sgm-459.txt,0.0,logEntropy,true,11
reut2-018.sgm-459.txt,0.0,normal,false,11
reut2-018.sgm-459.txt,0.0,normal,true,11
reut2-018.sgm-459.txt,0.0,tfidf,false,11
reut2-018.sgm-459.txt,0.0,tfidf,true,11
reut2-018.sgm-460.txt,0.0,binary,false,6
reut2-018.sgm-460.txt,0.0,binary,true,6
reut2-018.sgm-460.txt,0.0,count,false,1
reut2-018.sgm-460.txt,0.0,count,true,6
reut2-018.sgm-460.txt,0.0,gfidf,false,4
reut2-018.sgm-460.txt,0.0,gfidf,true,6
reut2-018.sgm-460.txt,0.0,idf,false,6
reut2-018.sgm-460.txt,0.0,idf,true,6
reut2-018.sgm-460.txt,0.0,logEntropy,false,6
reut2-018.sgm-460.txt,0.0,logEntropy,true,6
reut2-018.sgm-460.txt,0.0,normal,false,0
reut2-018.sgm-460.txt,0.0,normal,true,0
reut2-018.sgm-460.txt,0.0,tfidf,false,6
reut2-018.sgm-460.txt,0.0,tfidf,true,6
reut2-018.sgm-461.txt,0.0,binary,false,14
reut2-018.sgm-461.txt,0.0,binary,true,14
reut2-018.sgm-461.txt,0.0,count,false,14
reut2-018.sgm-461.txt,0.0,count,true,14
reut2-018.sgm-461.txt,0.0,gfidf,false,14
reut2-018.sgm-461.txt,0.0,gfidf,true,14
reut2-018.sgm-461.txt,0.0,idf,false,14
reut2-018.sgm-461.txt,0.0,idf,true,14
reut2-018.sgm-461.txt,0.0,logEntropy,false,14
reut2-018.sgm-461.txt,0.0,logEntropy,true,14
reut2-018.sgm-461.txt,0.0,normal,false,14
reut2-018.sgm-461.txt,0.0,normal,true,14
reut2-018.sgm-461.txt,0.0,tfidf,false,14
reut2-018.sgm-461.txt,0.0,tfidf,true,14
reut2-018.sgm-462.txt,0.0,binary,false,3
reut2-018.sgm-462.txt,0.0,binary,true,8
reut2-018.sgm-462.txt,0.0,count,false,13
reut2-018.sgm-462.txt,0.0,count,true,13
reut2-018.sgm-462.txt,0.0,gfidf,false,3
reut2-018.sgm-462.txt,0.0,gfidf,true,8
reut2-018.sgm-462.txt,0.0,idf,false,3
reut2-018.sgm-462.txt,0.0,idf,true,5
reut2-018.sgm-462.txt,0.0,logEntropy,false,13
reut2-018.sgm-462.txt,0.0,logEntropy,true,13
reut2-018.sgm-462.txt,0.0,normal,false,14
reut2-018.sgm-462.txt,0.0,normal,true,8
reut2-018.sgm-462.txt,0.0,tfidf,false,3
reut2-018.sgm-462.txt,0.0,tfidf,true,5
reut2-018.sgm-463.txt,0.0,binary,false,3
reut2-018.sgm-463.txt,0.0,binary,true,4
reut2-018.sgm-463.txt,0.0,count,false,0
reut2-018.sgm-463.txt,0.0,count,true,0
reut2-018.sgm-463.txt,0.0,gfidf,false,3
reut2-018.sgm-463.txt,0.0,gfidf,true,4
reut2-018.sgm-463.txt,0.0,idf,false,3
reut2-018.sgm-463.txt,0.0,idf,true,4
reut2-018.sgm-463.txt,0.0,logEntropy,false,0
reut2-018.sgm-463.txt,0.0,logEntropy,true,11
reut2-018.sgm-463.txt,0.0,normal,false,1
reut2-018.sgm-463.txt,0.0,normal,true,0
reut2-018.sgm-463.txt,0.0,tfidf,false,3
reut2-018.sgm-463.txt,0.0,tfidf,true,4
reut2-018.sgm-478.txt,0.0,binary,false,14
reut2-018.sgm-478.txt,0.0,binary,true,0
reut2-018.sgm-478.txt,0.0,count,false,16
reut2-018.sgm-478.txt,0.0,count,true,16
reut2-018.sgm-478.txt,0.0,gfidf,false,16
reut2-018.sgm-478.txt,0.0,gfidf,true,16
reut2-018.sgm-478.txt,0.0,idf,false,16
reut2-018.sgm-478.txt,0.0,idf,true,16
reut2-018.sgm-478.txt,0.0,logEntropy,false,16
reut2-018.sgm-478.txt,0.0,logEntropy,true,16
reut2-018.sgm-478.txt,0.0,normal,false,4
reut2-018.sgm-478.txt,0.0,normal,true,3
reut2-018.sgm-478.txt,0.0,tfidf,false,16
reut2-018.sgm-478.txt,0.0,tfidf,true,16
reut2-018.sgm-503.txt,0.0,binary,false,11
reut2-018.sgm-503.txt,0.0,binary,true,1
reut2-018.sgm-503.txt,0.0,count,false,11
reut2-018.sgm-503.txt,0.0,count,true,11
reut2-018.sgm-503.txt,0.0,gfidf,false,11
reut2-018.sgm-503.txt,0.0,gfidf,true,11
reut2-018.sgm-503.txt,0.0,idf,false,2
reut2-018.sgm-503.txt,0.0,idf,true,2
reut2-018.sgm-503.txt,0.0,logEntropy,false,11
reut2-018.sgm-503.txt,0.0,logEntropy,true,11
reut2-018.sgm-503.txt,0.0,normal,false,11
reut2-018.sgm-503.txt,0.0,normal,true,0
reut2-018.sgm-503.txt,0.0,tfidf,false,2
reut2-018.sgm-503.txt,0.0,tfidf,true,2
reut2-018.sgm-506.txt,0.0,binary,false,18
reut2-018.sgm-506.txt,0.0,binary,true,1
reut2-018.sgm-506.txt,0.0,count,false,9
reut2-018.sgm-506.txt,0.0,count,true,0
reut2-018.sgm-506.txt,0.0,gfidf,false,8
reut2-018.sgm-506.txt,0.0,gfidf,true,10
reut2-018.sgm-506.txt,0.0,idf,false,22
reut2-018.sgm-506.txt,0.0,idf,true,22
reut2-018.sgm-506.txt,0.0,logEntropy,false,9
reut2-018.sgm-506.txt,0.0,logEntropy,true,10
reut2-018.sgm-506.txt,0.0,normal,false,8
reut2-018.sgm-506.txt,0.0,normal,true,8
reut2-018.sgm-506.txt,0.0,tfidf,false,22
reut2-018.sgm-506.txt,0.0,tfidf,true,22
reut2-018.sgm-511.txt,0.0,binary,false,4
reut2-018.sgm-511.txt,0.0,binary,true,4
reut2-018.sgm-511.txt,0.0,count,false,4
reut2-018.sgm-511.txt,0.0,count,true,4
reut2-018.sgm-511.txt,0.0,gfidf,false,4
reut2-018.sgm-511.txt,0.0,gfidf,true,3
reut2-018.sgm-511.txt,0.0,idf,false,4
reut2-018.sgm-511.txt,0.0,idf,true,4
reut2-018.sgm-511.txt,0.0,logEntropy,false,4
reut2-018.sgm-511.txt,0.0,logEntropy,true,4
reut2-018.sgm-511.txt,0.0,normal,false,4
reut2-018.sgm-511.txt,0.0,normal,true,3
reut2-018.sgm-511.txt,0.0,tfidf,false,4
reut2-018.sgm-511.txt,0.0,tfidf,true,4
reut2-018.sgm-530.txt,0.0,binary,false,0
reut2-018.sgm-530.txt,0.0,binary,true,16
reut2-018.sgm-530.txt,0.0,count,false,4
reut2-018.sgm-530.txt,0.0,count,true,16
reut2-018.sgm-530.txt,0.0,gfidf,false,4
reut2-018.sgm-530.txt,0.0,gfidf,true,4
reut2-018.sgm-530.txt,0.0,idf,false,0
reut2-018.sgm-530.txt,0.0,idf,true,16
reut2-018.sgm-530.txt,0.0,logEntropy,false,4
reut2-018.sgm-530.txt,0.0,logEntropy,true,16
reut2-018.sgm-530.txt,0.0,normal,false,4
reut2-018.sgm-530.txt,0.0,normal,true,4
reut2-018.sgm-530.txt,0.0,tfidf,false,15
reut2-018.sgm-530.txt,0.0,tfidf,true,16
reut2-018.sgm-531.txt,0.0,binary,false,5
reut2-018.sgm-531.txt,0.0,binary,true,5
reut2-018.sgm-531.txt,0.0,count,false,2
reut2-018.sgm-531.txt,0.0,count,true,2
reut2-018.sgm-531.txt,0.0,gfidf,false,2
reut2-018.sgm-531.txt,0.0,gfidf,true,5
reut2-018.sgm-531.txt,0.0,idf,false,5
reut2-018.sgm-531.txt,0.0,idf,true,19
reut2-018.sgm-531.txt,0.0,logEntropy,false,2
reut2-018.sgm-531.txt,0.0,logEntropy,true,2
reut2-018.sgm-531.txt,0.0,normal,false,2
reut2-018.sgm-531.txt,0.0,normal,true,2
reut2-018.sgm-531.txt,0.0,tfidf,false,19
reut2-018.sgm-531.txt,0.0,tfidf,true,19
reut2-018.sgm-541.txt,0.0,binary,false,6
reut2-018.sgm-541.txt,0.0,binary,true,6
reut2-018.sgm-541.txt,0.0,count,false,15
reut2-018.sgm-541.txt,0.0,count,true,15
reut2-018.sgm-541.txt,0.0,gfidf,false,6
reut2-018.sgm-541.txt,0.0,gfidf,true,6
reut2-018.sgm-541.txt,0.0,idf,false,15
reut2-018.sgm-541.txt,0.0,idf,true,15
reut2-018.sgm-541.txt,0.0,logEntropy,false,6
reut2-018.sgm-541.txt,0.0,logEntropy,true,6
reut2-018.sgm-541.txt,0.0,normal,false,6
reut2-018.sgm-541.txt,0.0,normal,true,6
reut2-018.sgm-541.txt,0.0,tfidf,false,31
reut2-018.sgm-541.txt,0.0,tfidf,true,26
reut2-018.sgm-547.txt,0.0,binary,false,0
reut2-018.sgm-547.txt,0.0,binary,true,0
reut2-018.sgm-547.txt,0.0,count,false,18
reut2-018.sgm-547.txt,0.0,count,true,18
reut2-018.sgm-547.txt,0.0,gfidf,false,0
reut2-018.sgm-547.txt,0.0,gfidf,true,0
reut2-018.sgm-547.txt,0.0,idf,false,23
reut2-018.sgm-547.txt,0.0,idf,true,0
reut2-018.sgm-547.txt,0.0,logEntropy,false,0
reut2-018.sgm-547.txt,0.0,logEntropy,true,0
reut2-018.sgm-547.txt,0.0,normal,false,0
reut2-018.sgm-547.txt,0.0,normal,true,0
reut2-018.sgm-547.txt,0.0,tfidf,false,3
reut2-018.sgm-547.txt,0.0,tfidf,true,3
reut2-018.sgm-577.txt,0.0,binary,false,14
reut2-018.sgm-577.txt,0.0,binary,true,14
reut2-018.sgm-577.txt,0.0,count,false,14
reut2-018.sgm-577.txt,0.0,count,true,14
reut2-018.sgm-577.txt,0.0,gfidf,false,14
reut2-018.sgm-577.txt,0.0,gfidf,true,14
reut2-018.sgm-577.txt,0.0,idf,false,14
reut2-018.sgm-577.txt,0.0,idf,true,14
reut2-018.sgm-577.txt,0.0,logEntropy,false,14
reut2-018.sgm-577.txt,0.0,logEntropy,true,14
reut2-018.sgm-577.txt,0.0,normal,false,14
reut2-018.sgm-577.txt,0.0,normal,true,14
reut2-018.sgm-577.txt,0.0,tfidf,false,11
reut2-018.sgm-577.txt,0.0,tfidf,true,11
reut2-018.sgm-603.txt,1.751643459517028,binary,false,16
reut2-018.sgm-603.txt,1.751643459517028,binary,true,1
reut2-018.sgm-603.txt,1.751643459517028,count,false,16
reut2-018.sgm-603.txt,1.751643459517028,count,true,0
reut2-018.sgm-603.txt,1.751643459517028,gfidf,false,16
reut2-018.sgm-603.txt,1.751643459517028,gfidf,true,8
reut2-018.sgm-603.txt,1.751643459517028,idf,false,10
reut2-018.sgm-603.txt,1.751643459517028,idf,true,1
reut2-018.sgm-603.txt,1.751643459517028,logEntropy,false,16
reut2-018.sgm-603.txt,1.751643459517028,logEntropy,true,0
reut2-018.sgm-603.txt,1.751643459517028,normal,false,16
reut2-018.sgm-603.txt,1.751643459517028,normal,true,0
reut2-018.sgm-603.txt,1.751643459517028,tfidf,false,10
reut2-018.sgm-603.txt,1.751643459517028,tfidf,true,8
reut2-018.sgm-613.txt,0.0,binary,false,9
reut2-018.sgm-613.txt,0.0,binary,true,9
reut2-018.sgm-613.txt,0.0,count,false,9
reut2-018.sgm-613.txt,0.0,count,true,9
reut2-018.sgm-613.txt,0.0,gfidf,false,9
reut2-018.sgm-613.txt,0.0,gfidf,true,9
reut2-018.sgm-613.txt,0.0,idf,false,9
reut2-018.sgm-613.txt,0.0,idf,true,9
reut2-018.sgm-613.txt,0.0,logEntropy,false,9
reut2-018.sgm-613.txt,0.0,logEntropy,true,9
reut2-018.sgm-613.txt,0.0,normal,false,9
reut2-018.sgm-613.txt,0.0,normal,true,3
reut2-018.sgm-613.txt,0.0,tfidf,false,17
reut2-018.sgm-613.txt,0.0,tfidf,true,9
reut2-018.sgm-620.txt,0.0,binary,false,0
reut2-018.sgm-620.txt,0.0,binary,true,11
reut2-018.sgm-620.txt,0.0,count,false,0
reut2-018.sgm-620.txt,0.0,count,true,0
reut2-018.sgm-620.txt,0.0,gfidf,false,0
reut2-018.sgm-620.txt,0.0,gfidf,true,21
reut2-018.sgm-620.txt,0.0,idf,false,27
reut2-018.sgm-620.txt,0.0,idf,true,27
reut2-018.sgm-620.txt,0.0,logEntropy,false,0
reut2-018.sgm-620.txt,0.0,logEntropy,true,0
reut2-018.sgm-620.txt,0.0,normal,false,1
reut2-018.sgm-620.txt,0.0,normal,true,16
reut2-018.sgm-620.txt,0.0,tfidf,false,27
reut2-018.sgm-620.txt,0.0,tfidf,true,27
reut2-018.sgm-624.txt,0.0,binary,false,12
reut2-018.sgm-624.txt,0.0,binary,true,0
reut2-018.sgm-624.txt,0.0,count,false,6
reut2-018.sgm-624.txt,0.0,count,true,2
reut2-018.sgm-624.txt,0.0,gfidf,false,12
reut2-018.sgm-624.txt,0.0,gfidf,true,0
reut2-018.sgm-624.txt,0.0,idf,false,12
reut2-018.sgm-624.txt,0.0,idf,true,13
reut2-018.sgm-624.txt,0.0,logEntropy,false,12
reut2-018.sgm-624.txt,0.0,logEntropy,true,0
reut2-018.sgm-624.txt,0.0,normal,false,0
reut2-018.sgm-624.txt,0.0,normal,true,2
reut2-018.sgm-624.txt,0.0,tfidf,false,13
reut2-018.sgm-624.txt,0.0,tfidf,true,13
reut2-018.sgm-671.txt,0.0,binary,false,19
reut2-018.sgm-671.txt,0.0,binary,true,19
reut2-018.sgm-671.txt,0.0,count,false,19
reut2-018.sgm-671.txt,0.0,count,true,19
reut2-018.sgm-671.txt,0.0,gfidf,false,19
reut2-018.sgm-671.txt,0.0,gfidf,true,19
reut2-018.sgm-671.txt,0.0,idf,false,19
reut2-018.sgm-671.txt,0.0,idf,true,19
reut2-018.sgm-671.txt,0.0,logEntropy,false,19
reut2-018.sgm-671.txt,0.0,logEntropy,true,19
reut2-018.sgm-671.txt,0.0,normal,false,19
reut2-018.sgm-671.txt,0.0,normal,true,19
reut2-018.sgm-671.txt,0.0,tfidf,false,19
reut2-018.sgm-671.txt,0.0,tfidf,true,19
reut2-018.sgm-682.txt,0.0,binary,false,5
reut2-018.sgm-682.txt,0.0,binary,true,5
reut2-018.sgm-682.txt,0.0,count,false,4
reut2-018.sgm-682.txt,0.0,count,true,4
reut2-018.sgm-682.txt,0.0,gfidf,false,5
reut2-018.sgm-682.txt,0.0,gfidf,true,4
reut2-018.sgm-682.txt,0.0,idf,false,5
reut2-018.sgm-682.txt,0.0,idf,true,5
reut2-018.sgm-682.txt,0.0,logEntropy,false,5
reut2-018.sgm-682.txt,0.0,logEntropy,true,5
reut2-018.sgm-682.txt,0.0,normal,false,6
reut2-018.sgm-682.txt,0.0,normal,true,5
reut2-018.sgm-682.txt,0.0,tfidf,false,9
reut2-018.sgm-682.txt,0.0,tfidf,true,4
reut2-018.sgm-687.txt,0.0,binary,false,11
reut2-018.sgm-687.txt,0.0,binary,true,11
reut2-018.sgm-687.txt,0.0,count,false,11
reut2-018.sgm-687.txt,0.0,count,true,11
reut2-018.sgm-687.txt,0.0,gfidf,false,11
reut2-018.sgm-687.txt,0.0,gfidf,true,11
reut2-018.sgm-687.txt,0.0,idf,false,11
reut2-018.sgm-687.txt,0.0,idf,true,11
reut2-018.sgm-687.txt,0.0,logEntropy,false,11
reut2-018.sgm-687.txt,0.0,logEntropy,true,11
reut2-018.sgm-687.txt,0.0,normal,false,11
reut2-018.sgm-687.txt,0.0,normal,true,8
reut2-018.sgm-687.txt,0.0,tfidf,false,12
reut2-018.sgm-687.txt,0.0,tfidf,true,11
reut2-018.sgm-7.txt,0.0,binary,false,11
reut2-018.sgm-7.txt,0.0,binary,true,11
reut2-018.sgm-7.txt,0.0,count,false,9
reut2-018.sgm-7.txt,0.0,count,true,9
reut2-018.sgm-7.txt,0.0,gfidf,false,11
reut2-018.sgm-7.txt,0.0,gfidf,true,11
reut2-018.sgm-7.txt,0.0,idf,false,11
reut2-018.sgm-7.txt,0.0,idf,true,11
reut2-018.sgm-7.txt,0.0,logEntropy,false,11
reut2-018.sgm-7.txt,0.0,logEntropy,true,9
reut2-018.sgm-7.txt,0.0,normal,false,10
reut2-018.sgm-7.txt,0.0,normal,true,10
reut2-018.sgm-7.txt,0.0,tfidf,false,11
reut2-018.sgm-7.txt,0.0,tfidf,true,11
reut2-018.sgm-70.txt,0.0,binary,false,21
reut2-018.sgm-70.txt,0.0,binary,true,21
reut2-018.sgm-70.txt,0.0,count,false,21
reut2-018.sgm-70.txt,0.0,count,true,21
reut2-018.sgm-70.txt,0.0,gfidf,false,21
reut2-018.sgm-70.txt,0.0,gfidf,true,21
reut2-018.sgm-70.txt,0.0,idf,false,21
reut2-018.sgm-70.txt,0.0,idf,true,21
reut2-018.sgm-70.txt,0.0,logEntropy,false,21
reut2-018.sgm-70.txt,0.0,logEntropy,true,21
reut2-018.sgm-70.txt,0.0,normal,false,6
reut2-018.sgm-70.txt,0.0,normal,true,6
reut2-018.sgm-70.txt,0.0,tfidf,false,7
reut2-018.sgm-70.txt,0.0,tfidf,true,7
reut2-018.sgm-730.txt,0.0,binary,false,15
reut2-018.sgm-730.txt,0.0,binary,true,9
reut2-018.sgm-730.txt,0.0,count,false,15
reut2-018.sgm-730.txt,0.0,count,true,15
reut2-018.sgm-730.txt,0.0,gfidf,false,15
reut2-018.sgm-730.txt,0.0,gfidf,true,9
reut2-018.sgm-730.txt,0.0,idf,false,17
reut2-018.sgm-730.txt,0.0,idf,true,9
reut2-018.sgm-730.txt,0.0,logEntropy,false,15
reut2-018.sgm-730.txt,0.0,logEntropy,true,15
reut2-018.sgm-730.txt,0.0,normal,false,15
reut2-018.sgm-730.txt,0.0,normal,true,4
reut2-018.sgm-730.txt,0.0,tfidf,false,17
reut2-018.sgm-730.txt,0.0,tfidf,true,9
reut2-018.sgm-732.txt,3.622894657055627,binary,false,0
reut2-018.sgm-732.txt,3.622894657055627,binary,true,0
reut2-018.sgm-732.txt,3.622894657055627,count,false,0
reut2-018.sgm-732.txt,3.622894657055627,count,true,0
reut2-018.sgm-732.txt,3.622894657055627,gfidf,false,0
reut2-018.sgm-732.txt,3.622894657055627,gfidf,true,0
reut2-018.sgm-732.txt,3.622894657055627,idf,false,0
reut2-018.sgm-732.txt,3.622894657055627,idf,true,0
reut2-018.sgm-732.txt,3.622894657055627,logEntropy,false,0
reut2-018.sgm-732.txt,3.622894657055627,logEntropy,true,0
reut2-018.sgm-732.txt,3.622894657055627,normal,false,2
reut2-018.sgm-732.txt,3.622894657055627,normal,true,0
reut2-018.sgm-732.txt,3.622894657055627,tfidf,false,0
reut2-018.sgm-732.txt,3.622894657055627,tfidf,true,10
reut2-018.sgm-743.txt,1.9033903060212392,binary,false,1
reut2-018.sgm-743.txt,1.9033903060212392,binary,true,15
reut2-018.sgm-743.txt,1.9033903060212392,count,false,15
reut2-018.sgm-743.txt,1.9033903060212392,count,true,1
reut2-018.sgm-743.txt,1.9033903060212392,gfidf,false,15
reut2-018.sgm-743.txt,1.9033903060212392,gfidf,true,15
reut2-018.sgm-743.txt,1.9033903060212392,idf,false,1
reut2-018.sgm-743.txt,1.9033903060212392,idf,true,1
reut2-018.sgm-743.txt,1.9033903060212392,logEntropy,false,15
reut2-018.sgm-743.txt,1.9033903060212392,logEntropy,true,1
reut2-018.sgm-743.txt,1.9033903060212392,normal,false,15
reut2-018.sgm-743.txt,1.9033903060212392,normal,true,15
reut2-018.sgm-743.txt,1.9033903060212392,tfidf,false,4
reut2-018.sgm-743.txt,1.9033903060212392,tfidf,true,4
reut2-018.sgm-775.txt,0.0,binary,false,9
reut2-018.sgm-775.txt,0.0,binary,true,9
reut2-018.sgm-775.txt,0.0,count,false,16
reut2-018.sgm-775.txt,0.0,count,true,5
reut2-018.sgm-775.txt,0.0,gfidf,false,16
reut2-018.sgm-775.txt,0.0,gfidf,true,16
reut2-018.sgm-775.txt,0.0,idf,false,9
reut2-018.sgm-775.txt,0.0,idf,true,9
reut2-018.sgm-775.txt,0.0,logEntropy,false,16
reut2-018.sgm-775.txt,0.0,logEntropy,true,5
reut2-018.sgm-775.txt,0.0,normal,false,1
reut2-018.sgm-775.txt,0.0,normal,true,5
reut2-018.sgm-775.txt,0.0,tfidf,false,16
reut2-018.sgm-775.txt,0.0,tfidf,true,16
reut2-018.sgm-780.txt,0.0,binary,false,0
reut2-018.sgm-780.txt,0.0,binary,true,12
reut2-018.sgm-780.txt,0.0,count,false,14
reut2-018.sgm-780.txt,0.0,count,true,14
reut2-018.sgm-780.txt,0.0,gfidf,false,12
reut2-018.sgm-780.txt,0.0,gfidf,true,12
reut2-018.sgm-780.txt,0.0,idf,false,6
reut2-018.sgm-780.txt,0.0,idf,true,12
reut2-018.sgm-780.txt,0.0,logEntropy,false,14
reut2-018.sgm-780.txt,0.0,logEntropy,true,0
reut2-018.sgm-780.txt,0.0,normal,false,12
reut2-018.sgm-780.txt,0.0,normal,true,12
reut2-018.sgm-780.txt,0.0,tfidf,false,6
reut2-018.sgm-780.txt,0.0,tfidf,true,0
reut2-018.sgm-834.txt,0.0,binary,false,2
reut2-018.sgm-834.txt,0.0,binary,true,1
reut2-018.sgm-834.txt,0.0,count,false,3
reut2-018.sgm-834.txt,0.0,count,true,1
reut2-018.sgm-834.txt,0.0,gfidf,false,2
reut2-018.sgm-834.txt,0.0,gfidf,true,1
reut2-018.sgm-834.txt,0.0,idf,false,7
reut2-018.sgm-834.txt,0.0,idf,true,7
reut2-018.sgm-834.txt,0.0,logEntropy,false,2
reut2-018.sgm-834.txt,0.0,logEntropy,true,1
reut2-018.sgm-834.txt,0.0,normal,false,0
reut2-018.sgm-834.txt,0.0,normal,true,0
reut2-018.sgm-834.txt,0.0,tfidf,false,7
reut2-018.sgm-834.txt,0.0,tfidf,true,7
reut2-018.sgm-848.txt,0.0,binary,false,19
reut2-018.sgm-848.txt,0.0,binary,true,1
reut2-018.sgm-848.txt,0.0,count,false,2
reut2-018.sgm-848.txt,0.0,count,true,18
reut2-018.sgm-848.txt,0.0,gfidf,false,0
reut2-018.sgm-848.txt,0.0,gfidf,true,0
reut2-018.sgm-848.txt,0.0,idf,false,19
reut2-018.sgm-848.txt,0.0,idf,true,1
reut2-018.sgm-848.txt,0.0,logEntropy,false,0
reut2-018.sgm-848.txt,0.0,logEntropy,true,0
reut2-018.sgm-848.txt,0.0,normal,false,0
reut2-018.sgm-848.txt,0.0,normal,true,0
reut2-018.sgm-848.txt,0.0,tfidf,false,25
reut2-018.sgm-848.txt,0.0,tfidf,true,25
reut2-018.sgm-85.txt,0.0,binary,false,4
reut2-018.sgm-85.txt,0.0,binary,true,0
reut2-018.sgm-85.txt,0.0,count,false,25
reut2-018.sgm-85.txt,0.0,count,true,6
reut2-018.sgm-85.txt,0.0,gfidf,false,25
reut2-018.sgm-85.txt,0.0,gfidf,true,0
reut2-018.sgm-85.txt,0.0,idf,false,4
reut2-018.sgm-85.txt,0.0,idf,true,30
reut2-018.sgm-85.txt,0.0,logEntropy,false,4
reut2-018.sgm-85.txt,0.0,logEntropy,true,6
reut2-018.sgm-85.txt,0.0,normal,false,0
reut2-018.sgm-85.txt,0.0,normal,true,0
reut2-018.sgm-85.txt,0.0,tfidf,false,25
reut2-018.sgm-85.txt,0.0,tfidf,true,25
reut2-018.sgm-872.txt,2.669464237235764,binary,false,1
reut2-018.sgm-872.txt,2.669464237235764,binary,true,0
reut2-018.sgm-872.txt,2.669464237235764,count,false,1
reut2-018.sgm-872.txt,2.669464237235764,count,true,3
reut2-018.sgm-872.txt,2.669464237235764,gfidf,false,1
reut2-018.sgm-872.txt,2.669464237235764,gfidf,true,3
reut2-018.sgm-872.txt,2.669464237235764,idf,false,1
reut2-018.sgm-872.txt,2.669464237235764,idf,true,1
reut2-018.sgm-872.txt,2.669464237235764,logEntropy,false,1
reut2-018.sgm-872.txt,2.669464237235764,logEntropy,true,1
reut2-018.sgm-872.txt,2.669464237235764,normal,false,1
reut2-018.sgm-872.txt,2.669464237235764,normal,true,0
reut2-018.sgm-872.txt,2.669464237235764,tfidf,false,3
reut2-018.sgm-872.txt,2.669464237235764,tfidf,true,3
reut2-018.sgm-890.txt,3.953391507498103,binary,false,1
reut2-018.sgm-890.txt,3.953391507498103,binary,true,0
reut2-018.sgm-890.txt,3.953391507498103,count,false,1
reut2-018.sgm-890.txt,3.953391507498103,count,true,0
reut2-018.sgm-890.txt,3.953391507498103,gfidf,false,1
reut2-018.sgm-890.txt,3.953391507498103,gfidf,true,0
reut2-018.sgm-890.txt,3.953391507498103,idf,false,1
reut2-018.sgm-890.txt,3.953391507498103,idf,true,0
reut2-018.sgm-890.txt,3.953391507498103,logEntropy,false,1
reut2-018.sgm-890.txt,3.953391507498103,logEntropy,true,0
reut2-018.sgm-890.txt,3.953391507498103,normal,false,0
reut2-018.sgm-890.txt,3.953391507498103,normal,true,0
reut2-018.sgm-890.txt,3.953391507498103,tfidf,false,1
reut2-018.sgm-890.txt,3.953391507498103,tfidf,true,0
reut2-018.sgm-910.txt,2.0,binary,false,7
reut2-018.sgm-910.txt,2.0,binary,true,1
reut2-018.sgm-910.txt,2.0,count,false,7
reut2-018.sgm-910.txt,2.0,count,true,1
reut2-018.sgm-910.txt,2.0,gfidf,false,7
reut2-018.sgm-910.txt,2.0,gfidf,true,1
reut2-018.sgm-910.txt,2.0,idf,false,7
reut2-018.sgm-910.txt,2.0,idf,true,7
reut2-018.sgm-910.txt,2.0,logEntropy,false,7
reut2-018.sgm-910.txt,2.0,logEntropy,true,1
reut2-018.sgm-910.txt,2.0,normal,false,1
reut2-018.sgm-910.txt,2.0,normal,true,1
reut2-018.sgm-910.txt,2.0,tfidf,false,7
reut2-018.sgm-910.txt,2.0,tfidf,true,7
reut2-018.sgm-916.txt,0.0,binary,false,11
reut2-018.sgm-916.txt,0.0,binary,true,11
reut2-018.sgm-916.txt,0.0,count,false,11
reut2-018.sgm-916.txt,0.0,count,true,11
reut2-018.sgm-916.txt,0.0,gfidf,false,11
reut2-018.sgm-916.txt,0.0,gfidf,true,11
reut2-018.sgm-916.txt,0.0,idf,false,11
reut2-018.sgm-916.txt,0.0,idf,true,11
reut2-018.sgm-916.txt,0.0,logEntropy,false,11
reut2-018.sgm-916.txt,0.0,logEntropy,true,11
reut2-018.sgm-916.txt,0.0,normal,false,11
reut2-018.sgm-916.txt,0.0,normal,true,11
reut2-018.sgm-916.txt,0.0,tfidf,false,11
reut2-018.sgm-916.txt,0.0,tfidf,true,11
reut2-018.sgm-922.txt,0.0,binary,false,3
reut2-018.sgm-922.txt,0.0,binary,true,0
reut2-018.sgm-922.txt,0.0,count,false,3
reut2-018.sgm-922.txt,0.0,count,true,0
reut2-018.sgm-922.txt,0.0,gfidf,false,3
reut2-018.sgm-922.txt,0.0,gfidf,true,0
reut2-018.sgm-922.txt,0.0,idf,false,3
reut2-018.sgm-922.txt,0.0,idf,true,6
reut2-018.sgm-922.txt,0.0,logEntropy,false,3
reut2-018.sgm-922.txt,0.0,logEntropy,true,0
reut2-018.sgm-922.txt,0.0,normal,false,0
reut2-018.sgm-922.txt,0.0,normal,true,0
reut2-018.sgm-922.txt,0.0,tfidf,false,3
reut2-018.sgm-922.txt,0.0,tfidf,true,3
reut2-018.sgm-937.txt,1.667030590225109,binary,false,19
reut2-018.sgm-937.txt,1.667030590225109,binary,true,19
reut2-018.sgm-937.txt,1.667030590225109,count,false,3
reut2-018.sgm-937.txt,1.667030590225109,count,true,3
reut2-018.sgm-937.txt,1.667030590225109,gfidf,false,19
reut2-018.sgm-937.txt,1.667030590225109,gfidf,true,19
reut2-018.sgm-937.txt,1.667030590225109,idf,false,19
reut2-018.sgm-937.txt,1.667030590225109,idf,true,19
reut2-018.sgm-937.txt,1.667030590225109,logEntropy,false,3
reut2-018.sgm-937.txt,1.667030590225109,logEntropy,true,3
reut2-018.sgm-937.txt,1.667030590225109,normal,false,0
reut2-018.sgm-937.txt,1.667030590225109,normal,true,0
reut2-018.sgm-937.txt,1.667030590225109,tfidf,false,19
reut2-018.sgm-937.txt,1.667030590225109,tfidf,true,19
reut2-018.sgm-94.txt,0.0,binary,false,7
reut2-018.sgm-94.txt,0.0,binary,true,0
reut2-018.sgm-94.txt,0.0,count,false,0
reut2-018.sgm-94.txt,0.0,count,true,0
reut2-018.sgm-94.txt,0.0,gfidf,false,7
reut2-018.sgm-94.txt,0.0,gfidf,true,1
reut2-018.sgm-94.txt,0.0,idf,false,6
reut2-018.sgm-94.txt,0.0,idf,true,6
reut2-018.sgm-94.txt,0.0,logEntropy,false,7
reut2-018.sgm-94.txt,0.0,logEntropy,true,0
reut2-018.sgm-94.txt,0.0,normal,false,0
reut2-018.sgm-94.txt,0.0,normal,true,0
reut2-018.sgm-94.txt,0.0,tfidf,false,6
reut2-018.sgm-94.txt,0.0,tfidf,true,10
reut2-018.sgm-960.txt,0.0,binary,false,11
reut2-018.sgm-960.txt,0.0,binary,true,14
reut2-018.sgm-960.txt,0.0,count,false,11
reut2-018.sgm-960.txt,0.0,count,true,11
reut2-018.sgm-960.txt,0.0,gfidf,false,11
reut2-018.sgm-960.txt,0.0,gfidf,true,14
reut2-018.sgm-960.txt,0.0,idf,false,11
reut2-018.sgm-960.txt,0.0,idf,true,14
reut2-018.sgm-960.txt,0.0,logEntropy,false,11
reut2-018.sgm-960.txt,0.0,logEntropy,true,11
reut2-018.sgm-960.txt,0.0,normal,false,11
reut2-018.sgm-960.txt,0.0,normal,true,11
reut2-018.sgm-960.txt,0.0,tfidf,false,14
reut2-018.sgm-960.txt,0.0,tfidf,true,14
reut2-018.sgm-972.txt,0.0,binary,false,6
reut2-018.sgm-972.txt,0.0,binary,true,6
reut2-018.sgm-972.txt,0.0,count,false,6
reut2-018.sgm-972.txt,0.0,count,true,6
reut2-018.sgm-972.txt,0.0,gfidf,false,6
reut2-018.sgm-972.txt,0.0,gfidf,true,6
reut2-018.sgm-972.txt,0.0,idf,false,6
reut2-018.sgm-972.txt,0.0,idf,true,6
reut2-018.sgm-972.txt,0.0,logEntropy,false,6
reut2-018.sgm-972.txt,0.0,logEntropy,true,6
reut2-018.sgm-972.txt,0.0,normal,false,6
reut2-018.sgm-972.txt,0.0,normal,true,6
reut2-018.sgm-972.txt,0.0,tfidf,false,6
reut2-018.sgm-972.txt,0.0,tfidf,true,6
reut2-018.sgm-991.txt,0.0,binary,false,11
reut2-018.sgm-991.txt,0.0,binary,true,11
reut2-018.sgm-991.txt,0.0,count,false,6
reut2-018.sgm-991.txt,0.0,count,true,6
reut2-018.sgm-991.txt,0.0,gfidf,false,11
reut2-018.sgm-991.txt,0.0,gfidf,true,11
reut2-018.sgm-991.txt,0.0,idf,false,11
reut2-018.sgm-991.txt,0.0,idf,true,11
reut2-018.sgm-991.txt,0.0,logEntropy,false,6
reut2-018.sgm-991.txt,0.0,logEntropy,true,13
reut2-018.sgm-991.txt,0.0,normal,false,11
reut2-018.sgm-991.txt,0.0,normal,true,11
reut2-018.sgm-991.txt,0.0,tfidf,false,13
reut2-018.sgm-991.txt,0.0,tfidf,true,11
reut2-018.sgm-995.txt,4.669596744282226,binary,false,0
reut2-018.sgm-995.txt,4.669596744282226,binary,true,0
reut2-018.sgm-995.txt,4.669596744282226,count,false,0
reut2-018.sgm-995.txt,4.669596744282226,count,true,0
reut2-018.sgm-995.txt,4.669596744282226,gfidf,false,0
reut2-018.sgm-995.txt,4.669596744282226,gfidf,true,0
reut2-018.sgm-995.txt,4.669596744282226,idf,false,1
reut2-018.sgm-995.txt,4.669596744282226,idf,true,0
reut2-018.sgm-995.txt,4.669596744282226,logEntropy,false,0
reut2-018.sgm-995.txt,4.669596744282226,logEntropy,true,0
reut2-018.sgm-995.txt,4.669596744282226,normal,false,0
reut2-018.sgm-995.txt,4.669596744282226,normal,true,0
reut2-018.sgm-995.txt,4.669596744282226,tfidf,false,0
reut2-018.sgm-995.txt,4.669596744282226,tfidf,true,0
reut2-018.sgm-999.txt,0.0,binary,false,7
reut2-018.sgm-999.txt,0.0,binary,true,0
reut2-018.sgm-999.txt,0.0,count,false,0
reut2-018.sgm-999.txt,0.0,count,true,0
reut2-018.sgm-999.txt,0.0,gfidf,false,0
reut2-018.sgm-999.txt,0.0,gfidf,true,0
reut2-018.sgm-999.txt,0.0,idf,false,7
reut2-018.sgm-999.txt,0.0,idf,true,0
reut2-018.sgm-999.txt,0.0,logEntropy,false,0
reut2-018.sgm-999.txt,0.0,logEntropy,true,0
reut2-018.sgm-999.txt,0.0,normal,false,0
reut2-018.sgm-999.txt,0.0,normal,true,0
reut2-018.sgm-999.txt,0.0,tfidf,false,7
reut2-018.sgm-999.txt,0.0,tfidf,true,13
reut2-019.sgm-109.txt,2.0,binary,false,0
reut2-019.sgm-109.txt,2.0,binary,true,1
reut2-019.sgm-109.txt,2.0,count,false,2
reut2-019.sgm-109.txt,2.0,count,true,2
reut2-019.sgm-109.txt,2.0,gfidf,false,1
reut2-019.sgm-109.txt,2.0,gfidf,true,1
reut2-019.sgm-109.txt,2.0,idf,false,4
reut2-019.sgm-109.txt,2.0,idf,true,3
reut2-019.sgm-109.txt,2.0,logEntropy,false,2
reut2-019.sgm-109.txt,2.0,logEntropy,true,2
reut2-019.sgm-109.txt,2.0,normal,false,2
reut2-019.sgm-109.txt,2.0,normal,true,1
reut2-019.sgm-109.txt,2.0,tfidf,false,10
reut2-019.sgm-109.txt,2.0,tfidf,true,1
reut2-019.sgm-127.txt,0.0,binary,false,4
reut2-019.sgm-127.txt,0.0,binary,true,0
reut2-019.sgm-127.txt,0.0,count,false,4
reut2-019.sgm-127.txt,0.0,count,true,0
reut2-019.sgm-127.txt,0.0,gfidf,false,4
reut2-019.sgm-127.txt,0.0,gfidf,true,0
reut2-019.sgm-127.txt,0.0,idf,false,4
reut2-019.sgm-127.txt,0.0,idf,true,9
reut2-019.sgm-127.txt,0.0,logEntropy,false,4
reut2-019.sgm-127.txt,0.0,logEntropy,true,0
reut2-019.sgm-127.txt,0.0,normal,false,0
reut2-019.sgm-127.txt,0.0,normal,true,0
reut2-019.sgm-127.txt,0.0,tfidf,false,4
reut2-019.sgm-127.txt,0.0,tfidf,true,9
reut2-019.sgm-14.txt,0.0,binary,false,2
reut2-019.sgm-14.txt,0.0,binary,true,2
reut2-019.sgm-14.txt,0.0,count,false,2
reut2-019.sgm-14.txt,0.0,count,true,2
reut2-019.sgm-14.txt,0.0,gfidf,false,2
reut2-019.sgm-14.txt,0.0,gfidf,true,2
reut2-019.sgm-14.txt,0.0,idf,false,2
reut2-019.sgm-14.txt,0.0,idf,true,2
reut2-019.sgm-14.txt,0.0,logEntropy,false,2
reut2-019.sgm-14.txt,0.0,logEntropy,true,2
reut2-019.sgm-14.txt,0.0,normal,false,2
reut2-019.sgm-14.txt,0.0,normal,true,2
reut2-019.sgm-14.txt,0.0,tfidf,false,1
reut2-019.sgm-14.txt,0.0,tfidf,true,1
reut2-019.sgm-15.txt,0.0,binary,false,12
reut2-019.sgm-15.txt,0.0,binary,true,12
reut2-019.sgm-15.txt,0.0,count,false,17
reut2-019.sgm-15.txt,0.0,count,true,17
reut2-019.sgm-15.txt,0.0,gfidf,false,12
reut2-019.sgm-15.txt,0.0,gfidf,true,12
reut2-019.sgm-15.txt,0.0,idf,false,17
reut2-019.sgm-15.txt,0.0,idf,true,17
reut2-019.sgm-15.txt,0.0,logEntropy,false,17
reut2-019.sgm-15.txt,0.0,logEntropy,true,17
reut2-019.sgm-15.txt,0.0,normal,false,12
reut2-019.sgm-15.txt,0.0,normal,true,12
reut2-019.sgm-15.txt,0.0,tfidf,false,0
reut2-019.sgm-15.txt,0.0,tfidf,true,19
reut2-019.sgm-156.txt,0.0,binary,false,6
reut2-019.sgm-156.txt,0.0,binary,true,6
reut2-019.sgm-156.txt,0.0,count,false,6
reut2-019.sgm-156.txt,0.0,count,true,6
reut2-019.sgm-156.txt,0.0,gfidf,false,6
reut2-019.sgm-156.txt,0.0,gfidf,true,6
reut2-019.sgm-156.txt,0.0,idf,false,6
reut2-019.sgm-156.txt,0.0,idf,true,6
reut2-019.sgm-156.txt,0.0,logEntropy,false,6
reut2-019.sgm-156.txt,0.0,logEntropy,true,6
reut2-019.sgm-156.txt,0.0,normal,false,6
reut2-019.sgm-156.txt,0.0,normal,true,0
reut2-019.sgm-156.txt,0.0,tfidf,false,6
reut2-019.sgm-156.txt,0.0,tfidf,true,17
reut2-019.sgm-163.txt,0.0,binary,false,10
reut2-019.sgm-163.txt,0.0,binary,true,9
reut2-019.sgm-163.txt,0.0,count,false,10
reut2-019.sgm-163.txt,0.0,count,true,10
reut2-019.sgm-163.txt,0.0,gfidf,false,10
reut2-019.sgm-163.txt,0.0,gfidf,true,10
reut2-019.sgm-163.txt,0.0,idf,false,10
reut2-019.sgm-163.txt,0.0,idf,true,10
reut2-019.sgm-163.txt,0.0,logEntropy,false,10
reut2-019.sgm-163.txt,0.0,logEntropy,true,10
reut2-019.sgm-163.txt,0.0,normal,false,10
reut2-019.sgm-163.txt,0.0,normal,true,10
reut2-019.sgm-163.txt,0.0,tfidf,false,10
reut2-019.sgm-163.txt,0.0,tfidf,true,10
reut2-019.sgm-18.txt,0.0,binary,false,0
reut2-019.sgm-18.txt,0.0,binary,true,0
reut2-019.sgm-18.txt,0.0,count,false,0
reut2-019.sgm-18.txt,0.0,count,true,0
reut2-019.sgm-18.txt,0.0,gfidf,false,0
reut2-019.sgm-18.txt,0.0,gfidf,true,0
reut2-019.sgm-18.txt,0.0,idf,false,8
reut2-019.sgm-18.txt,0.0,idf,true,12
reut2-019.sgm-18.txt,0.0,logEntropy,false,0
reut2-019.sgm-18.txt,0.0,logEntropy,true,0
reut2-019.sgm-18.txt,0.0,normal,false,0
reut2-019.sgm-18.txt,0.0,normal,true,0
reut2-019.sgm-18.txt,0.0,tfidf,false,8
reut2-019.sgm-18.txt,0.0,tfidf,true,12
reut2-019.sgm-190.txt,0.0,binary,false,24
reut2-019.sgm-190.txt,0.0,binary,true,24
reut2-019.sgm-190.txt,0.0,count,false,24
reut2-019.sgm-190.txt,0.0,count,true,24
reut2-019.sgm-190.txt,0.0,gfidf,false,24
reut2-019.sgm-190.txt,0.0,gfidf,true,24
reut2-019.sgm-190.txt,0.0,idf,false,24
reut2-019.sgm-190.txt,0.0,idf,true,24
reut2-019.sgm-190.txt,0.0,logEntropy,false,24
reut2-019.sgm-190.txt,0.0,logEntropy,true,24
reut2-019.sgm-190.txt,0.0,normal,false,24
reut2-019.sgm-190.txt,0.0,normal,true,15
reut2-019.sgm-190.txt,0.0,tfidf,false,24
reut2-019.sgm-190.txt,0.0,tfidf,true,24
reut2-019.sgm-210.txt,0.0,binary,false,7
reut2-019.sgm-210.txt,0.0,binary,true,0
reut2-019.sgm-210.txt,0.0,count,false,0
reut2-019.sgm-210.txt,0.0,count,true,0
reut2-019.sgm-210.txt,0.0,gfidf,false,7
reut2-019.sgm-210.txt,0.0,gfidf,true,0
reut2-019.sgm-210.txt,0.0,idf,false,5
reut2-019.sgm-210.txt,0.0,idf,true,5
reut2-019.sgm-210.txt,0.0,logEntropy,false,0
reut2-019.sgm-210.txt,0.0,logEntropy,true,0
reut2-019.sgm-210.txt,0.0,normal,false,7
reut2-019.sgm-210.txt,0.0,normal,true,0
reut2-019.sgm-210.txt,0.0,tfidf,false,11
reut2-019.sgm-210.txt,0.0,tfidf,true,3
reut2-019.sgm-231.txt,0.0,binary,false,9
reut2-019.sgm-231.txt,0.0,binary,true,9
reut2-019.sgm-231.txt,0.0,count,false,9
reut2-019.sgm-231.txt,0.0,count,true,8
reut2-019.sgm-231.txt,0.0,gfidf,false,9
reut2-019.sgm-231.txt,0.0,gfidf,true,9
reut2-019.sgm-231.txt,0.0,idf,false,9
reut2-019.sgm-231.txt,0.0,idf,true,9
reut2-019.sgm-231.txt,0.0,logEntropy,false,9
reut2-019.sgm-231.txt,0.0,logEntropy,true,8
reut2-019.sgm-231.txt,0.0,normal,false,6
reut2-019.sgm-231.txt,0.0,normal,true,8
reut2-019.sgm-231.txt,0.0,tfidf,false,9
reut2-019.sgm-231.txt,0.0,tfidf,true,9
reut2-019.sgm-244.txt,0.0,binary,false,19
reut2-019.sgm-244.txt,0.0,binary,true,18
reut2-019.sgm-244.txt,0.0,count,false,18
reut2-019.sgm-244.txt,0.0,count,true,18
reut2-019.sgm-244.txt,0.0,gfidf,false,19
reut2-019.sgm-244.txt,0.0,gfidf,true,18
reut2-019.sgm-244.txt,0.0,idf,false,19
reut2-019.sgm-244.txt,0.0,idf,true,18
reut2-019.sgm-244.txt,0.0,logEntropy,false,18
reut2-019.sgm-244.txt,0.0,logEntropy,true,18
reut2-019.sgm-244.txt,0.0,normal,false,18
reut2-019.sgm-244.txt,0.0,normal,true,18
reut2-019.sgm-244.txt,0.0,tfidf,false,19
reut2-019.sgm-244.txt,0.0,tfidf,true,18
reut2-019.sgm-246.txt,0.0,binary,false,3
reut2-019.sgm-246.txt,0.0,binary,true,2
reut2-019.sgm-246.txt,0.0,count,false,3
reut2-019.sgm-246.txt,0.0,count,true,2
reut2-019.sgm-246.txt,0.0,gfidf,false,3
reut2-019.sgm-246.txt,0.0,gfidf,true,2
reut2-019.sgm-246.txt,0.0,idf,false,3
reut2-019.sgm-246.txt,0.0,idf,true,2
reut2-019.sgm-246.txt,0.0,logEntropy,false,3
reut2-019.sgm-246.txt,0.0,logEntropy,true,2
reut2-019.sgm-246.txt,0.0,normal,false,3
reut2-019.sgm-246.txt,0.0,normal,true,18
reut2-019.sgm-246.txt,0.0,tfidf,false,3
reut2-019.sgm-246.txt,0.0,tfidf,true,3
reut2-019.sgm-261.txt,2.320258772320326,binary,false,15
reut2-019.sgm-261.txt,2.320258772320326,binary,true,0
reut2-019.sgm-261.txt,2.320258772320326,count,false,8
reut2-019.sgm-261.txt,2.320258772320326,count,true,0
reut2-019.sgm-261.txt,2.320258772320326,gfidf,false,8
reut2-019.sgm-261.txt,2.320258772320326,gfidf,true,0
reut2-019.sgm-261.txt,2.320258772320326,idf,false,15
reut2-019.sgm-261.txt,2.320258772320326,idf,true,0
reut2-019.sgm-261.txt,2.320258772320326,logEntropy,false,8
reut2-019.sgm-261.txt,2.320258772320326,logEntropy,true,0
reut2-019.sgm-261.txt,2.320258772320326,normal,false,8
reut2-019.sgm-261.txt,2.320258772320326,normal,true,0
reut2-019.sgm-261.txt,2.320258772320326,tfidf,false,8
reut2-019.sgm-261.txt,2.320258772320326,tfidf,true,0
reut2-019.sgm-27.txt,0.0,binary,false,7
reut2-019.sgm-27.txt,0.0,binary,true,2
reut2-019.sgm-27.txt,0.0,count,false,7
reut2-019.sgm-27.txt,0.0,count,true,7
reut2-019.sgm-27.txt,0.0,gfidf,false,2
reut2-019.sgm-27.txt,0.0,gfidf,true,2
reut2-019.sgm-27.txt,0.0,idf,false,7
reut2-019.sgm-27.txt,0.0,idf,true,2
reut2-019.sgm-27.txt,0.0,logEntropy,false,7
reut2-019.sgm-27.txt,0.0,logEntropy,true,7
reut2-019.sgm-27.txt,0.0,normal,false,2
reut2-019.sgm-27.txt,0.0,normal,true,2
reut2-019.sgm-27.txt,0.0,tfidf,false,7
reut2-019.sgm-27.txt,0.0,tfidf,true,28
reut2-019.sgm-284.txt,0.0,binary,false,14
reut2-019.sgm-284.txt,0.0,binary,true,19
reut2-019.sgm-284.txt,0.0,count,false,10
reut2-019.sgm-284.txt,0.0,count,true,10
reut2-019.sgm-284.txt,0.0,gfidf,false,19
reut2-019.sgm-284.txt,0.0,gfidf,true,19
reut2-019.sgm-284.txt,0.0,idf,false,19
reut2-019.sgm-284.txt,0.0,idf,true,19
reut2-019.sgm-284.txt,0.0,logEntropy,false,19
reut2-019.sgm-284.txt,0.0,logEntropy,true,19
reut2-019.sgm-284.txt,0.0,normal,false,23
reut2-019.sgm-284.txt,0.0,normal,true,23
reut2-019.sgm-284.txt,0.0,tfidf,false,1
reut2-019.sgm-284.txt,0.0,tfidf,true,19
reut2-019.sgm-288.txt,0.0,binary,false,1
reut2-019.sgm-288.txt,0.0,binary,true,1
reut2-019.sgm-288.txt,0.0,count,false,16
reut2-019.sgm-288.txt,0.0,count,true,16
reut2-019.sgm-288.txt,0.0,gfidf,false,16
reut2-019.sgm-288.txt,0.0,gfidf,true,16
reut2-019.sgm-288.txt,0.0,idf,false,1
reut2-019.sgm-288.txt,0.0,idf,true,29
reut2-019.sgm-288.txt,0.0,logEntropy,false,1
reut2-019.sgm-288.txt,0.0,logEntropy,true,1
reut2-019.sgm-288.txt,0.0,normal,false,3
reut2-019.sgm-288.txt,0.0,normal,true,0
reut2-019.sgm-288.txt,0.0,tfidf,false,16
reut2-019.sgm-288.txt,0.0,tfidf,true,16
reut2-019.sgm-291.txt,0.0,binary,false,5
reut2-019.sgm-291.txt,0.0,binary,true,5
reut2-019.sgm-291.txt,0.0,count,false,5
reut2-019.sgm-291.txt,0.0,count,true,30
reut2-019.sgm-291.txt,0.0,gfidf,false,5
reut2-019.sgm-291.txt,0.0,gfidf,true,5
reut2-019.sgm-291.txt,0.0,idf,false,5
reut2-019.sgm-291.txt,0.0,idf,true,5
reut2-019.sgm-291.txt,0.0,logEntropy,false,5
reut2-019.sgm-291.txt,0.0,logEntropy,true,5
reut2-019.sgm-291.txt,0.0,normal,false,5
reut2-019.sgm-291.txt,0.0,normal,true,5
reut2-019.sgm-291.txt,0.0,tfidf,false,5
reut2-019.sgm-291.txt,0.0,tfidf,true,4
reut2-019.sgm-317.txt,1.640670712015276,binary,false,11
reut2-019.sgm-317.txt,1.640670712015276,binary,true,11
reut2-019.sgm-317.txt,1.640670712015276,count,false,11
reut2-019.sgm-317.txt,1.640670712015276,count,true,0
reut2-019.sgm-317.txt,1.640670712015276,gfidf,false,11
reut2-019.sgm-317.txt,1.640670712015276,gfidf,true,0
reut2-019.sgm-317.txt,1.640670712015276,idf,false,11
reut2-019.sgm-317.txt,1.640670712015276,idf,true,11
reut2-019.sgm-317.txt,1.640670712015276,logEntropy,false,11
reut2-019.sgm-317.txt,1.640670712015276,logEntropy,true,0
reut2-019.sgm-317.txt,1.640670712015276,normal,false,2
reut2-019.sgm-317.txt,1.640670712015276,normal,true,2
reut2-019.sgm-317.txt,1.640670712015276,tfidf,false,11
reut2-019.sgm-317.txt,1.640670712015276,tfidf,true,11
reut2-019.sgm-33.txt,0.0,binary,false,6
reut2-019.sgm-33.txt,0.0,binary,true,4
reut2-019.sgm-33.txt,0.0,count,false,16
reut2-019.sgm-33.txt,0.0,count,true,4
reut2-019.sgm-33.txt,0.0,gfidf,false,4
reut2-019.sgm-33.txt,0.0,gfidf,true,4
reut2-019.sgm-33.txt,0.0,idf,false,6
reut2-019.sgm-33.txt,0.0,idf,true,1
reut2-019.sgm-33.txt,0.0,logEntropy,false,6
reut2-019.sgm-33.txt,0.0,logEntropy,true,4
reut2-019.sgm-33.txt,0.0,normal,false,4
reut2-019.sgm-33.txt,0.0,normal,true,1
reut2-019.sgm-33.txt,0.0,tfidf,false,16
reut2-019.sgm-33.txt,0.0,tfidf,true,16
reut2-019.sgm-352.txt,0.0,binary,false,16
reut2-019.sgm-352.txt,0.0,binary,true,16
reut2-019.sgm-352.txt,0.0,count,false,16
reut2-019.sgm-352.txt,0.0,count,true,16
reut2-019.sgm-352.txt,0.0,gfidf,false,16
reut2-019.sgm-352.txt,0.0,gfidf,true,16
reut2-019.sgm-352.txt,0.0,idf,false,16
reut2-019.sgm-352.txt,0.0,idf,true,16
reut2-019.sgm-352.txt,0.0,logEntropy,false,16
reut2-019.sgm-352.txt,0.0,logEntropy,true,16
reut2-019.sgm-352.txt,0.0,normal,false,9
reut2-019.sgm-352.txt,0.0,normal,true,9
reut2-019.sgm-352.txt,0.0,tfidf,false,16
reut2-019.sgm-352.txt,0.0,tfidf,true,16
reut2-019.sgm-354.txt,1.9033903060212392,binary,false,11
reut2-019.sgm-354.txt,1.9033903060212392,binary,true,11
reut2-019.sgm-354.txt,1.9033903060212392,count,false,11
reut2-019.sgm-354.txt,1.9033903060212392,count,true,11
reut2-019.sgm-354.txt,1.9033903060212392,gfidf,false,11
reut2-019.sgm-354.txt,1.9033903060212392,gfidf,true,11
reut2-019.sgm-354.txt,1.9033903060212392,idf,false,11
reut2-019.sgm-354.txt,1.9033903060212392,idf,true,11
reut2-019.sgm-354.txt,1.9033903060212392,logEntropy,false,11
reut2-019.sgm-354.txt,1.9033903060212392,logEntropy,true,11
reut2-019.sgm-354.txt,1.9033903060212392,normal,false,11
reut2-019.sgm-354.txt,1.9033903060212392,normal,true,11
reut2-019.sgm-354.txt,1.9033903060212392,tfidf,false,11
reut2-019.sgm-354.txt,1.9033903060212392,tfidf,true,11
reut2-019.sgm-366.txt,0.0,binary,false,13
reut2-019.sgm-366.txt,0.0,binary,true,13
reut2-019.sgm-366.txt,0.0,count,false,12
reut2-019.sgm-366.txt,0.0,count,true,0
reut2-019.sgm-366.txt,0.0,gfidf,false,13
reut2-019.sgm-366.txt,0.0,gfidf,true,13
reut2-019.sgm-366.txt,0.0,idf,false,13
reut2-019.sgm-366.txt,0.0,idf,true,13
reut2-019.sgm-366.txt,0.0,logEntropy,false,13
reut2-019.sgm-366.txt,0.0,logEntropy,true,13
reut2-019.sgm-366.txt,0.0,normal,false,13
reut2-019.sgm-366.txt,0.0,normal,true,0
reut2-019.sgm-366.txt,0.0,tfidf,false,13
reut2-019.sgm-366.txt,0.0,tfidf,true,13
reut2-019.sgm-37.txt,0.0,binary,false,23
reut2-019.sgm-37.txt,0.0,binary,true,3
reut2-019.sgm-37.txt,0.0,count,false,23
reut2-019.sgm-37.txt,0.0,count,true,3
reut2-019.sgm-37.txt,0.0,gfidf,false,3
reut2-019.sgm-37.txt,0.0,gfidf,true,3
reut2-019.sgm-37.txt,0.0,idf,false,23
reut2-019.sgm-37.txt,0.0,idf,true,3
reut2-019.sgm-37.txt,0.0,logEntropy,false,3
reut2-019.sgm-37.txt,0.0,logEntropy,true,3
reut2-019.sgm-37.txt,0.0,normal,false,3
reut2-019.sgm-37.txt,0.0,normal,true,0
reut2-019.sgm-37.txt,0.0,tfidf,false,8
reut2-019.sgm-37.txt,0.0,tfidf,true,13
reut2-019.sgm-376.txt,0.0,binary,false,0
reut2-019.sgm-376.txt,0.0,binary,true,11
reut2-019.sgm-376.txt,0.0,count,false,9
reut2-019.sgm-376.txt,0.0,count,true,9
reut2-019.sgm-376.txt,0.0,gfidf,false,0
reut2-019.sgm-376.txt,0.0,gfidf,true,11
reut2-019.sgm-376.txt,0.0,idf,false,0
reut2-019.sgm-376.txt,0.0,idf,true,11
reut2-019.sgm-376.txt,0.0,logEntropy,false,0
reut2-019.sgm-376.txt,0.0,logEntropy,true,11
reut2-019.sgm-376.txt,0.0,normal,false,0
reut2-019.sgm-376.txt,0.0,normal,true,11
reut2-019.sgm-376.txt,0.0,tfidf,false,9
reut2-019.sgm-376.txt,0.0,tfidf,true,9
reut2-019.sgm-38.txt,0.0,binary,false,8
reut2-019.sgm-38.txt,0.0,binary,true,8
reut2-019.sgm-38.txt,0.0,count,false,8
reut2-019.sgm-38.txt,0.0,count,true,8
reut2-019.sgm-38.txt,0.0,gfidf,false,8
reut2-019.sgm-38.txt,0.0,gfidf,true,8
reut2-019.sgm-38.txt,0.0,idf,false,8
reut2-019.sgm-38.txt,0.0,idf,true,8
reut2-019.sgm-38.txt,0.0,logEntropy,false,8
reut2-019.sgm-38.txt,0.0,logEntropy,true,8
reut2-019.sgm-38.txt,0.0,normal,false,8
reut2-019.sgm-38.txt,0.0,normal,true,0
reut2-019.sgm-38.txt,0.0,tfidf,false,8
reut2-019.sgm-38.txt,0.0,tfidf,true,19
reut2-019.sgm-386.txt,2.9719885782738973,binary,false,10
reut2-019.sgm-386.txt,2.9719885782738973,binary,true,0
reut2-019.sgm-386.txt,2.9719885782738973,count,false,10
reut2-019.sgm-386.txt,2.9719885782738973,count,true,0
reut2-019.sgm-386.txt,2.9719885782738973,gfidf,false,10
reut2-019.sgm-386.txt,2.9719885782738973,gfidf,true,0
reut2-019.sgm-386.txt,2.9719885782738973,idf,false,10
reut2-019.sgm-386.txt,2.9719885782738973,idf,true,0
reut2-019.sgm-386.txt,2.9719885782738973,logEntropy,false,10
reut2-019.sgm-386.txt,2.9719885782738973,logEntropy,true,0
reut2-019.sgm-386.txt,2.9719885782738973,normal,false,0
reut2-019.sgm-386.txt,2.9719885782738973,normal,true,0
reut2-019.sgm-386.txt,2.9719885782738973,tfidf,false,10
reut2-019.sgm-386.txt,2.9719885782738973,tfidf,true,0
reut2-019.sgm-39.txt,0.0,binary,false,20
reut2-019.sgm-39.txt,0.0,binary,true,0
reut2-019.sgm-39.txt,0.0,count,false,20
reut2-019.sgm-39.txt,0.0,count,true,20
reut2-019.sgm-39.txt,0.0,gfidf,false,20
reut2-019.sgm-39.txt,0.0,gfidf,true,0
reut2-019.sgm-39.txt,0.0,idf,false,20
reut2-019.sgm-39.txt,0.0,idf,true,24
reut2-019.sgm-39.txt,0.0,logEntropy,false,20
reut2-019.sgm-39.txt,0.0,logEntropy,true,20
reut2-019.sgm-39.txt,0.0,normal,false,0
reut2-019.sgm-39.txt,0.0,normal,true,0
reut2-019.sgm-39.txt,0.0,tfidf,false,20
reut2-019.sgm-39.txt,0.0,tfidf,true,24
reut2-019.sgm-391.txt,0.0,binary,false,6
reut2-019.sgm-391.txt,0.0,binary,true,6
reut2-019.sgm-391.txt,0.0,count,false,20
reut2-019.sgm-391.txt,0.0,count,true,6
reut2-019.sgm-391.txt,0.0,gfidf,false,20
reut2-019.sgm-391.txt,0.0,gfidf,true,6
reut2-019.sgm-391.txt,0.0,idf,false,6
reut2-019.sgm-391.txt,0.0,idf,true,6
reut2-019.sgm-391.txt,0.0,logEntropy,false,20
reut2-019.sgm-391.txt,0.0,logEntropy,true,6
reut2-019.sgm-391.txt,0.0,normal,false,4
reut2-019.sgm-391.txt,0.0,normal,true,4
reut2-019.sgm-391.txt,0.0,tfidf,false,6
reut2-019.sgm-391.txt,0.0,tfidf,true,20
reut2-019.sgm-414.txt,0.0,binary,false,10
reut2-019.sgm-414.txt,0.0,binary,true,10
reut2-019.sgm-414.txt,0.0,count,false,10
reut2-019.sgm-414.txt,0.0,count,true,10
reut2-019.sgm-414.txt,0.0,gfidf,false,10
reut2-019.sgm-414.txt,0.0,gfidf,true,10
reut2-019.sgm-414.txt,0.0,idf,false,10
reut2-019.sgm-414.txt,0.0,idf,true,10
reut2-019.sgm-414.txt,0.0,logEntropy,false,10
reut2-019.sgm-414.txt,0.0,logEntropy,true,10
reut2-019.sgm-414.txt,0.0,normal,false,1
reut2-019.sgm-414.txt,0.0,normal,true,1
reut2-019.sgm-414.txt,0.0,tfidf,false,10
reut2-019.sgm-414.txt,0.0,tfidf,true,10
reut2-019.sgm-42.txt,0.0,binary,false,11
reut2-019.sgm-42.txt,0.0,binary,true,11
reut2-019.sgm-42.txt,0.0,count,false,11
reut2-019.sgm-42.txt,0.0,count,true,11
reut2-019.sgm-42.txt,0.0,gfidf,false,11
reut2-019.sgm-42.txt,0.0,gfidf,true,11
reut2-019.sgm-42.txt,0.0,idf,false,11
reut2-019.sgm-42.txt,0.0,idf,true,11
reut2-019.sgm-42.txt,0.0,logEntropy,false,11
reut2-019.sgm-42.txt,0.0,logEntropy,true,11
reut2-019.sgm-42.txt,0.0,normal,false,15
reut2-019.sgm-42.txt,0.0,normal,true,15
reut2-019.sgm-42.txt,0.0,tfidf,false,11
reut2-019.sgm-42.txt,0.0,tfidf,true,11
reut2-019.sgm-424.txt,0.0,binary,false,5
reut2-019.sgm-424.txt,0.0,binary,true,5
reut2-019.sgm-424.txt,0.0,count,false,5
reut2-019.sgm-424.txt,0.0,count,true,5
reut2-019.sgm-424.txt,0.0,gfidf,false,2
reut2-019.sgm-424.txt,0.0,gfidf,true,2
reut2-019.sgm-424.txt,0.0,idf,false,2
reut2-019.sgm-424.txt,0.0,idf,true,5
reut2-019.sgm-424.txt,0.0,logEntropy,false,5
reut2-019.sgm-424.txt,0.0,logEntropy,true,5
reut2-019.sgm-424.txt,0.0,normal,false,5
reut2-019.sgm-424.txt,0.0,normal,true,5
reut2-019.sgm-424.txt,0.0,tfidf,false,2
reut2-019.sgm-424.txt,0.0,tfidf,true,2
reut2-019.sgm-431.txt,0.0,binary,false,16
reut2-019.sgm-431.txt,0.0,binary,true,0
reut2-019.sgm-431.txt,0.0,count,false,27
reut2-019.sgm-431.txt,0.0,count,true,27
reut2-019.sgm-431.txt,0.0,gfidf,false,27
reut2-019.sgm-431.txt,0.0,gfidf,true,27
reut2-019.sgm-431.txt,0.0,idf,false,16
reut2-019.sgm-431.txt,0.0,idf,true,6
reut2-019.sgm-431.txt,0.0,logEntropy,false,16
reut2-019.sgm-431.txt,0.0,logEntropy,true,0
reut2-019.sgm-431.txt,0.0,normal,false,0
reut2-019.sgm-431.txt,0.0,normal,true,0
reut2-019.sgm-431.txt,0.0,tfidf,false,27
reut2-019.sgm-431.txt,0.0,tfidf,true,27
reut2-019.sgm-46.txt,0.0,binary,false,21
reut2-019.sgm-46.txt,0.0,binary,true,21
reut2-019.sgm-46.txt,0.0,count,false,21
reut2-019.sgm-46.txt,0.0,count,true,4
reut2-019.sgm-46.txt,0.0,gfidf,false,21
reut2-019.sgm-46.txt,0.0,gfidf,true,4
reut2-019.sgm-46.txt,0.0,idf,false,21
reut2-019.sgm-46.txt,0.0,idf,true,4
reut2-019.sgm-46.txt,0.0,logEntropy,false,21
reut2-019.sgm-46.txt,0.0,logEntropy,true,21
reut2-019.sgm-46.txt,0.0,normal,false,21
reut2-019.sgm-46.txt,0.0,normal,true,21
reut2-019.sgm-46.txt,0.0,tfidf,false,21
reut2-019.sgm-46.txt,0.0,tfidf,true,4
reut2-019.sgm-477.txt,0.0,binary,false,3
reut2-019.sgm-477.txt,0.0,binary,true,3
reut2-019.sgm-477.txt,0.0,count,false,25
reut2-019.sgm-477.txt,0.0,count,true,25
reut2-019.sgm-477.txt,0.0,gfidf,false,25
reut2-019.sgm-477.txt,0.0,gfidf,true,25
reut2-019.sgm-477.txt,0.0,idf,false,25
reut2-019.sgm-477.txt,0.0,idf,true,12
reut2-019.sgm-477.txt,0.0,logEntropy,false,3
reut2-019.sgm-477.txt,0.0,logEntropy,true,3
reut2-019.sgm-477.txt,0.0,normal,false,3
reut2-019.sgm-477.txt,0.0,normal,true,3
reut2-019.sgm-477.txt,0.0,tfidf,false,25
reut2-019.sgm-477.txt,0.0,tfidf,true,25
reut2-019.sgm-482.txt,0.0,binary,false,18
reut2-019.sgm-482.txt,0.0,binary,true,19
reut2-019.sgm-482.txt,0.0,count,false,18
reut2-019.sgm-482.txt,0.0,count,true,19
reut2-019.sgm-482.txt,0.0,gfidf,false,18
reut2-019.sgm-482.txt,0.0,gfidf,true,19
reut2-019.sgm-482.txt,0.0,idf,false,18
reut2-019.sgm-482.txt,0.0,idf,true,19
reut2-019.sgm-482.txt,0.0,logEntropy,false,18
reut2-019.sgm-482.txt,0.0,logEntropy,true,19
reut2-019.sgm-482.txt,0.0,normal,false,19
reut2-019.sgm-482.txt,0.0,normal,true,19
reut2-019.sgm-482.txt,0.0,tfidf,false,18
reut2-019.sgm-482.txt,0.0,tfidf,true,19
reut2-019.sgm-483.txt,0.0,binary,false,8
reut2-019.sgm-483.txt,0.0,binary,true,3
reut2-019.sgm-483.txt,0.0,count,false,8
reut2-019.sgm-483.txt,0.0,count,true,8
reut2-019.sgm-483.txt,0.0,gfidf,false,8
reut2-019.sgm-483.txt,0.0,gfidf,true,8
reut2-019.sgm-483.txt,0.0,idf,false,4
reut2-019.sgm-483.txt,0.0,idf,true,3
reut2-019.sgm-483.txt,0.0,logEntropy,false,8
reut2-019.sgm-483.txt,0.0,logEntropy,true,8
reut2-019.sgm-483.txt,0.0,normal,false,8
reut2-019.sgm-483.txt,0.0,normal,true,8
reut2-019.sgm-483.txt,0.0,tfidf,false,10
reut2-019.sgm-483.txt,0.0,tfidf,true,3
reut2-019.sgm-484.txt,0.0,binary,false,18
reut2-019.sgm-484.txt,0.0,binary,true,18
reut2-019.sgm-484.txt,0.0,count,false,18
reut2-019.sgm-484.txt,0.0,count,true,18
reut2-019.sgm-484.txt,0.0,gfidf,false,18
reut2-019.sgm-484.txt,0.0,gfidf,true,18
reut2-019.sgm-484.txt,0.0,idf,false,18
reut2-019.sgm-484.txt,0.0,idf,true,18
reut2-019.sgm-484.txt,0.0,logEntropy,false,18
reut2-019.sgm-484.txt,0.0,logEntropy,true,18
reut2-019.sgm-484.txt,0.0,normal,false,4
reut2-019.sgm-484.txt,0.0,normal,true,18
reut2-019.sgm-484.txt,0.0,tfidf,false,18
reut2-019.sgm-484.txt,0.0,tfidf,true,18
reut2-019.sgm-489.txt,0.0,binary,false,24
reut2-019.sgm-489.txt,0.0,binary,true,0
reut2-019.sgm-489.txt,0.0,count,false,24
reut2-019.sgm-489.txt,0.0,count,true,24
reut2-019.sgm-489.txt,0.0,gfidf,false,24
reut2-019.sgm-489.txt,0.0,gfidf,true,24
reut2-019.sgm-489.txt,0.0,idf,false,24
reut2-019.sgm-489.txt,0.0,idf,true,24
reut2-019.sgm-489.txt,0.0,logEntropy,false,24
reut2-019.sgm-489.txt,0.0,logEntropy,true,24
reut2-019.sgm-489.txt,0.0,normal,false,23
reut2-019.sgm-489.txt,0.0,normal,true,0
reut2-019.sgm-489.txt,0.0,tfidf,false,24
reut2-019.sgm-489.txt,0.0,tfidf,true,24
reut2-019.sgm-493.txt,0.0,binary,false,7
reut2-019.sgm-493.txt,0.0,binary,true,7
reut2-019.sgm-493.txt,0.0,count,false,12
reut2-019.sgm-493.txt,0.0,count,true,12
reut2-019.sgm-493.txt,0.0,gfidf,false,12
reut2-019.sgm-493.txt,0.0,gfidf,true,12
reut2-019.sgm-493.txt,0.0,idf,false,7
reut2-019.sgm-493.txt,0.0,idf,true,5
reut2-019.sgm-493.txt,0.0,logEntropy,false,12
reut2-019.sgm-493.txt,0.0,logEntropy,true,12
reut2-019.sgm-493.txt,0.0,normal,false,12
reut2-019.sgm-493.txt,0.0,normal,true,12
reut2-019.sgm-493.txt,0.0,tfidf,false,7
reut2-019.sgm-493.txt,0.0,tfidf,true,5
reut2-019.sgm-494.txt,0.0,binary,false,2
reut2-019.sgm-494.txt,0.0,binary,true,3
reut2-019.sgm-494.txt,0.0,count,false,2
reut2-019.sgm-494.txt,0.0,count,true,3
reut2-019.sgm-494.txt,0.0,gfidf,false,2
reut2-019.sgm-494.txt,0.0,gfidf,true,3
reut2-019.sgm-494.txt,0.0,idf,false,2
reut2-019.sgm-494.txt,0.0,idf,true,2
reut2-019.sgm-494.txt,0.0,logEntropy,false,2
reut2-019.sgm-494.txt,0.0,logEntropy,true,3
reut2-019.sgm-494.txt,0.0,normal,false,0
reut2-019.sgm-494.txt,0.0,normal,true,0
reut2-019.sgm-494.txt,0.0,tfidf,false,2
reut2-019.sgm-494.txt,0.0,tfidf,true,2
reut2-019.sgm-496.txt,0.0,binary,false,7
reut2-019.sgm-496.txt,0.0,binary,true,19
reut2-019.sgm-496.txt,0.0,count,false,11
reut2-019.sgm-496.txt,0.0,count,true,6
reut2-019.sgm-496.txt,0.0,gfidf,false,5
reut2-019.sgm-496.txt,0.0,gfidf,true,6
reut2-019.sgm-496.txt,0.0,idf,false,7
reut2-019.sgm-496.txt,0.0,idf,true,16
reut2-019.sgm-496.txt,0.0,logEntropy,false,16
reut2-019.sgm-496.txt,0.0,logEntropy,true,16
reut2-019.sgm-496.txt,0.0,normal,false,5
reut2-019.sgm-496.txt,0.0,normal,true,5
reut2-019.sgm-496.txt,0.0,tfidf,false,17
reut2-019.sgm-496.txt,0.0,tfidf,true,17
reut2-019.sgm-498.txt,0.0,binary,false,0
reut2-019.sgm-498.txt,0.0,binary,true,0
reut2-019.sgm-498.txt,0.0,count,false,0
reut2-019.sgm-498.txt,0.0,count,true,0
reut2-019.sgm-498.txt,0.0,gfidf,false,0
reut2-019.sgm-498.txt,0.0,gfidf,true,0
reut2-019.sgm-498.txt,0.0,idf,false,21
reut2-019.sgm-498.txt,0.0,idf,true,0
reut2-019.sgm-498.txt,0.0,logEntropy,false,0
reut2-019.sgm-498.txt,0.0,logEntropy,true,0
reut2-019.sgm-498.txt,0.0,normal,false,0
reut2-019.sgm-498.txt,0.0,normal,true,0
reut2-019.sgm-498.txt,0.0,tfidf,false,11
reut2-019.sgm-498.txt,0.0,tfidf,true,0
reut2-019.sgm-5.txt,0.0,binary,false,11
reut2-019.sgm-5.txt,0.0,binary,true,21
reut2-019.sgm-5.txt,0.0,count,false,11
reut2-019.sgm-5.txt,0.0,count,true,11
reut2-019.sgm-5.txt,0.0,gfidf,false,11
reut2-019.sgm-5.txt,0.0,gfidf,true,11
reut2-019.sgm-5.txt,0.0,idf,false,23
reut2-019.sgm-5.txt,0.0,idf,true,21
reut2-019.sgm-5.txt,0.0,logEntropy,false,11
reut2-019.sgm-5.txt,0.0,logEntropy,true,11
reut2-019.sgm-5.txt,0.0,normal,false,11
reut2-019.sgm-5.txt,0.0,normal,true,11
reut2-019.sgm-5.txt,0.0,tfidf,false,23
reut2-019.sgm-5.txt,0.0,tfidf,true,21
reut2-019.sgm-507.txt,0.0,binary,false,9
reut2-019.sgm-507.txt,0.0,binary,true,9
reut2-019.sgm-507.txt,0.0,count,false,9
reut2-019.sgm-507.txt,0.0,count,true,11
reut2-019.sgm-507.txt,0.0,gfidf,false,9
reut2-019.sgm-507.txt,0.0,gfidf,true,11
reut2-019.sgm-507.txt,0.0,idf,false,9
reut2-019.sgm-507.txt,0.0,idf,true,11
reut2-019.sgm-507.txt,0.0,logEntropy,false,9
reut2-019.sgm-507.txt,0.0,logEntropy,true,11
reut2-019.sgm-507.txt,0.0,normal,false,9
reut2-019.sgm-507.txt,0.0,normal,true,11
reut2-019.sgm-507.txt,0.0,tfidf,false,11
reut2-019.sgm-507.txt,0.0,tfidf,true,11
reut2-019.sgm-508.txt,0.0,binary,false,8
reut2-019.sgm-508.txt,0.0,binary,true,13
reut2-019.sgm-508.txt,0.0,count,false,8
reut2-019.sgm-508.txt,0.0,count,true,8
reut2-019.sgm-508.txt,0.0,gfidf,false,8
reut2-019.sgm-508.txt,0.0,gfidf,true,6
reut2-019.sgm-508.txt,0.0,idf,false,13
reut2-019.sgm-508.txt,0.0,idf,true,13
reut2-019.sgm-508.txt,0.0,logEntropy,false,8
reut2-019.sgm-508.txt,0.0,logEntropy,true,8
reut2-019.sgm-508.txt,0.0,normal,false,8
reut2-019.sgm-508.txt,0.0,normal,true,6
reut2-019.sgm-508.txt,0.0,tfidf,false,13
reut2-019.sgm-508.txt,0.0,tfidf,true,13
reut2-019.sgm-526.txt,0.0,binary,false,6
reut2-019.sgm-526.txt,0.0,binary,true,6
reut2-019.sgm-526.txt,0.0,count,false,4
reut2-019.sgm-526.txt,0.0,count,true,4
reut2-019.sgm-526.txt,0.0,gfidf,false,6
reut2-019.sgm-526.txt,0.0,gfidf,true,4
reut2-019.sgm-526.txt,0.0,idf,false,6
reut2-019.sgm-526.txt,0.0,idf,true,3
reut2-019.sgm-526.txt,0.0,logEntropy,false,6
reut2-019.sgm-526.txt,0.0,logEntropy,true,4
reut2-019.sgm-526.txt,0.0,normal,false,6
reut2-019.sgm-526.txt,0.0,normal,true,6
reut2-019.sgm-526.txt,0.0,tfidf,false,3
reut2-019.sgm-526.txt,0.0,tfidf,true,4
reut2-019.sgm-529.txt,0.0,binary,false,4
reut2-019.sgm-529.txt,0.0,binary,true,5
reut2-019.sgm-529.txt,0.0,count,false,10
reut2-019.sgm-529.txt,0.0,count,true,0
reut2-019.sgm-529.txt,0.0,gfidf,false,4
reut2-019.sgm-529.txt,0.0,gfidf,true,5
reut2-019.sgm-529.txt,0.0,idf,false,4
reut2-019.sgm-529.txt,0.0,idf,true,4
reut2-019.sgm-529.txt,0.0,logEntropy,false,4
reut2-019.sgm-529.txt,0.0,logEntropy,true,0
reut2-019.sgm-529.txt,0.0,normal,false,10
reut2-019.sgm-529.txt,0.0,normal,true,0
reut2-019.sgm-529.txt,0.0,tfidf,false,4
reut2-019.sgm-529.txt,0.0,tfidf,true,2
reut2-019.sgm-531.txt,0.0,binary,false,23
reut2-019.sgm-531.txt,0.0,binary,true,10
reut2-019.sgm-531.txt,0.0,count,false,12
reut2-019.sgm-531.txt,0.0,count,true,10
reut2-019.sgm-531.txt,0.0,gfidf,false,12
reut2-019.sgm-531.txt,0.0,gfidf,true,12
reut2-019.sgm-531.txt,0.0,idf,false,23
reut2-019.sgm-531.txt,0.0,idf,true,23
reut2-019.sgm-531.txt,0.0,logEntropy,false,12
reut2-019.sgm-531.txt,0.0,logEntropy,true,10
reut2-019.sgm-531.txt,0.0,normal,false,0
reut2-019.sgm-531.txt,0.0,normal,true,0
reut2-019.sgm-531.txt,0.0,tfidf,false,12
reut2-019.sgm-531.txt,0.0,tfidf,true,12
reut2-019.sgm-537.txt,0.0,binary,false,13
reut2-019.sgm-537.txt,0.0,binary,true,16
reut2-019.sgm-537.txt,0.0,count,false,13
reut2-019.sgm-537.txt,0.0,count,true,6
reut2-019.sgm-537.txt,0.0,gfidf,false,13
reut2-019.sgm-537.txt,0.0,gfidf,true,16
reut2-019.sgm-537.txt,0.0,idf,false,13
reut2-019.sgm-537.txt,0.0,idf,true,13
reut2-019.sgm-537.txt,0.0,logEntropy,false,13
reut2-019.sgm-537.txt,0.0,logEntropy,true,16
reut2-019.sgm-537.txt,0.0,normal,false,6
reut2-019.sgm-537.txt,0.0,normal,true,22
reut2-019.sgm-537.txt,0.0,tfidf,false,13
reut2-019.sgm-537.txt,0.0,tfidf,true,20
reut2-019.sgm-538.txt,0.0,binary,false,3
reut2-019.sgm-538.txt,0.0,binary,true,3
reut2-019.sgm-538.txt,0.0,count,false,3
reut2-019.sgm-538.txt,0.0,count,true,3
reut2-019.sgm-538.txt,0.0,gfidf,false,3
reut2-019.sgm-538.txt,0.0,gfidf,true,3
reut2-019.sgm-538.txt,0.0,idf,false,3
reut2-019.sgm-538.txt,0.0,idf,true,3
reut2-019.sgm-538.txt,0.0,logEntropy,false,3
reut2-019.sgm-538.txt,0.0,logEntropy,true,3
reut2-019.sgm-538.txt,0.0,normal,false,3
reut2-019.sgm-538.txt,0.0,normal,true,3
reut2-019.sgm-538.txt,0.0,tfidf,false,3
reut2-019.sgm-538.txt,0.0,tfidf,true,3
reut2-019.sgm-542.txt,0.0,binary,false,0
reut2-019.sgm-542.txt,0.0,binary,true,10
reut2-019.sgm-542.txt,0.0,count,false,11
reut2-019.sgm-542.txt,0.0,count,true,10
reut2-019.sgm-542.txt,0.0,gfidf,false,11
reut2-019.sgm-542.txt,0.0,gfidf,true,10
reut2-019.sgm-542.txt,0.0,idf,false,3
reut2-019.sgm-542.txt,0.0,idf,true,3
reut2-019.sgm-542.txt,0.0,logEntropy,false,11
reut2-019.sgm-542.txt,0.0,logEntropy,true,10
reut2-019.sgm-542.txt,0.0,normal,false,10
reut2-019.sgm-542.txt,0.0,normal,true,10
reut2-019.sgm-542.txt,0.0,tfidf,false,11
reut2-019.sgm-542.txt,0.0,tfidf,true,3
reut2-019.sgm-543.txt,0.0,binary,false,18
reut2-019.sgm-543.txt,0.0,binary,true,6
reut2-019.sgm-543.txt,0.0,count,false,18
reut2-019.sgm-543.txt,0.0,count,true,18
reut2-019.sgm-543.txt,0.0,gfidf,false,18
reut2-019.sgm-543.txt,0.0,gfidf,true,18
reut2-019.sgm-543.txt,0.0,idf,false,18
reut2-019.sgm-543.txt,0.0,idf,true,6
reut2-019.sgm-543.txt,0.0,logEntropy,false,18
reut2-019.sgm-543.txt,0.0,logEntropy,true,18
reut2-019.sgm-543.txt,0.0,normal,false,18
reut2-019.sgm-543.txt,0.0,normal,true,6
reut2-019.sgm-543.txt,0.0,tfidf,false,18
reut2-019.sgm-543.txt,0.0,tfidf,true,18
reut2-019.sgm-552.txt,0.0,binary,false,2
reut2-019.sgm-552.txt,0.0,binary,true,2
reut2-019.sgm-552.txt,0.0,count,false,6
reut2-019.sgm-552.txt,0.0,count,true,6
reut2-019.sgm-552.txt,0.0,gfidf,false,2
reut2-019.sgm-552.txt,0.0,gfidf,true,2
reut2-019.sgm-552.txt,0.0,idf,false,9
reut2-019.sgm-552.txt,0.0,idf,true,2
reut2-019.sgm-552.txt,0.0,logEntropy,false,6
reut2-019.sgm-552.txt,0.0,logEntropy,true,6
reut2-019.sgm-552.txt,0.0,normal,false,2
reut2-019.sgm-552.txt,0.0,normal,true,2
reut2-019.sgm-552.txt,0.0,tfidf,false,5
reut2-019.sgm-552.txt,0.0,tfidf,true,5
reut2-019.sgm-555.txt,0.0,binary,false,6
reut2-019.sgm-555.txt,0.0,binary,true,8
reut2-019.sgm-555.txt,0.0,count,false,5
reut2-019.sgm-555.txt,0.0,count,true,5
reut2-019.sgm-555.txt,0.0,gfidf,false,6
reut2-019.sgm-555.txt,0.0,gfidf,true,3
reut2-019.sgm-555.txt,0.0,idf,false,1
reut2-019.sgm-555.txt,0.0,idf,true,8
reut2-019.sgm-555.txt,0.0,logEntropy,false,5
reut2-019.sgm-555.txt,0.0,logEntropy,true,5
reut2-019.sgm-555.txt,0.0,normal,false,6
reut2-019.sgm-555.txt,0.0,normal,true,6
reut2-019.sgm-555.txt,0.0,tfidf,false,6
reut2-019.sgm-555.txt,0.0,tfidf,true,3
reut2-019.sgm-558.txt,0.0,binary,false,5
reut2-019.sgm-558.txt,0.0,binary,true,0
reut2-019.sgm-558.txt,0.0,count,false,20
reut2-019.sgm-558.txt,0.0,count,true,0
reut2-019.sgm-558.txt,0.0,gfidf,false,20
reut2-019.sgm-558.txt,0.0,gfidf,true,0
reut2-019.sgm-558.txt,0.0,idf,false,5
reut2-019.sgm-558.txt,0.0,idf,true,0
reut2-019.sgm-558.txt,0.0,logEntropy,false,5
reut2-019.sgm-558.txt,0.0,logEntropy,true,0
reut2-019.sgm-558.txt,0.0,normal,false,16
reut2-019.sgm-558.txt,0.0,normal,true,0
reut2-019.sgm-558.txt,0.0,tfidf,false,20
reut2-019.sgm-558.txt,0.0,tfidf,true,20
reut2-019.sgm-562.txt,3.622894657055627,binary,false,0
reut2-019.sgm-562.txt,3.622894657055627,binary,true,0
reut2-019.sgm-562.txt,3.622894657055627,count,false,0
reut2-019.sgm-562.txt,3.622894657055627,count,true,0
reut2-019.sgm-562.txt,3.622894657055627,gfidf,false,0
reut2-019.sgm-562.txt,3.622894657055627,gfidf,true,0
reut2-019.sgm-562.txt,3.622894657055627,idf,false,0
reut2-019.sgm-562.txt,3.622894657055627,idf,true,6
reut2-019.sgm-562.txt,3.622894657055627,logEntropy,false,0
reut2-019.sgm-562.txt,3.622894657055627,logEntropy,true,0
reut2-019.sgm-562.txt,3.622894657055627,normal,false,0
reut2-019.sgm-562.txt,3.622894657055627,normal,true,0
reut2-019.sgm-562.txt,3.622894657055627,tfidf,false,0
reut2-019.sgm-562.txt,3.622894657055627,tfidf,true,6
reut2-019.sgm-574.txt,0.0,binary,false,3
reut2-019.sgm-574.txt,0.0,binary,true,5
reut2-019.sgm-574.txt,0.0,count,false,3
reut2-019.sgm-574.txt,0.0,count,true,5
reut2-019.sgm-574.txt,0.0,gfidf,false,3
reut2-019.sgm-574.txt,0.0,gfidf,true,5
reut2-019.sgm-574.txt,0.0,idf,false,5
reut2-019.sgm-574.txt,0.0,idf,true,5
reut2-019.sgm-574.txt,0.0,logEntropy,false,3
reut2-019.sgm-574.txt,0.0,logEntropy,true,5
reut2-019.sgm-574.txt,0.0,normal,false,3
reut2-019.sgm-574.txt,0.0,normal,true,4
reut2-019.sgm-574.txt,0.0,tfidf,false,5
reut2-019.sgm-574.txt,0.0,tfidf,true,5
reut2-019.sgm-587.txt,0.0,binary,false,5
reut2-019.sgm-587.txt,0.0,binary,true,5
reut2-019.sgm-587.txt,0.0,count,false,5
reut2-019.sgm-587.txt,0.0,count,true,0
reut2-019.sgm-587.txt,0.0,gfidf,false,5
reut2-019.sgm-587.txt,0.0,gfidf,true,5
reut2-019.sgm-587.txt,0.0,idf,false,5
reut2-019.sgm-587.txt,0.0,idf,true,8
reut2-019.sgm-587.txt,0.0,logEntropy,false,5
reut2-019.sgm-587.txt,0.0,logEntropy,true,0
reut2-019.sgm-587.txt,0.0,normal,false,5
reut2-019.sgm-587.txt,0.0,normal,true,5
reut2-019.sgm-587.txt,0.0,tfidf,false,5
reut2-019.sgm-587.txt,0.0,tfidf,true,8
reut2-019.sgm-588.txt,1.7239456424939554,binary,false,4
reut2-019.sgm-588.txt,1.7239456424939554,binary,true,4
reut2-019.sgm-588.txt,1.7239456424939554,count,false,4
reut2-019.sgm-588.txt,1.7239456424939554,count,true,1
reut2-019.sgm-588.txt,1.7239456424939554,gfidf,false,4
reut2-019.sgm-588.txt,1.7239456424939554,gfidf,true,1
reut2-019.sgm-588.txt,1.7239456424939554,idf,false,7
reut2-019.sgm-588.txt,1.7239456424939554,idf,true,1
reut2-019.sgm-588.txt,1.7239456424939554,logEntropy,false,4
reut2-019.sgm-588.txt,1.7239456424939554,logEntropy,true,1
reut2-019.sgm-588.txt,1.7239456424939554,normal,false,24
reut2-019.sgm-588.txt,1.7239456424939554,normal,true,24
reut2-019.sgm-588.txt,1.7239456424939554,tfidf,false,1
reut2-019.sgm-588.txt,1.7239456424939554,tfidf,true,1
reut2-019.sgm-595.txt,0.0,binary,false,14
reut2-019.sgm-595.txt,0.0,binary,true,14
reut2-019.sgm-595.txt,0.0,count,false,14
reut2-019.sgm-595.txt,0.0,count,true,14
reut2-019.sgm-595.txt,0.0,gfidf,false,14
reut2-019.sgm-595.txt,0.0,gfidf,true,14
reut2-019.sgm-595.txt,0.0,idf,false,14
reut2-019.sgm-595.txt,0.0,idf,true,14
reut2-019.sgm-595.txt,0.0,logEntropy,false,14
reut2-019.sgm-595.txt,0.0,logEntropy,true,14
reut2-019.sgm-595.txt,0.0,normal,false,6
reut2-019.sgm-595.txt,0.0,normal,true,6
reut2-019.sgm-595.txt,0.0,tfidf,false,14
reut2-019.sgm-595.txt,0.0,tfidf,true,14
reut2-019.sgm-603.txt,2.82842712474619,binary,false,0
reut2-019.sgm-603.txt,2.82842712474619,binary,true,0
reut2-019.sgm-603.txt,2.82842712474619,count,false,0
reut2-019.sgm-603.txt,2.82842712474619,count,true,0
reut2-019.sgm-603.txt,2.82842712474619,gfidf,false,22
reut2-019.sgm-603.txt,2.82842712474619,gfidf,true,22
reut2-019.sgm-603.txt,2.82842712474619,idf,false,19
reut2-019.sgm-603.txt,2.82842712474619,idf,true,0
reut2-019.sgm-603.txt,2.82842712474619,logEntropy,false,0
reut2-019.sgm-603.txt,2.82842712474619,logEntropy,true,0
reut2-019.sgm-603.txt,2.82842712474619,normal,false,0
reut2-019.sgm-603.txt,2.82842712474619,normal,true,0
reut2-019.sgm-603.txt,2.82842712474619,tfidf,false,22
reut2-019.sgm-603.txt,2.82842712474619,tfidf,true,22
reut2-019.sgm-616.txt,0.0,binary,false,12
reut2-019.sgm-616.txt,0.0,binary,true,1
reut2-019.sgm-616.txt,0.0,count,false,10
reut2-019.sgm-616.txt,0.0,count,true,17
reut2-019.sgm-616.txt,0.0,gfidf,false,12
reut2-019.sgm-616.txt,0.0,gfidf,true,1
reut2-019.sgm-616.txt,0.0,idf,false,12
reut2-019.sgm-616.txt,0.0,idf,true,6
reut2-019.sgm-616.txt,0.0,logEntropy,false,12
reut2-019.sgm-616.txt,0.0,logEntropy,true,17
reut2-019.sgm-616.txt,0.0,normal,false,1
reut2-019.sgm-616.txt,0.0,normal,true,3
reut2-019.sgm-616.txt,0.0,tfidf,false,8
reut2-019.sgm-616.txt,0.0,tfidf,true,8
reut2-019.sgm-659.txt,0.0,binary,false,20
reut2-019.sgm-659.txt,0.0,binary,true,20
reut2-019.sgm-659.txt,0.0,count,false,20
reut2-019.sgm-659.txt,0.0,count,true,20
reut2-019.sgm-659.txt,0.0,gfidf,false,20
reut2-019.sgm-659.txt,0.0,gfidf,true,28
reut2-019.sgm-659.txt,0.0,idf,false,20
reut2-019.sgm-659.txt,0.0,idf,true,20
reut2-019.sgm-659.txt,0.0,logEntropy,false,20
reut2-019.sgm-659.txt,0.0,logEntropy,true,20
reut2-019.sgm-659.txt,0.0,normal,false,3
reut2-019.sgm-659.txt,0.0,normal,true,0
reut2-019.sgm-659.txt,0.0,tfidf,false,20
reut2-019.sgm-659.txt,0.0,tfidf,true,28
reut2-019.sgm-682.txt,0.0,binary,false,9
reut2-019.sgm-682.txt,0.0,binary,true,9
reut2-019.sgm-682.txt,0.0,count,false,9
reut2-019.sgm-682.txt,0.0,count,true,9
reut2-019.sgm-682.txt,0.0,gfidf,false,9
reut2-019.sgm-682.txt,0.0,gfidf,true,9
reut2-019.sgm-682.txt,0.0,idf,false,9
reut2-019.sgm-682.txt,0.0,idf,true,9
reut2-019.sgm-682.txt,0.0,logEntropy,false,9
reut2-019.sgm-682.txt,0.0,logEntropy,true,9
reut2-019.sgm-682.txt,0.0,normal,false,9
reut2-019.sgm-682.txt,0.0,normal,true,9
reut2-019.sgm-682.txt,0.0,tfidf,false,5
reut2-019.sgm-682.txt,0.0,tfidf,true,9
reut2-019.sgm-683.txt,2.9719885782738973,binary,false,0
reut2-019.sgm-683.txt,2.9719885782738973,binary,true,0
reut2-019.sgm-683.txt,2.9719885782738973,count,false,0
reut2-019.sgm-683.txt,2.9719885782738973,count,true,0
reut2-019.sgm-683.txt,2.9719885782738973,gfidf,false,0
reut2-019.sgm-683.txt,2.9719885782738973,gfidf,true,0
reut2-019.sgm-683.txt,2.9719885782738973,idf,false,9
reut2-019.sgm-683.txt,2.9719885782738973,idf,true,0
reut2-019.sgm-683.txt,2.9719885782738973,logEntropy,false,0
reut2-019.sgm-683.txt,2.9719885782738973,logEntropy,true,0
reut2-019.sgm-683.txt,2.9719885782738973,normal,false,3
reut2-019.sgm-683.txt,2.9719885782738973,normal,true,3
reut2-019.sgm-683.txt,2.9719885782738973,tfidf,false,9
reut2-019.sgm-683.txt,2.9719885782738973,tfidf,true,9
reut2-019.sgm-759.txt,0.0,binary,false,4
reut2-019.sgm-759.txt,0.0,binary,true,4
reut2-019.sgm-759.txt,0.0,count,false,9
reut2-019.sgm-759.txt,0.0,count,true,9
reut2-019.sgm-759.txt,0.0,gfidf,false,9
reut2-019.sgm-759.txt,0.0,gfidf,true,1
reut2-019.sgm-759.txt,0.0,idf,false,4
reut2-019.sgm-759.txt,0.0,idf,true,4
reut2-019.sgm-759.txt,0.0,logEntropy,false,9
reut2-019.sgm-759.txt,0.0,logEntropy,true,1
reut2-019.sgm-759.txt,0.0,normal,false,1
reut2-019.sgm-759.txt,0.0,normal,true,1
reut2-019.sgm-759.txt,0.0,tfidf,false,9
reut2-019.sgm-759.txt,0.0,tfidf,true,4
reut2-019.sgm-82.txt,0.0,binary,false,13
reut2-019.sgm-82.txt,0.0,binary,true,13
reut2-019.sgm-82.txt,0.0,count,false,13
reut2-019.sgm-82.txt,0.0,count,true,13
reut2-019.sgm-82.txt,0.0,gfidf,false,13
reut2-019.sgm-82.txt,0.0,gfidf,true,13
reut2-019.sgm-82.txt,0.0,idf,false,13
reut2-019.sgm-82.txt,0.0,idf,true,13
reut2-019.sgm-82.txt,0.0,logEntropy,false,13
reut2-019.sgm-82.txt,0.0,logEntropy,true,11
reut2-019.sgm-82.txt,0.0,normal,false,4
reut2-019.sgm-82.txt,0.0,normal,true,4
reut2-019.sgm-82.txt,0.0,tfidf,false,13
reut2-019.sgm-82.txt,0.0,tfidf,true,13
reut2-019.sgm-824.txt,0.0,binary,false,29
reut2-019.sgm-824.txt,0.0,binary,true,29
reut2-019.sgm-824.txt,0.0,count,false,21
reut2-019.sgm-824.txt,0.0,count,true,29
reut2-019.sgm-824.txt,0.0,gfidf,false,15
reut2-019.sgm-824.txt,0.0,gfidf,true,29
reut2-019.sgm-824.txt,0.0,idf,false,29
reut2-019.sgm-824.txt,0.0,idf,true,29
reut2-019.sgm-824.txt,0.0,logEntropy,false,21
reut2-019.sgm-824.txt,0.0,logEntropy,true,29
reut2-019.sgm-824.txt,0.0,normal,false,21
reut2-019.sgm-824.txt,0.0,normal,true,21
reut2-019.sgm-824.txt,0.0,tfidf,false,29
reut2-019.sgm-824.txt,0.0,tfidf,true,29
reut2-019.sgm-827.txt,0.0,binary,false,8
reut2-019.sgm-827.txt,0.0,binary,true,8
reut2-019.sgm-827.txt,0.0,count,false,8
reut2-019.sgm-827.txt,0.0,count,true,8
reut2-019.sgm-827.txt,0.0,gfidf,false,8
reut2-019.sgm-827.txt,0.0,gfidf,true,8
reut2-019.sgm-827.txt,0.0,idf,false,8
reut2-019.sgm-827.txt,0.0,idf,true,8
reut2-019.sgm-827.txt,0.0,logEntropy,false,8
reut2-019.sgm-827.txt,0.0,logEntropy,true,8
reut2-019.sgm-827.txt,0.0,normal,false,1
reut2-019.sgm-827.txt,0.0,normal,true,1
reut2-019.sgm-827.txt,0.0,tfidf,false,8
reut2-019.sgm-827.txt,0.0,tfidf,true,8
reut2-019.sgm-831.txt,0.0,binary,false,6
reut2-019.sgm-831.txt,0.0,binary,true,6
reut2-019.sgm-831.txt,0.0,count,false,0
reut2-019.sgm-831.txt,0.0,count,true,0
reut2-019.sgm-831.txt,0.0,gfidf,false,6
reut2-019.sgm-831.txt,0.0,gfidf,true,6
reut2-019.sgm-831.txt,0.0,idf,false,6
reut2-019.sgm-831.txt,0.0,idf,true,6
reut2-019.sgm-831.txt,0.0,logEntropy,false,6
reut2-019.sgm-831.txt,0.0,logEntropy,true,6
reut2-019.sgm-831.txt,0.0,normal,false,0
reut2-019.sgm-831.txt,0.0,normal,true,0
reut2-019.sgm-831.txt,0.0,tfidf,false,12
reut2-019.sgm-831.txt,0.0,tfidf,true,6
reut2-019.sgm-847.txt,0.0,binary,false,23
reut2-019.sgm-847.txt,0.0,binary,true,32
reut2-019.sgm-847.txt,0.0,count,false,32
reut2-019.sgm-847.txt,0.0,count,true,32
reut2-019.sgm-847.txt,0.0,gfidf,false,19
reut2-019.sgm-847.txt,0.0,gfidf,true,19
reut2-019.sgm-847.txt,0.0,idf,false,17
reut2-019.sgm-847.txt,0.0,idf,true,19
reut2-019.sgm-847.txt,0.0,logEntropy,false,32
reut2-019.sgm-847.txt,0.0,logEntropy,true,32
reut2-019.sgm-847.txt,0.0,normal,false,32
reut2-019.sgm-847.txt,0.0,normal,true,32
reut2-019.sgm-847.txt,0.0,tfidf,false,17
reut2-019.sgm-847.txt,0.0,tfidf,true,19
reut2-019.sgm-848.txt,0.0,binary,false,15
reut2-019.sgm-848.txt,0.0,binary,true,15
reut2-019.sgm-848.txt,0.0,count,false,15
reut2-019.sgm-848.txt,0.0,count,true,15
reut2-019.sgm-848.txt,0.0,gfidf,false,15
reut2-019.sgm-848.txt,0.0,gfidf,true,15
reut2-019.sgm-848.txt,0.0,idf,false,15
reut2-019.sgm-848.txt,0.0,idf,true,14
reut2-019.sgm-848.txt,0.0,logEntropy,false,15
reut2-019.sgm-848.txt,0.0,logEntropy,true,15
reut2-019.sgm-848.txt,0.0,normal,false,15
reut2-019.sgm-848.txt,0.0,normal,true,15
reut2-019.sgm-848.txt,0.0,tfidf,false,15
reut2-019.sgm-848.txt,0.0,tfidf,true,15
reut2-019.sgm-851.txt,0.0,binary,false,10
reut2-019.sgm-851.txt,0.0,binary,true,12
reut2-019.sgm-851.txt,0.0,count,false,0
reut2-019.sgm-851.txt,0.0,count,true,0
reut2-019.sgm-851.txt,0.0,gfidf,false,12
reut2-019.sgm-851.txt,0.0,gfidf,true,12
reut2-019.sgm-851.txt,0.0,idf,false,18
reut2-019.sgm-851.txt,0.0,idf,true,10
reut2-019.sgm-851.txt,0.0,logEntropy,false,0
reut2-019.sgm-851.txt,0.0,logEntropy,true,10
reut2-019.sgm-851.txt,0.0,normal,false,12
reut2-019.sgm-851.txt,0.0,normal,true,12
reut2-019.sgm-851.txt,0.0,tfidf,false,7
reut2-019.sgm-851.txt,0.0,tfidf,true,2
reut2-019.sgm-866.txt,2.01689712667475,binary,false,5
reut2-019.sgm-866.txt,2.01689712667475,binary,true,5
reut2-019.sgm-866.txt,2.01689712667475,count,false,1
reut2-019.sgm-866.txt,2.01689712667475,count,true,1
reut2-019.sgm-866.txt,2.01689712667475,gfidf,false,5
reut2-019.sgm-866.txt,2.01689712667475,gfidf,true,1
reut2-019.sgm-866.txt,2.01689712667475,idf,false,5
reut2-019.sgm-866.txt,2.01689712667475,idf,true,5
reut2-019.sgm-866.txt,2.01689712667475,logEntropy,false,1
reut2-019.sgm-866.txt,2.01689712667475,logEntropy,true,1
reut2-019.sgm-866.txt,2.01689712667475,normal,false,1
reut2-019.sgm-866.txt,2.01689712667475,normal,true,1
reut2-019.sgm-866.txt,2.01689712667475,tfidf,false,5
reut2-019.sgm-866.txt,2.01689712667475,tfidf,true,5
reut2-019.sgm-874.txt,0.0,binary,false,2
reut2-019.sgm-874.txt,0.0,binary,true,2
reut2-019.sgm-874.txt,0.0,count,false,2
reut2-019.sgm-874.txt,0.0,count,true,2
reut2-019.sgm-874.txt,0.0,gfidf,false,2
reut2-019.sgm-874.txt,0.0,gfidf,true,2
reut2-019.sgm-874.txt,0.0,idf,false,2
reut2-019.sgm-874.txt,0.0,idf,true,4
reut2-019.sgm-874.txt,0.0,logEntropy,false,2
reut2-019.sgm-874.txt,0.0,logEntropy,true,2
reut2-019.sgm-874.txt,0.0,normal,false,2
reut2-019.sgm-874.txt,0.0,normal,true,2
reut2-019.sgm-874.txt,0.0,tfidf,false,4
reut2-019.sgm-874.txt,0.0,tfidf,true,4
reut2-019.sgm-876.txt,0.0,binary,false,12
reut2-019.sgm-876.txt,0.0,binary,true,12
reut2-019.sgm-876.txt,0.0,count,false,12
reut2-019.sgm-876.txt,0.0,count,true,12
reut2-019.sgm-876.txt,0.0,gfidf,false,12
reut2-019.sgm-876.txt,0.0,gfidf,true,12
reut2-019.sgm-876.txt,0.0,idf,false,24
reut2-019.sgm-876.txt,0.0,idf,true,24
reut2-019.sgm-876.txt,0.0,logEntropy,false,12
reut2-019.sgm-876.txt,0.0,logEntropy,true,12
reut2-019.sgm-876.txt,0.0,normal,false,12
reut2-019.sgm-876.txt,0.0,normal,true,12
reut2-019.sgm-876.txt,0.0,tfidf,false,24
reut2-019.sgm-876.txt,0.0,tfidf,true,24
reut2-019.sgm-896.txt,0.0,binary,false,13
reut2-019.sgm-896.txt,0.0,binary,true,13
reut2-019.sgm-896.txt,0.0,count,false,13
reut2-019.sgm-896.txt,0.0,count,true,13
reut2-019.sgm-896.txt,0.0,gfidf,false,13
reut2-019.sgm-896.txt,0.0,gfidf,true,13
reut2-019.sgm-896.txt,0.0,idf,false,13
reut2-019.sgm-896.txt,0.0,idf,true,13
reut2-019.sgm-896.txt,0.0,logEntropy,false,13
reut2-019.sgm-896.txt,0.0,logEntropy,true,13
reut2-019.sgm-896.txt,0.0,normal,false,13
reut2-019.sgm-896.txt,0.0,normal,true,13
reut2-019.sgm-896.txt,0.0,tfidf,false,18
reut2-019.sgm-896.txt,0.0,tfidf,true,6
reut2-019.sgm-90.txt,0.0,binary,false,3
reut2-019.sgm-90.txt,0.0,binary,true,3
reut2-019.sgm-90.txt,0.0,count,false,3
reut2-019.sgm-90.txt,0.0,count,true,3
reut2-019.sgm-90.txt,0.0,gfidf,false,3
reut2-019.sgm-90.txt,0.0,gfidf,true,3
reut2-019.sgm-90.txt,0.0,idf,false,3
reut2-019.sgm-90.txt,0.0,idf,true,3
reut2-019.sgm-90.txt,0.0,logEntropy,false,3
reut2-019.sgm-90.txt,0.0,logEntropy,true,3
reut2-019.sgm-90.txt,0.0,normal,false,3
reut2-019.sgm-90.txt,0.0,normal,true,3
reut2-019.sgm-90.txt,0.0,tfidf,false,3
reut2-019.sgm-90.txt,0.0,tfidf,true,3
reut2-019.sgm-917.txt,0.0,binary,false,14
reut2-019.sgm-917.txt,0.0,binary,true,21
reut2-019.sgm-917.txt,0.0,count,false,21
reut2-019.sgm-917.txt,0.0,count,true,1
reut2-019.sgm-917.txt,0.0,gfidf,false,21
reut2-019.sgm-917.txt,0.0,gfidf,true,21
reut2-019.sgm-917.txt,0.0,idf,false,14
reut2-019.sgm-917.txt,0.0,idf,true,6
reut2-019.sgm-917.txt,0.0,logEntropy,false,21
reut2-019.sgm-917.txt,0.0,logEntropy,true,21
reut2-019.sgm-917.txt,0.0,normal,false,21
reut2-019.sgm-917.txt,0.0,normal,true,21
reut2-019.sgm-917.txt,0.0,tfidf,false,14
reut2-019.sgm-917.txt,0.0,tfidf,true,6
reut2-019.sgm-929.txt,2.0,binary,false,1
reut2-019.sgm-929.txt,2.0,binary,true,1
reut2-019.sgm-929.txt,2.0,count,false,1
reut2-019.sgm-929.txt,2.0,count,true,1
reut2-019.sgm-929.txt,2.0,gfidf,false,1
reut2-019.sgm-929.txt,2.0,gfidf,true,8
reut2-019.sgm-929.txt,2.0,idf,false,8
reut2-019.sgm-929.txt,2.0,idf,true,8
reut2-019.sgm-929.txt,2.0,logEntropy,false,1
reut2-019.sgm-929.txt,2.0,logEntropy,true,1
reut2-019.sgm-929.txt,2.0,normal,false,1
reut2-019.sgm-929.txt,2.0,normal,true,1
reut2-019.sgm-929.txt,2.0,tfidf,false,8
reut2-019.sgm-929.txt,2.0,tfidf,true,8
reut2-019.sgm-930.txt,1.0,binary,false,8
reut2-019.sgm-930.txt,1.0,binary,true,8
reut2-019.sgm-930.txt,1.0,count,false,8
reut2-019.sgm-930.txt,1.0,count,true,8
reut2-019.sgm-930.txt,1.0,gfidf,false,8
reut2-019.sgm-930.txt,1.0,gfidf,true,8
reut2-019.sgm-930.txt,1.0,idf,false,8
reut2-019.sgm-930.txt,1.0,idf,true,8
reut2-019.sgm-930.txt,1.0,logEntropy,false,8
reut2-019.sgm-930.txt,1.0,logEntropy,true,8
reut2-019.sgm-930.txt,1.0,normal,false,8
reut2-019.sgm-930.txt,1.0,normal,true,8
reut2-019.sgm-930.txt,1.0,tfidf,false,8
reut2-019.sgm-930.txt,1.0,tfidf,true,8
reut2-019.sgm-946.txt,0.0,binary,false,1
reut2-019.sgm-946.txt,0.0,binary,true,1
reut2-019.sgm-946.txt,0.0,count,false,1
reut2-019.sgm-946.txt,0.0,count,true,1
reut2-019.sgm-946.txt,0.0,gfidf,false,1
reut2-019.sgm-946.txt,0.0,gfidf,true,8
reut2-019.sgm-946.txt,0.0,idf,false,6
reut2-019.sgm-946.txt,0.0,idf,true,6
reut2-019.sgm-946.txt,0.0,logEntropy,false,1
reut2-019.sgm-946.txt,0.0,logEntropy,true,1
reut2-019.sgm-946.txt,0.0,normal,false,1
reut2-019.sgm-946.txt,0.0,normal,true,1
reut2-019.sgm-946.txt,0.0,tfidf,false,6
reut2-019.sgm-946.txt,0.0,tfidf,true,8
reut2-019.sgm-948.txt,0.0,binary,false,3
reut2-019.sgm-948.txt,0.0,binary,true,0
reut2-019.sgm-948.txt,0.0,count,false,9
reut2-019.sgm-948.txt,0.0,count,true,9
reut2-019.sgm-948.txt,0.0,gfidf,false,3
reut2-019.sgm-948.txt,0.0,gfidf,true,9
reut2-019.sgm-948.txt,0.0,idf,false,3
reut2-019.sgm-948.txt,0.0,idf,true,0
reut2-019.sgm-948.txt,0.0,logEntropy,false,9
reut2-019.sgm-948.txt,0.0,logEntropy,true,9
reut2-019.sgm-948.txt,0.0,normal,false,9
reut2-019.sgm-948.txt,0.0,normal,true,9
reut2-019.sgm-948.txt,0.0,tfidf,false,3
reut2-019.sgm-948.txt,0.0,tfidf,true,23
reut2-019.sgm-957.txt,0.0,binary,false,1
reut2-019.sgm-957.txt,0.0,binary,true,1
reut2-019.sgm-957.txt,0.0,count,false,1
reut2-019.sgm-957.txt,0.0,count,true,1
reut2-019.sgm-957.txt,0.0,gfidf,false,5
reut2-019.sgm-957.txt,0.0,gfidf,true,1
reut2-019.sgm-957.txt,0.0,idf,false,1
reut2-019.sgm-957.txt,0.0,idf,true,1
reut2-019.sgm-957.txt,0.0,logEntropy,false,1
reut2-019.sgm-957.txt,0.0,logEntropy,true,1
reut2-019.sgm-957.txt,0.0,normal,false,5
reut2-019.sgm-957.txt,0.0,normal,true,5
reut2-019.sgm-957.txt,0.0,tfidf,false,1
reut2-019.sgm-957.txt,0.0,tfidf,true,1
reut2-019.sgm-967.txt,1.4859942891369484,binary,false,3
reut2-019.sgm-967.txt,1.4859942891369484,binary,true,3
reut2-019.sgm-967.txt,1.4859942891369484,count,false,3
reut2-019.sgm-967.txt,1.4859942891369484,count,true,3
reut2-019.sgm-967.txt,1.4859942891369484,gfidf,false,3
reut2-019.sgm-967.txt,1.4859942891369484,gfidf,true,3
reut2-019.sgm-967.txt,1.4859942891369484,idf,false,5
reut2-019.sgm-967.txt,1.4859942891369484,idf,true,5
reut2-019.sgm-967.txt,1.4859942891369484,logEntropy,false,3
reut2-019.sgm-967.txt,1.4859942891369484,logEntropy,true,3
reut2-019.sgm-967.txt,1.4859942891369484,normal,false,3
reut2-019.sgm-967.txt,1.4859942891369484,normal,true,3
reut2-019.sgm-967.txt,1.4859942891369484,tfidf,false,5
reut2-019.sgm-967.txt,1.4859942891369484,tfidf,true,5
reut2-020.sgm-0.txt,0.0,binary,false,22
reut2-020.sgm-0.txt,0.0,binary,true,22
reut2-020.sgm-0.txt,0.0,count,false,22
reut2-020.sgm-0.txt,0.0,count,true,22
reut2-020.sgm-0.txt,0.0,gfidf,false,22
reut2-020.sgm-0.txt,0.0,gfidf,true,22
reut2-020.sgm-0.txt,0.0,idf,false,22
reut2-020.sgm-0.txt,0.0,idf,true,22
reut2-020.sgm-0.txt,0.0,logEntropy,false,22
reut2-020.sgm-0.txt,0.0,logEntropy,true,22
reut2-020.sgm-0.txt,0.0,normal,false,26
reut2-020.sgm-0.txt,0.0,normal,true,22
reut2-020.sgm-0.txt,0.0,tfidf,false,22
reut2-020.sgm-0.txt,0.0,tfidf,true,22
reut2-020.sgm-115.txt,0.0,binary,false,9
reut2-020.sgm-115.txt,0.0,binary,true,2
reut2-020.sgm-115.txt,0.0,count,false,2
reut2-020.sgm-115.txt,0.0,count,true,2
reut2-020.sgm-115.txt,0.0,gfidf,false,9
reut2-020.sgm-115.txt,0.0,gfidf,true,2
reut2-020.sgm-115.txt,0.0,idf,false,2
reut2-020.sgm-115.txt,0.0,idf,true,2
reut2-020.sgm-115.txt,0.0,logEntropy,false,2
reut2-020.sgm-115.txt,0.0,logEntropy,true,2
reut2-020.sgm-115.txt,0.0,normal,false,9
reut2-020.sgm-115.txt,0.0,normal,true,0
reut2-020.sgm-115.txt,0.0,tfidf,false,1
reut2-020.sgm-115.txt,0.0,tfidf,true,2
reut2-020.sgm-185.txt,0.0,binary,false,20
reut2-020.sgm-185.txt,0.0,binary,true,2
reut2-020.sgm-185.txt,0.0,count,false,19
reut2-020.sgm-185.txt,0.0,count,true,2
reut2-020.sgm-185.txt,0.0,gfidf,false,20
reut2-020.sgm-185.txt,0.0,gfidf,true,2
reut2-020.sgm-185.txt,0.0,idf,false,20
reut2-020.sgm-185.txt,0.0,idf,true,2
reut2-020.sgm-185.txt,0.0,logEntropy,false,20
reut2-020.sgm-185.txt,0.0,logEntropy,true,2
reut2-020.sgm-185.txt,0.0,normal,false,2
reut2-020.sgm-185.txt,0.0,normal,true,20
reut2-020.sgm-185.txt,0.0,tfidf,false,23
reut2-020.sgm-185.txt,0.0,tfidf,true,23
reut2-020.sgm-230.txt,0.0,binary,false,15
reut2-020.sgm-230.txt,0.0,binary,true,15
reut2-020.sgm-230.txt,0.0,count,false,15
reut2-020.sgm-230.txt,0.0,count,true,15
reut2-020.sgm-230.txt,0.0,gfidf,false,15
reut2-020.sgm-230.txt,0.0,gfidf,true,15
reut2-020.sgm-230.txt,0.0,idf,false,15
reut2-020.sgm-230.txt,0.0,idf,true,15
reut2-020.sgm-230.txt,0.0,logEntropy,false,15
reut2-020.sgm-230.txt,0.0,logEntropy,true,15
reut2-020.sgm-230.txt,0.0,normal,false,15
reut2-020.sgm-230.txt,0.0,normal,true,15
reut2-020.sgm-230.txt,0.0,tfidf,false,15
reut2-020.sgm-230.txt,0.0,tfidf,true,15
reut2-020.sgm-258.txt,0.0,binary,false,27
reut2-020.sgm-258.txt,0.0,binary,true,27
reut2-020.sgm-258.txt,0.0,count,false,27
reut2-020.sgm-258.txt,0.0,count,true,27
reut2-020.sgm-258.txt,0.0,gfidf,false,27
reut2-020.sgm-258.txt,0.0,gfidf,true,27
reut2-020.sgm-258.txt,0.0,idf,false,27
reut2-020.sgm-258.txt,0.0,idf,true,27
reut2-020.sgm-258.txt,0.0,logEntropy,false,27
reut2-020.sgm-258.txt,0.0,logEntropy,true,27
reut2-020.sgm-258.txt,0.0,normal,false,27
reut2-020.sgm-258.txt,0.0,normal,true,27
reut2-020.sgm-258.txt,0.0,tfidf,false,27
reut2-020.sgm-258.txt,0.0,tfidf,true,27
reut2-020.sgm-261.txt,0.0,binary,false,10
reut2-020.sgm-261.txt,0.0,binary,true,28
reut2-020.sgm-261.txt,0.0,count,false,10
reut2-020.sgm-261.txt,0.0,count,true,10
reut2-020.sgm-261.txt,0.0,gfidf,false,10
reut2-020.sgm-261.txt,0.0,gfidf,true,6
reut2-020.sgm-261.txt,0.0,idf,false,10
reut2-020.sgm-261.txt,0.0,idf,true,28
reut2-020.sgm-261.txt,0.0,logEntropy,false,10
reut2-020.sgm-261.txt,0.0,logEntropy,true,10
reut2-020.sgm-261.txt,0.0,normal,false,2
reut2-020.sgm-261.txt,0.0,normal,true,2
reut2-020.sgm-261.txt,0.0,tfidf,false,6
reut2-020.sgm-261.txt,0.0,tfidf,true,6
reut2-020.sgm-269.txt,0.0,binary,false,11
reut2-020.sgm-269.txt,0.0,binary,true,2
reut2-020.sgm-269.txt,0.0,count,false,11
reut2-020.sgm-269.txt,0.0,count,true,11
reut2-020.sgm-269.txt,0.0,gfidf,false,11
reut2-020.sgm-269.txt,0.0,gfidf,true,11
reut2-020.sgm-269.txt,0.0,idf,false,2
reut2-020.sgm-269.txt,0.0,idf,true,2
reut2-020.sgm-269.txt,0.0,logEntropy,false,11
reut2-020.sgm-269.txt,0.0,logEntropy,true,11
reut2-020.sgm-269.txt,0.0,normal,false,1
reut2-020.sgm-269.txt,0.0,normal,true,1
reut2-020.sgm-269.txt,0.0,tfidf,false,2
reut2-020.sgm-269.txt,0.0,tfidf,true,2
reut2-020.sgm-27.txt,0.0,binary,false,16
reut2-020.sgm-27.txt,0.0,binary,true,28
reut2-020.sgm-27.txt,0.0,count,false,16
reut2-020.sgm-27.txt,0.0,count,true,16
reut2-020.sgm-27.txt,0.0,gfidf,false,16
reut2-020.sgm-27.txt,0.0,gfidf,true,28
reut2-020.sgm-27.txt,0.0,idf,false,28
reut2-020.sgm-27.txt,0.0,idf,true,28
reut2-020.sgm-27.txt,0.0,logEntropy,false,16
reut2-020.sgm-27.txt,0.0,logEntropy,true,16
reut2-020.sgm-27.txt,0.0,normal,false,22
reut2-020.sgm-27.txt,0.0,normal,true,28
reut2-020.sgm-27.txt,0.0,tfidf,false,28
reut2-020.sgm-27.txt,0.0,tfidf,true,28
reut2-020.sgm-28.txt,0.0,binary,false,5
reut2-020.sgm-28.txt,0.0,binary,true,0
reut2-020.sgm-28.txt,0.0,count,false,7
reut2-020.sgm-28.txt,0.0,count,true,7
reut2-020.sgm-28.txt,0.0,gfidf,false,5
reut2-020.sgm-28.txt,0.0,gfidf,true,2
reut2-020.sgm-28.txt,0.0,idf,false,5
reut2-020.sgm-28.txt,0.0,idf,true,0
reut2-020.sgm-28.txt,0.0,logEntropy,false,7
reut2-020.sgm-28.txt,0.0,logEntropy,true,7
reut2-020.sgm-28.txt,0.0,normal,false,5
reut2-020.sgm-28.txt,0.0,normal,true,2
reut2-020.sgm-28.txt,0.0,tfidf,false,20
reut2-020.sgm-28.txt,0.0,tfidf,true,10
reut2-020.sgm-29.txt,0.0,binary,false,11
reut2-020.sgm-29.txt,0.0,binary,true,11
reut2-020.sgm-29.txt,0.0,count,false,6
reut2-020.sgm-29.txt,0.0,count,true,6
reut2-020.sgm-29.txt,0.0,gfidf,false,11
reut2-020.sgm-29.txt,0.0,gfidf,true,11
reut2-020.sgm-29.txt,0.0,idf,false,11
reut2-020.sgm-29.txt,0.0,idf,true,11
reut2-020.sgm-29.txt,0.0,logEntropy,false,11
reut2-020.sgm-29.txt,0.0,logEntropy,true,11
reut2-020.sgm-29.txt,0.0,normal,false,0
reut2-020.sgm-29.txt,0.0,normal,true,0
reut2-020.sgm-29.txt,0.0,tfidf,false,11
reut2-020.sgm-29.txt,0.0,tfidf,true,11
reut2-020.sgm-334.txt,3.622894657055627,binary,false,0
reut2-020.sgm-334.txt,3.622894657055627,binary,true,0
reut2-020.sgm-334.txt,3.622894657055627,count,false,16
reut2-020.sgm-334.txt,3.622894657055627,count,true,0
reut2-020.sgm-334.txt,3.622894657055627,gfidf,false,0
reut2-020.sgm-334.txt,3.622894657055627,gfidf,true,0
reut2-020.sgm-334.txt,3.622894657055627,idf,false,0
reut2-020.sgm-334.txt,3.622894657055627,idf,true,0
reut2-020.sgm-334.txt,3.622894657055627,logEntropy,false,0
reut2-020.sgm-334.txt,3.622894657055627,logEntropy,true,0
reut2-020.sgm-334.txt,3.622894657055627,normal,false,0
reut2-020.sgm-334.txt,3.622894657055627,normal,true,0
reut2-020.sgm-334.txt,3.622894657055627,tfidf,false,0
reut2-020.sgm-334.txt,3.622894657055627,tfidf,true,18
reut2-020.sgm-350.txt,0.0,binary,false,7
reut2-020.sgm-350.txt,0.0,binary,true,23
reut2-020.sgm-350.txt,0.0,count,false,7
reut2-020.sgm-350.txt,0.0,count,true,23
reut2-020.sgm-350.txt,0.0,gfidf,false,7
reut2-020.sgm-350.txt,0.0,gfidf,true,23
reut2-020.sgm-350.txt,0.0,idf,false,7
reut2-020.sgm-350.txt,0.0,idf,true,23
reut2-020.sgm-350.txt,0.0,logEntropy,false,7
reut2-020.sgm-350.txt,0.0,logEntropy,true,23
reut2-020.sgm-350.txt,0.0,normal,false,3
reut2-020.sgm-350.txt,0.0,normal,true,3
reut2-020.sgm-350.txt,0.0,tfidf,false,23
reut2-020.sgm-350.txt,0.0,tfidf,true,23
reut2-020.sgm-37.txt,0.0,binary,false,19
reut2-020.sgm-37.txt,0.0,binary,true,0
reut2-020.sgm-37.txt,0.0,count,false,19
reut2-020.sgm-37.txt,0.0,count,true,0
reut2-020.sgm-37.txt,0.0,gfidf,false,19
reut2-020.sgm-37.txt,0.0,gfidf,true,0
reut2-020.sgm-37.txt,0.0,idf,false,9
reut2-020.sgm-37.txt,0.0,idf,true,9
reut2-020.sgm-37.txt,0.0,logEntropy,false,19
reut2-020.sgm-37.txt,0.0,logEntropy,true,0
reut2-020.sgm-37.txt,0.0,normal,false,0
reut2-020.sgm-37.txt,0.0,normal,true,0
reut2-020.sgm-37.txt,0.0,tfidf,false,8
reut2-020.sgm-37.txt,0.0,tfidf,true,8
reut2-020.sgm-4.txt,0.0,binary,false,5
reut2-020.sgm-4.txt,0.0,binary,true,5
reut2-020.sgm-4.txt,0.0,count,false,5
reut2-020.sgm-4.txt,0.0,count,true,5
reut2-020.sgm-4.txt,0.0,gfidf,false,5
reut2-020.sgm-4.txt,0.0,gfidf,true,5
reut2-020.sgm-4.txt,0.0,idf,false,14
reut2-020.sgm-4.txt,0.0,idf,true,14
reut2-020.sgm-4.txt,0.0,logEntropy,false,5
reut2-020.sgm-4.txt,0.0,logEntropy,true,5
reut2-020.sgm-4.txt,0.0,normal,false,21
reut2-020.sgm-4.txt,0.0,normal,true,5
reut2-020.sgm-4.txt,0.0,tfidf,false,14
reut2-020.sgm-4.txt,0.0,tfidf,true,14
reut2-020.sgm-44.txt,0.0,binary,false,8
reut2-020.sgm-44.txt,0.0,binary,true,8
reut2-020.sgm-44.txt,0.0,count,false,8
reut2-020.sgm-44.txt,0.0,count,true,8
reut2-020.sgm-44.txt,0.0,gfidf,false,8
reut2-020.sgm-44.txt,0.0,gfidf,true,8
reut2-020.sgm-44.txt,0.0,idf,false,8
reut2-020.sgm-44.txt,0.0,idf,true,8
reut2-020.sgm-44.txt,0.0,logEntropy,false,8
reut2-020.sgm-44.txt,0.0,logEntropy,true,8
reut2-020.sgm-44.txt,0.0,normal,false,3
reut2-020.sgm-44.txt,0.0,normal,true,3
reut2-020.sgm-44.txt,0.0,tfidf,false,8
reut2-020.sgm-44.txt,0.0,tfidf,true,8
reut2-020.sgm-45.txt,0.0,binary,false,12
reut2-020.sgm-45.txt,0.0,binary,true,0
reut2-020.sgm-45.txt,0.0,count,false,0
reut2-020.sgm-45.txt,0.0,count,true,0
reut2-020.sgm-45.txt,0.0,gfidf,false,15
reut2-020.sgm-45.txt,0.0,gfidf,true,0
reut2-020.sgm-45.txt,0.0,idf,false,15
reut2-020.sgm-45.txt,0.0,idf,true,15
reut2-020.sgm-45.txt,0.0,logEntropy,false,0
reut2-020.sgm-45.txt,0.0,logEntropy,true,0
reut2-020.sgm-45.txt,0.0,normal,false,0
reut2-020.sgm-45.txt,0.0,normal,true,0
reut2-020.sgm-45.txt,0.0,tfidf,false,16
reut2-020.sgm-45.txt,0.0,tfidf,true,15
reut2-020.sgm-460.txt,4.195912496972249,binary,false,0
reut2-020.sgm-460.txt,4.195912496972249,binary,true,0
reut2-020.sgm-460.txt,4.195912496972249,count,false,0
reut2-020.sgm-460.txt,4.195912496972249,count,true,0
reut2-020.sgm-460.txt,4.195912496972249,gfidf,false,0
reut2-020.sgm-460.txt,4.195912496972249,gfidf,true,0
reut2-020.sgm-460.txt,4.195912496972249,idf,false,0
reut2-020.sgm-460.txt,4.195912496972249,idf,true,0
reut2-020.sgm-460.txt,4.195912496972249,logEntropy,false,0
reut2-020.sgm-460.txt,4.195912496972249,logEntropy,true,0
reut2-020.sgm-460.txt,4.195912496972249,normal,false,0
reut2-020.sgm-460.txt,4.195912496972249,normal,true,0
reut2-020.sgm-460.txt,4.195912496972249,tfidf,false,0
reut2-020.sgm-460.txt,4.195912496972249,tfidf,true,0
reut2-020.sgm-461.txt,0.0,binary,false,28
reut2-020.sgm-461.txt,0.0,binary,true,28
reut2-020.sgm-461.txt,0.0,count,false,9
reut2-020.sgm-461.txt,0.0,count,true,10
reut2-020.sgm-461.txt,0.0,gfidf,false,28
reut2-020.sgm-461.txt,0.0,gfidf,true,28
reut2-020.sgm-461.txt,0.0,idf,false,28
reut2-020.sgm-461.txt,0.0,idf,true,15
reut2-020.sgm-461.txt,0.0,logEntropy,false,9
reut2-020.sgm-461.txt,0.0,logEntropy,true,10
reut2-020.sgm-461.txt,0.0,normal,false,28
reut2-020.sgm-461.txt,0.0,normal,true,10
reut2-020.sgm-461.txt,0.0,tfidf,false,15
reut2-020.sgm-461.txt,0.0,tfidf,true,15
reut2-020.sgm-47.txt,0.0,binary,false,4
reut2-020.sgm-47.txt,0.0,binary,true,16
reut2-020.sgm-47.txt,0.0,count,false,17
reut2-020.sgm-47.txt,0.0,count,true,17
reut2-020.sgm-47.txt,0.0,gfidf,false,17
reut2-020.sgm-47.txt,0.0,gfidf,true,16
reut2-020.sgm-47.txt,0.0,idf,false,15
reut2-020.sgm-47.txt,0.0,idf,true,15
reut2-020.sgm-47.txt,0.0,logEntropy,false,17
reut2-020.sgm-47.txt,0.0,logEntropy,true,17
reut2-020.sgm-47.txt,0.0,normal,false,0
reut2-020.sgm-47.txt,0.0,normal,true,4
reut2-020.sgm-47.txt,0.0,tfidf,false,15
reut2-020.sgm-47.txt,0.0,tfidf,true,15
reut2-020.sgm-499.txt,0.0,binary,false,3
reut2-020.sgm-499.txt,0.0,binary,true,13
reut2-020.sgm-499.txt,0.0,count,false,3
reut2-020.sgm-499.txt,0.0,count,true,13
reut2-020.sgm-499.txt,0.0,gfidf,false,13
reut2-020.sgm-499.txt,0.0,gfidf,true,13
reut2-020.sgm-499.txt,0.0,idf,false,3
reut2-020.sgm-499.txt,0.0,idf,true,3
reut2-020.sgm-499.txt,0.0,logEntropy,false,13
reut2-020.sgm-499.txt,0.0,logEntropy,true,13
reut2-020.sgm-499.txt,0.0,normal,false,13
reut2-020.sgm-499.txt,0.0,normal,true,13
reut2-020.sgm-499.txt,0.0,tfidf,false,8
reut2-020.sgm-499.txt,0.0,tfidf,true,3
reut2-020.sgm-507.txt,2.339861625517374,binary,false,1
reut2-020.sgm-507.txt,2.339861625517374,binary,true,1
reut2-020.sgm-507.txt,2.339861625517374,count,false,1
reut2-020.sgm-507.txt,2.339861625517374,count,true,1
reut2-020.sgm-507.txt,2.339861625517374,gfidf,false,1
reut2-020.sgm-507.txt,2.339861625517374,gfidf,true,1
reut2-020.sgm-507.txt,2.339861625517374,idf,false,1
reut2-020.sgm-507.txt,2.339861625517374,idf,true,1
reut2-020.sgm-507.txt,2.339861625517374,logEntropy,false,1
reut2-020.sgm-507.txt,2.339861625517374,logEntropy,true,1
reut2-020.sgm-507.txt,2.339861625517374,normal,false,0
reut2-020.sgm-507.txt,2.339861625517374,normal,true,0
reut2-020.sgm-507.txt,2.339861625517374,tfidf,false,1
reut2-020.sgm-507.txt,2.339861625517374,tfidf,true,1
reut2-020.sgm-510.txt,0.0,binary,false,14
reut2-020.sgm-510.txt,0.0,binary,true,14
reut2-020.sgm-510.txt,0.0,count,false,14
reut2-020.sgm-510.txt,0.0,count,true,14
reut2-020.sgm-510.txt,0.0,gfidf,false,14
reut2-020.sgm-510.txt,0.0,gfidf,true,14
reut2-020.sgm-510.txt,0.0,idf,false,14
reut2-020.sgm-510.txt,0.0,idf,true,14
reut2-020.sgm-510.txt,0.0,logEntropy,false,14
reut2-020.sgm-510.txt,0.0,logEntropy,true,14
reut2-020.sgm-510.txt,0.0,normal,false,8
reut2-020.sgm-510.txt,0.0,normal,true,14
reut2-020.sgm-510.txt,0.0,tfidf,false,14
reut2-020.sgm-510.txt,0.0,tfidf,true,14
reut2-020.sgm-537.txt,0.0,binary,false,11
reut2-020.sgm-537.txt,0.0,binary,true,15
reut2-020.sgm-537.txt,0.0,count,false,11
reut2-020.sgm-537.txt,0.0,count,true,11
reut2-020.sgm-537.txt,0.0,gfidf,false,11
reut2-020.sgm-537.txt,0.0,gfidf,true,15
reut2-020.sgm-537.txt,0.0,idf,false,11
reut2-020.sgm-537.txt,0.0,idf,true,7
reut2-020.sgm-537.txt,0.0,logEntropy,false,11
reut2-020.sgm-537.txt,0.0,logEntropy,true,11
reut2-020.sgm-537.txt,0.0,normal,false,2
reut2-020.sgm-537.txt,0.0,normal,true,2
reut2-020.sgm-537.txt,0.0,tfidf,false,11
reut2-020.sgm-537.txt,0.0,tfidf,true,7
reut2-020.sgm-570.txt,0.0,binary,false,4
reut2-020.sgm-570.txt,0.0,binary,true,4
reut2-020.sgm-570.txt,0.0,count,false,10
reut2-020.sgm-570.txt,0.0,count,true,4
reut2-020.sgm-570.txt,0.0,gfidf,false,10
reut2-020.sgm-570.txt,0.0,gfidf,true,4
reut2-020.sgm-570.txt,0.0,idf,false,4
reut2-020.sgm-570.txt,0.0,idf,true,4
reut2-020.sgm-570.txt,0.0,logEntropy,false,10
reut2-020.sgm-570.txt,0.0,logEntropy,true,4
reut2-020.sgm-570.txt,0.0,normal,false,10
reut2-020.sgm-570.txt,0.0,normal,true,4
reut2-020.sgm-570.txt,0.0,tfidf,false,10
reut2-020.sgm-570.txt,0.0,tfidf,true,4
reut2-020.sgm-60.txt,0.0,binary,false,7
reut2-020.sgm-60.txt,0.0,binary,true,8
reut2-020.sgm-60.txt,0.0,count,false,3
reut2-020.sgm-60.txt,0.0,count,true,8
reut2-020.sgm-60.txt,0.0,gfidf,false,7
reut2-020.sgm-60.txt,0.0,gfidf,true,0
reut2-020.sgm-60.txt,0.0,idf,false,7
reut2-020.sgm-60.txt,0.0,idf,true,7
reut2-020.sgm-60.txt,0.0,logEntropy,false,3
reut2-020.sgm-60.txt,0.0,logEntropy,true,8
reut2-020.sgm-60.txt,0.0,normal,false,8
reut2-020.sgm-60.txt,0.0,normal,true,8
reut2-020.sgm-60.txt,0.0,tfidf,false,7
reut2-020.sgm-60.txt,0.0,tfidf,true,7
reut2-020.sgm-607.txt,2.320258772320326,binary,false,6
reut2-020.sgm-607.txt,2.320258772320326,binary,true,0
reut2-020.sgm-607.txt,2.320258772320326,count,false,6
reut2-020.sgm-607.txt,2.320258772320326,count,true,0
reut2-020.sgm-607.txt,2.320258772320326,gfidf,false,6
reut2-020.sgm-607.txt,2.320258772320326,gfidf,true,0
reut2-020.sgm-607.txt,2.320258772320326,idf,false,6
reut2-020.sgm-607.txt,2.320258772320326,idf,true,6
reut2-020.sgm-607.txt,2.320258772320326,logEntropy,false,6
reut2-020.sgm-607.txt,2.320258772320326,logEntropy,true,0
reut2-020.sgm-607.txt,2.320258772320326,normal,false,0
reut2-020.sgm-607.txt,2.320258772320326,normal,true,0
reut2-020.sgm-607.txt,2.320258772320326,tfidf,false,6
reut2-020.sgm-607.txt,2.320258772320326,tfidf,true,6
reut2-020.sgm-613.txt,0.0,binary,false,0
reut2-020.sgm-613.txt,0.0,binary,true,6
reut2-020.sgm-613.txt,0.0,count,false,0
reut2-020.sgm-613.txt,0.0,count,true,24
reut2-020.sgm-613.txt,0.0,gfidf,false,0
reut2-020.sgm-613.txt,0.0,gfidf,true,24
reut2-020.sgm-613.txt,0.0,idf,false,0
reut2-020.sgm-613.txt,0.0,idf,true,2
reut2-020.sgm-613.txt,0.0,logEntropy,false,0
reut2-020.sgm-613.txt,0.0,logEntropy,true,6
reut2-020.sgm-613.txt,0.0,normal,false,0
reut2-020.sgm-613.txt,0.0,normal,true,0
reut2-020.sgm-613.txt,0.0,tfidf,false,24
reut2-020.sgm-613.txt,0.0,tfidf,true,24
reut2-020.sgm-63.txt,3.44789128498791,binary,false,0
reut2-020.sgm-63.txt,3.44789128498791,binary,true,0
reut2-020.sgm-63.txt,3.44789128498791,count,false,14
reut2-020.sgm-63.txt,3.44789128498791,count,true,0
reut2-020.sgm-63.txt,3.44789128498791,gfidf,false,0
reut2-020.sgm-63.txt,3.44789128498791,gfidf,true,0
reut2-020.sgm-63.txt,3.44789128498791,idf,false,0
reut2-020.sgm-63.txt,3.44789128498791,idf,true,0
reut2-020.sgm-63.txt,3.44789128498791,logEntropy,false,0
reut2-020.sgm-63.txt,3.44789128498791,logEntropy,true,0
reut2-020.sgm-63.txt,3.44789128498791,normal,false,0
reut2-020.sgm-63.txt,3.44789128498791,normal,true,0
reut2-020.sgm-63.txt,3.44789128498791,tfidf,false,14
reut2-020.sgm-63.txt,3.44789128498791,tfidf,true,2
reut2-020.sgm-631.txt,0.0,binary,false,15
reut2-020.sgm-631.txt,0.0,binary,true,15
reut2-020.sgm-631.txt,0.0,count,false,3
reut2-020.sgm-631.txt,0.0,count,true,3
reut2-020.sgm-631.txt,0.0,gfidf,false,15
reut2-020.sgm-631.txt,0.0,gfidf,true,3
reut2-020.sgm-631.txt,0.0,idf,false,15
reut2-020.sgm-631.txt,0.0,idf,true,15
reut2-020.sgm-631.txt,0.0,logEntropy,false,3
reut2-020.sgm-631.txt,0.0,logEntropy,true,3
reut2-020.sgm-631.txt,0.0,normal,false,3
reut2-020.sgm-631.txt,0.0,normal,true,0
reut2-020.sgm-631.txt,0.0,tfidf,false,15
reut2-020.sgm-631.txt,0.0,tfidf,true,15
reut2-020.sgm-704.txt,0.0,binary,false,28
reut2-020.sgm-704.txt,0.0,binary,true,28
reut2-020.sgm-704.txt,0.0,count,false,28
reut2-020.sgm-704.txt,0.0,count,true,28
reut2-020.sgm-704.txt,0.0,gfidf,false,28
reut2-020.sgm-704.txt,0.0,gfidf,true,1
reut2-020.sgm-704.txt,0.0,idf,false,28
reut2-020.sgm-704.txt,0.0,idf,true,28
reut2-020.sgm-704.txt,0.0,logEntropy,false,28
reut2-020.sgm-704.txt,0.0,logEntropy,true,28
reut2-020.sgm-704.txt,0.0,normal,false,12
reut2-020.sgm-704.txt,0.0,normal,true,12
reut2-020.sgm-704.txt,0.0,tfidf,false,1
reut2-020.sgm-704.txt,0.0,tfidf,true,1
reut2-020.sgm-743.txt,0.0,binary,false,18
reut2-020.sgm-743.txt,0.0,binary,true,17
reut2-020.sgm-743.txt,0.0,count,false,18
reut2-020.sgm-743.txt,0.0,count,true,6
reut2-020.sgm-743.txt,0.0,gfidf,false,18
reut2-020.sgm-743.txt,0.0,gfidf,true,6
reut2-020.sgm-743.txt,0.0,idf,false,7
reut2-020.sgm-743.txt,0.0,idf,true,7
reut2-020.sgm-743.txt,0.0,logEntropy,false,18
reut2-020.sgm-743.txt,0.0,logEntropy,true,6
reut2-020.sgm-743.txt,0.0,normal,false,12
reut2-020.sgm-743.txt,0.0,normal,true,6
reut2-020.sgm-743.txt,0.0,tfidf,false,6
reut2-020.sgm-743.txt,0.0,tfidf,true,6
reut2-020.sgm-749.txt,1.8646771873140708,binary,false,7
reut2-020.sgm-749.txt,1.8646771873140708,binary,true,0
reut2-020.sgm-749.txt,1.8646771873140708,count,false,10
reut2-020.sgm-749.txt,1.8646771873140708,count,true,0
reut2-020.sgm-749.txt,1.8646771873140708,gfidf,false,10
reut2-020.sgm-749.txt,1.8646771873140708,gfidf,true,10
reut2-020.sgm-749.txt,1.8646771873140708,idf,false,7
reut2-020.sgm-749.txt,1.8646771873140708,idf,true,10
reut2-020.sgm-749.txt,1.8646771873140708,logEntropy,false,7
reut2-020.sgm-749.txt,1.8646771873140708,logEntropy,true,0
reut2-020.sgm-749.txt,1.8646771873140708,normal,false,1
reut2-020.sgm-749.txt,1.8646771873140708,normal,true,1
reut2-020.sgm-749.txt,1.8646771873140708,tfidf,false,10
reut2-020.sgm-749.txt,1.8646771873140708,tfidf,true,10
reut2-020.sgm-763.txt,0.0,binary,false,2
reut2-020.sgm-763.txt,0.0,binary,true,2
reut2-020.sgm-763.txt,0.0,count,false,28
reut2-020.sgm-763.txt,0.0,count,true,2
reut2-020.sgm-763.txt,0.0,gfidf,false,2
reut2-020.sgm-763.txt,0.0,gfidf,true,2
reut2-020.sgm-763.txt,0.0,idf,false,2
reut2-020.sgm-763.txt,0.0,idf,true,2
reut2-020.sgm-763.txt,0.0,logEntropy,false,2
reut2-020.sgm-763.txt,0.0,logEntropy,true,2
reut2-020.sgm-763.txt,0.0,normal,false,20
reut2-020.sgm-763.txt,0.0,normal,true,20
reut2-020.sgm-763.txt,0.0,tfidf,false,28
reut2-020.sgm-763.txt,0.0,tfidf,true,2
reut2-020.sgm-771.txt,0.0,binary,false,24
reut2-020.sgm-771.txt,0.0,binary,true,29
reut2-020.sgm-771.txt,0.0,count,false,32
reut2-020.sgm-771.txt,0.0,count,true,29
reut2-020.sgm-771.txt,0.0,gfidf,false,29
reut2-020.sgm-771.txt,0.0,gfidf,true,29
reut2-020.sgm-771.txt,0.0,idf,false,24
reut2-020.sgm-771.txt,0.0,idf,true,24
reut2-020.sgm-771.txt,0.0,logEntropy,false,32
reut2-020.sgm-771.txt,0.0,logEntropy,true,29
reut2-020.sgm-771.txt,0.0,normal,false,29
reut2-020.sgm-771.txt,0.0,normal,true,29
reut2-020.sgm-771.txt,0.0,tfidf,false,24
reut2-020.sgm-771.txt,0.0,tfidf,true,24
reut2-020.sgm-779.txt,0.0,binary,false,14
reut2-020.sgm-779.txt,0.0,binary,true,14
reut2-020.sgm-779.txt,0.0,count,false,14
reut2-020.sgm-779.txt,0.0,count,true,14
reut2-020.sgm-779.txt,0.0,gfidf,false,14
reut2-020.sgm-779.txt,0.0,gfidf,true,14
reut2-020.sgm-779.txt,0.0,idf,false,14
reut2-020.sgm-779.txt,0.0,idf,true,14
reut2-020.sgm-779.txt,0.0,logEntropy,false,14
reut2-020.sgm-779.txt,0.0,logEntropy,true,14
reut2-020.sgm-779.txt,0.0,normal,false,14
reut2-020.sgm-779.txt,0.0,normal,true,14
reut2-020.sgm-779.txt,0.0,tfidf,false,14
reut2-020.sgm-779.txt,0.0,tfidf,true,14
reut2-020.sgm-781.txt,0.0,binary,false,0
reut2-020.sgm-781.txt,0.0,binary,true,17
reut2-020.sgm-781.txt,0.0,count,false,0
reut2-020.sgm-781.txt,0.0,count,true,0
reut2-020.sgm-781.txt,0.0,gfidf,false,0
reut2-020.sgm-781.txt,0.0,gfidf,true,0
reut2-020.sgm-781.txt,0.0,idf,false,22
reut2-020.sgm-781.txt,0.0,idf,true,22
reut2-020.sgm-781.txt,0.0,logEntropy,false,0
reut2-020.sgm-781.txt,0.0,logEntropy,true,0
reut2-020.sgm-781.txt,0.0,normal,false,7
reut2-020.sgm-781.txt,0.0,normal,true,0
reut2-020.sgm-781.txt,0.0,tfidf,false,0
reut2-020.sgm-781.txt,0.0,tfidf,true,0
reut2-020.sgm-786.txt,0.0,binary,false,8
reut2-020.sgm-786.txt,0.0,binary,true,8
reut2-020.sgm-786.txt,0.0,count,false,8
reut2-020.sgm-786.txt,0.0,count,true,8
reut2-020.sgm-786.txt,0.0,gfidf,false,8
reut2-020.sgm-786.txt,0.0,gfidf,true,8
reut2-020.sgm-786.txt,0.0,idf,false,8
reut2-020.sgm-786.txt,0.0,idf,true,7
reut2-020.sgm-786.txt,0.0,logEntropy,false,8
reut2-020.sgm-786.txt,0.0,logEntropy,true,8
reut2-020.sgm-786.txt,0.0,normal,false,8
reut2-020.sgm-786.txt,0.0,normal,true,13
reut2-020.sgm-786.txt,0.0,tfidf,false,8
reut2-020.sgm-786.txt,0.0,tfidf,true,7
reut2-020.sgm-822.txt,2.0,binary,false,1
reut2-020.sgm-822.txt,2.0,binary,true,1
reut2-020.sgm-822.txt,2.0,count,false,1
reut2-020.sgm-822.txt,2.0,count,true,1
reut2-020.sgm-822.txt,2.0,gfidf,false,1
reut2-020.sgm-822.txt,2.0,gfidf,true,1
reut2-020.sgm-822.txt,2.0,idf,false,1
reut2-020.sgm-822.txt,2.0,idf,true,1
reut2-020.sgm-822.txt,2.0,logEntropy,false,1
reut2-020.sgm-822.txt,2.0,logEntropy,true,1
reut2-020.sgm-822.txt,2.0,normal,false,1
reut2-020.sgm-822.txt,2.0,normal,true,1
reut2-020.sgm-822.txt,2.0,tfidf,false,1
reut2-020.sgm-822.txt,2.0,tfidf,true,1
reut2-020.sgm-859.txt,0.0,binary,false,5
reut2-020.sgm-859.txt,0.0,binary,true,27
reut2-020.sgm-859.txt,0.0,count,false,27
reut2-020.sgm-859.txt,0.0,count,true,27
reut2-020.sgm-859.txt,0.0,gfidf,false,27
reut2-020.sgm-859.txt,0.0,gfidf,true,27
reut2-020.sgm-859.txt,0.0,idf,false,27
reut2-020.sgm-859.txt,0.0,idf,true,27
reut2-020.sgm-859.txt,0.0,logEntropy,false,27
reut2-020.sgm-859.txt,0.0,logEntropy,true,27
reut2-020.sgm-859.txt,0.0,normal,false,27
reut2-020.sgm-859.txt,0.0,normal,true,27
reut2-020.sgm-859.txt,0.0,tfidf,false,27
reut2-020.sgm-859.txt,0.0,tfidf,true,27
reut2-020.sgm-860.txt,0.0,binary,false,0
reut2-020.sgm-860.txt,0.0,binary,true,13
reut2-020.sgm-860.txt,0.0,count,false,0
reut2-020.sgm-860.txt,0.0,count,true,0
reut2-020.sgm-860.txt,0.0,gfidf,false,0
reut2-020.sgm-860.txt,0.0,gfidf,true,13
reut2-020.sgm-860.txt,0.0,idf,false,0
reut2-020.sgm-860.txt,0.0,idf,true,13
reut2-020.sgm-860.txt,0.0,logEntropy,false,0
reut2-020.sgm-860.txt,0.0,logEntropy,true,0
reut2-020.sgm-860.txt,0.0,normal,false,0
reut2-020.sgm-860.txt,0.0,normal,true,0
reut2-020.sgm-860.txt,0.0,tfidf,false,0
reut2-020.sgm-860.txt,0.0,tfidf,true,19
reut2-020.sgm-863.txt,0.0,binary,false,3
reut2-020.sgm-863.txt,0.0,binary,true,3
reut2-020.sgm-863.txt,0.0,count,false,3
reut2-020.sgm-863.txt,0.0,count,true,3
reut2-020.sgm-863.txt,0.0,gfidf,false,3
reut2-020.sgm-863.txt,0.0,gfidf,true,3
reut2-020.sgm-863.txt,0.0,idf,false,3
reut2-020.sgm-863.txt,0.0,idf,true,3
reut2-020.sgm-863.txt,0.0,logEntropy,false,3
reut2-020.sgm-863.txt,0.0,logEntropy,true,3
reut2-020.sgm-863.txt,0.0,normal,false,3
reut2-020.sgm-863.txt,0.0,normal,true,1
reut2-020.sgm-863.txt,0.0,tfidf,false,3
reut2-020.sgm-863.txt,0.0,tfidf,true,3
reut2-020.sgm-864.txt,0.0,binary,false,16
reut2-020.sgm-864.txt,0.0,binary,true,10
reut2-020.sgm-864.txt,0.0,count,false,16
reut2-020.sgm-864.txt,0.0,count,true,16
reut2-020.sgm-864.txt,0.0,gfidf,false,16
reut2-020.sgm-864.txt,0.0,gfidf,true,16
reut2-020.sgm-864.txt,0.0,idf,false,16
reut2-020.sgm-864.txt,0.0,idf,true,16
reut2-020.sgm-864.txt,0.0,logEntropy,false,16
reut2-020.sgm-864.txt,0.0,logEntropy,true,16
reut2-020.sgm-864.txt,0.0,normal,false,16
reut2-020.sgm-864.txt,0.0,normal,true,15
reut2-020.sgm-864.txt,0.0,tfidf,false,16
reut2-020.sgm-864.txt,0.0,tfidf,true,16
reut2-020.sgm-866.txt,0.0,binary,false,4
reut2-020.sgm-866.txt,0.0,binary,true,4
reut2-020.sgm-866.txt,0.0,count,false,4
reut2-020.sgm-866.txt,0.0,count,true,4
reut2-020.sgm-866.txt,0.0,gfidf,false,4
reut2-020.sgm-866.txt,0.0,gfidf,true,4
reut2-020.sgm-866.txt,0.0,idf,false,4
reut2-020.sgm-866.txt,0.0,idf,true,45
reut2-020.sgm-866.txt,0.0,logEntropy,false,4
reut2-020.sgm-866.txt,0.0,logEntropy,true,4
reut2-020.sgm-866.txt,0.0,normal,false,4
reut2-020.sgm-866.txt,0.0,normal,true,4
reut2-020.sgm-866.txt,0.0,tfidf,false,0
reut2-020.sgm-866.txt,0.0,tfidf,true,45
reut2-020.sgm-867.txt,0.0,binary,false,15
reut2-020.sgm-867.txt,0.0,binary,true,1
reut2-020.sgm-867.txt,0.0,count,false,18
reut2-020.sgm-867.txt,0.0,count,true,10
reut2-020.sgm-867.txt,0.0,gfidf,false,2
reut2-020.sgm-867.txt,0.0,gfidf,true,1
reut2-020.sgm-867.txt,0.0,idf,false,18
reut2-020.sgm-867.txt,0.0,idf,true,1
reut2-020.sgm-867.txt,0.0,logEntropy,false,2
reut2-020.sgm-867.txt,0.0,logEntropy,true,1
reut2-020.sgm-867.txt,0.0,normal,false,2
reut2-020.sgm-867.txt,0.0,normal,true,2
reut2-020.sgm-867.txt,0.0,tfidf,false,10
reut2-020.sgm-867.txt,0.0,tfidf,true,10
reut2-020.sgm-896.txt,0.0,binary,false,1
reut2-020.sgm-896.txt,0.0,binary,true,1
reut2-020.sgm-896.txt,0.0,count,false,1
reut2-020.sgm-896.txt,0.0,count,true,7
reut2-020.sgm-896.txt,0.0,gfidf,false,1
reut2-020.sgm-896.txt,0.0,gfidf,true,1
reut2-020.sgm-896.txt,0.0,idf,false,4
reut2-020.sgm-896.txt,0.0,idf,true,7
reut2-020.sgm-896.txt,0.0,logEntropy,false,1
reut2-020.sgm-896.txt,0.0,logEntropy,true,7
reut2-020.sgm-896.txt,0.0,normal,false,1
reut2-020.sgm-896.txt,0.0,normal,true,1
reut2-020.sgm-896.txt,0.0,tfidf,false,9
reut2-020.sgm-896.txt,0.0,tfidf,true,7
reut2-020.sgm-923.txt,0.0,binary,false,20
reut2-020.sgm-923.txt,0.0,binary,true,20
reut2-020.sgm-923.txt,0.0,count,false,24
reut2-020.sgm-923.txt,0.0,count,true,24
reut2-020.sgm-923.txt,0.0,gfidf,false,27
reut2-020.sgm-923.txt,0.0,gfidf,true,24
reut2-020.sgm-923.txt,0.0,idf,false,20
reut2-020.sgm-923.txt,0.0,idf,true,28
reut2-020.sgm-923.txt,0.0,logEntropy,false,20
reut2-020.sgm-923.txt,0.0,logEntropy,true,24
reut2-020.sgm-923.txt,0.0,normal,false,0
reut2-020.sgm-923.txt,0.0,normal,true,0
reut2-020.sgm-923.txt,0.0,tfidf,false,28
reut2-020.sgm-923.txt,0.0,tfidf,true,28
reut2-020.sgm-927.txt,2.7662096168633887,binary,false,1
reut2-020.sgm-927.txt,2.7662096168633887,binary,true,2
reut2-020.sgm-927.txt,2.7662096168633887,count,false,0
reut2-020.sgm-927.txt,2.7662096168633887,count,true,1
reut2-020.sgm-927.txt,2.7662096168633887,gfidf,false,0
reut2-020.sgm-927.txt,2.7662096168633887,gfidf,true,2
reut2-020.sgm-927.txt,2.7662096168633887,idf,false,1
reut2-020.sgm-927.txt,2.7662096168633887,idf,true,1
reut2-020.sgm-927.txt,2.7662096168633887,logEntropy,false,0
reut2-020.sgm-927.txt,2.7662096168633887,logEntropy,true,2
reut2-020.sgm-927.txt,2.7662096168633887,normal,false,0
reut2-020.sgm-927.txt,2.7662096168633887,normal,true,0
reut2-020.sgm-927.txt,2.7662096168633887,tfidf,false,16
reut2-020.sgm-927.txt,2.7662096168633887,tfidf,true,1
reut2-020.sgm-94.txt,0.0,binary,false,4
reut2-020.sgm-94.txt,0.0,binary,true,1
reut2-020.sgm-94.txt,0.0,count,false,4
reut2-020.sgm-94.txt,0.0,count,true,11
reut2-020.sgm-94.txt,0.0,gfidf,false,4
reut2-020.sgm-94.txt,0.0,gfidf,true,11
reut2-020.sgm-94.txt,0.0,idf,false,6
reut2-020.sgm-94.txt,0.0,idf,true,6
reut2-020.sgm-94.txt,0.0,logEntropy,false,4
reut2-020.sgm-94.txt,0.0,logEntropy,true,11
reut2-020.sgm-94.txt,0.0,normal,false,4
reut2-020.sgm-94.txt,0.0,normal,true,1
reut2-020.sgm-94.txt,0.0,tfidf,false,11
reut2-020.sgm-94.txt,0.0,tfidf,true,11
reut2-020.sgm-954.txt,2.486637103616606,binary,false,1
reut2-020.sgm-954.txt,2.486637103616606,binary,true,1
reut2-020.sgm-954.txt,2.486637103616606,count,false,1
reut2-020.sgm-954.txt,2.486637103616606,count,true,1
reut2-020.sgm-954.txt,2.486637103616606,gfidf,false,1
reut2-020.sgm-954.txt,2.486637103616606,gfidf,true,1
reut2-020.sgm-954.txt,2.486637103616606,idf,false,1
reut2-020.sgm-954.txt,2.486637103616606,idf,true,1
reut2-020.sgm-954.txt,2.486637103616606,logEntropy,false,1
reut2-020.sgm-954.txt,2.486637103616606,logEntropy,true,1
reut2-020.sgm-954.txt,2.486637103616606,normal,false,0
reut2-020.sgm-954.txt,2.486637103616606,normal,true,0
reut2-020.sgm-954.txt,2.486637103616606,tfidf,false,1
reut2-020.sgm-954.txt,2.486637103616606,tfidf,true,1
reut2-020.sgm-98.txt,3.1349887461738732,binary,false,1
reut2-020.sgm-98.txt,3.1349887461738732,binary,true,1
reut2-020.sgm-98.txt,3.1349887461738732,count,false,0
reut2-020.sgm-98.txt,3.1349887461738732,count,true,0
reut2-020.sgm-98.txt,3.1349887461738732,gfidf,false,1
reut2-020.sgm-98.txt,3.1349887461738732,gfidf,true,1
reut2-020.sgm-98.txt,3.1349887461738732,idf,false,1
reut2-020.sgm-98.txt,3.1349887461738732,idf,true,1
reut2-020.sgm-98.txt,3.1349887461738732,logEntropy,false,1
reut2-020.sgm-98.txt,3.1349887461738732,logEntropy,true,1
reut2-020.sgm-98.txt,3.1349887461738732,normal,false,1
reut2-020.sgm-98.txt,3.1349887461738732,normal,true,1
reut2-020.sgm-98.txt,3.1349887461738732,tfidf,false,1
reut2-020.sgm-98.txt,3.1349887461738732,tfidf,true,1
reut2-021.sgm-1.txt,0.0,binary,false,20
reut2-021.sgm-1.txt,0.0,binary,true,20
reut2-021.sgm-1.txt,0.0,count,false,23
reut2-021.sgm-1.txt,0.0,count,true,20
reut2-021.sgm-1.txt,0.0,gfidf,false,23
reut2-021.sgm-1.txt,0.0,gfidf,true,20
reut2-021.sgm-1.txt,0.0,idf,false,20
reut2-021.sgm-1.txt,0.0,idf,true,26
reut2-021.sgm-1.txt,0.0,logEntropy,false,23
reut2-021.sgm-1.txt,0.0,logEntropy,true,20
reut2-021.sgm-1.txt,0.0,normal,false,14
reut2-021.sgm-1.txt,0.0,normal,true,3
reut2-021.sgm-1.txt,0.0,tfidf,false,7
reut2-021.sgm-1.txt,0.0,tfidf,true,7
reut2-021.sgm-114.txt,2.320258772320326,binary,false,11
reut2-021.sgm-114.txt,2.320258772320326,binary,true,11
reut2-021.sgm-114.txt,2.320258772320326,count,false,0
reut2-021.sgm-114.txt,2.320258772320326,count,true,7
reut2-021.sgm-114.txt,2.320258772320326,gfidf,false,11
reut2-021.sgm-114.txt,2.320258772320326,gfidf,true,11
reut2-021.sgm-114.txt,2.320258772320326,idf,false,11
reut2-021.sgm-114.txt,2.320258772320326,idf,true,11
reut2-021.sgm-114.txt,2.320258772320326,logEntropy,false,11
reut2-021.sgm-114.txt,2.320258772320326,logEntropy,true,0
reut2-021.sgm-114.txt,2.320258772320326,normal,false,0
reut2-021.sgm-114.txt,2.320258772320326,normal,true,0
reut2-021.sgm-114.txt,2.320258772320326,tfidf,false,11
reut2-021.sgm-114.txt,2.320258772320326,tfidf,true,11
reut2-021.sgm-12.txt,0.0,binary,false,3
reut2-021.sgm-12.txt,0.0,binary,true,12
reut2-021.sgm-12.txt,0.0,count,false,12
reut2-021.sgm-12.txt,0.0,count,true,12
reut2-021.sgm-12.txt,0.0,gfidf,false,12
reut2-021.sgm-12.txt,0.0,gfidf,true,12
reut2-021.sgm-12.txt,0.0,idf,false,12
reut2-021.sgm-12.txt,0.0,idf,true,12
reut2-021.sgm-12.txt,0.0,logEntropy,false,12
reut2-021.sgm-12.txt,0.0,logEntropy,true,12
reut2-021.sgm-12.txt,0.0,normal,false,3
reut2-021.sgm-12.txt,0.0,normal,true,3
reut2-021.sgm-12.txt,0.0,tfidf,false,12
reut2-021.sgm-12.txt,0.0,tfidf,true,12
reut2-021.sgm-130.txt,0.0,binary,false,3
reut2-021.sgm-130.txt,0.0,binary,true,3
reut2-021.sgm-130.txt,0.0,count,false,3
reut2-021.sgm-130.txt,0.0,count,true,3
reut2-021.sgm-130.txt,0.0,gfidf,false,3
reut2-021.sgm-130.txt,0.0,gfidf,true,3
reut2-021.sgm-130.txt,0.0,idf,false,3
reut2-021.sgm-130.txt,0.0,idf,true,41
reut2-021.sgm-130.txt,0.0,logEntropy,false,3
reut2-021.sgm-130.txt,0.0,logEntropy,true,3
reut2-021.sgm-130.txt,0.0,normal,false,37
reut2-021.sgm-130.txt,0.0,normal,true,37
reut2-021.sgm-130.txt,0.0,tfidf,false,41
reut2-021.sgm-130.txt,0.0,tfidf,true,41
reut2-021.sgm-250.txt,0.0,binary,false,11
reut2-021.sgm-250.txt,0.0,binary,true,15
reut2-021.sgm-250.txt,0.0,count,false,15
reut2-021.sgm-250.txt,0.0,count,true,15
reut2-021.sgm-250.txt,0.0,gfidf,false,15
reut2-021.sgm-250.txt,0.0,gfidf,true,15
reut2-021.sgm-250.txt,0.0,idf,false,11
reut2-021.sgm-250.txt,0.0,idf,true,15
reut2-021.sgm-250.txt,0.0,logEntropy,false,15
reut2-021.sgm-250.txt,0.0,logEntropy,true,15
reut2-021.sgm-250.txt,0.0,normal,false,15
reut2-021.sgm-250.txt,0.0,normal,true,15
reut2-021.sgm-250.txt,0.0,tfidf,false,15
reut2-021.sgm-250.txt,0.0,tfidf,true,15
reut2-021.sgm-272.txt,0.0,binary,false,9
reut2-021.sgm-272.txt,0.0,binary,true,6
reut2-021.sgm-272.txt,0.0,count,false,6
reut2-021.sgm-272.txt,0.0,count,true,6
reut2-021.sgm-272.txt,0.0,gfidf,false,6
reut2-021.sgm-272.txt,0.0,gfidf,true,6
reut2-021.sgm-272.txt,0.0,idf,false,9
reut2-021.sgm-272.txt,0.0,idf,true,6
reut2-021.sgm-272.txt,0.0,logEntropy,false,6
reut2-021.sgm-272.txt,0.0,logEntropy,true,6
reut2-021.sgm-272.txt,0.0,normal,false,0
reut2-021.sgm-272.txt,0.0,normal,true,0
reut2-021.sgm-272.txt,0.0,tfidf,false,6
reut2-021.sgm-272.txt,0.0,tfidf,true,6
reut2-021.sgm-276.txt,4.3610267508422345,binary,false,0
reut2-021.sgm-276.txt,4.3610267508422345,binary,true,0
reut2-021.sgm-276.txt,4.3610267508422345,count,false,0
reut2-021.sgm-276.txt,4.3610267508422345,count,true,0
reut2-021.sgm-276.txt,4.3610267508422345,gfidf,false,0
reut2-021.sgm-276.txt,4.3610267508422345,gfidf,true,0
reut2-021.sgm-276.txt,4.3610267508422345,idf,false,1
reut2-021.sgm-276.txt,4.3610267508422345,idf,true,0
reut2-021.sgm-276.txt,4.3610267508422345,logEntropy,false,0
reut2-021.sgm-276.txt,4.3610267508422345,logEntropy,true,0
reut2-021.sgm-276.txt,4.3610267508422345,normal,false,0
reut2-021.sgm-276.txt,4.3610267508422345,normal,true,0
reut2-021.sgm-276.txt,4.3610267508422345,tfidf,false,1
reut2-021.sgm-276.txt,4.3610267508422345,tfidf,true,0
reut2-021.sgm-303.txt,0.0,binary,false,14
reut2-021.sgm-303.txt,0.0,binary,true,14
reut2-021.sgm-303.txt,0.0,count,false,14
reut2-021.sgm-303.txt,0.0,count,true,7
reut2-021.sgm-303.txt,0.0,gfidf,false,14
reut2-021.sgm-303.txt,0.0,gfidf,true,14
reut2-021.sgm-303.txt,0.0,idf,false,14
reut2-021.sgm-303.txt,0.0,idf,true,14
reut2-021.sgm-303.txt,0.0,logEntropy,false,14
reut2-021.sgm-303.txt,0.0,logEntropy,true,14
reut2-021.sgm-303.txt,0.0,normal,false,7
reut2-021.sgm-303.txt,0.0,normal,true,11
reut2-021.sgm-303.txt,0.0,tfidf,false,14
reut2-021.sgm-303.txt,0.0,tfidf,true,14
reut2-021.sgm-320.txt,2.0,binary,false,7
reut2-021.sgm-320.txt,2.0,binary,true,7
reut2-021.sgm-320.txt,2.0,count,false,7
reut2-021.sgm-320.txt,2.0,count,true,7
reut2-021.sgm-320.txt,2.0,gfidf,false,7
reut2-021.sgm-320.txt,2.0,gfidf,true,7
reut2-021.sgm-320.txt,2.0,idf,false,7
reut2-021.sgm-320.txt,2.0,idf,true,7
reut2-021.sgm-320.txt,2.0,logEntropy,false,7
reut2-021.sgm-320.txt,2.0,logEntropy,true,7
reut2-021.sgm-320.txt,2.0,normal,false,7
reut2-021.sgm-320.txt,2.0,normal,true,7
reut2-021.sgm-320.txt,2.0,tfidf,false,7
reut2-021.sgm-320.txt,2.0,tfidf,true,7
reut2-021.sgm-339.txt,0.0,binary,false,9
reut2-021.sgm-339.txt,0.0,binary,true,9
reut2-021.sgm-339.txt,0.0,count,false,9
reut2-021.sgm-339.txt,0.0,count,true,9
reut2-021.sgm-339.txt,0.0,gfidf,false,9
reut2-021.sgm-339.txt,0.0,gfidf,true,9
reut2-021.sgm-339.txt,0.0,idf,false,30
reut2-021.sgm-339.txt,0.0,idf,true,9
reut2-021.sgm-339.txt,0.0,logEntropy,false,9
reut2-021.sgm-339.txt,0.0,logEntropy,true,9
reut2-021.sgm-339.txt,0.0,normal,false,1
reut2-021.sgm-339.txt,0.0,normal,true,1
reut2-021.sgm-339.txt,0.0,tfidf,false,30
reut2-021.sgm-339.txt,0.0,tfidf,true,25
reut2-021.sgm-346.txt,0.0,binary,false,0
reut2-021.sgm-346.txt,0.0,binary,true,9
reut2-021.sgm-346.txt,0.0,count,false,5
reut2-021.sgm-346.txt,0.0,count,true,5
reut2-021.sgm-346.txt,0.0,gfidf,false,5
reut2-021.sgm-346.txt,0.0,gfidf,true,5
reut2-021.sgm-346.txt,0.0,idf,false,0
reut2-021.sgm-346.txt,0.0,idf,true,9
reut2-021.sgm-346.txt,0.0,logEntropy,false,0
reut2-021.sgm-346.txt,0.0,logEntropy,true,9
reut2-021.sgm-346.txt,0.0,normal,false,0
reut2-021.sgm-346.txt,0.0,normal,true,0
reut2-021.sgm-346.txt,0.0,tfidf,false,5
reut2-021.sgm-346.txt,0.0,tfidf,true,5
reut2-021.sgm-367.txt,0.0,binary,false,7
reut2-021.sgm-367.txt,0.0,binary,true,7
reut2-021.sgm-367.txt,0.0,count,false,16
reut2-021.sgm-367.txt,0.0,count,true,16
reut2-021.sgm-367.txt,0.0,gfidf,false,7
reut2-021.sgm-367.txt,0.0,gfidf,true,7
reut2-021.sgm-367.txt,0.0,idf,false,7
reut2-021.sgm-367.txt,0.0,idf,true,7
reut2-021.sgm-367.txt,0.0,logEntropy,false,10
reut2-021.sgm-367.txt,0.0,logEntropy,true,7
reut2-021.sgm-367.txt,0.0,normal,false,10
reut2-021.sgm-367.txt,0.0,normal,true,10
reut2-021.sgm-367.txt,0.0,tfidf,false,7
reut2-021.sgm-367.txt,0.0,tfidf,true,7
reut2-021.sgm-380.txt,0.0,binary,false,0
reut2-021.sgm-380.txt,0.0,binary,true,0
reut2-021.sgm-380.txt,0.0,count,false,0
reut2-021.sgm-380.txt,0.0,count,true,0
reut2-021.sgm-380.txt,0.0,gfidf,false,0
reut2-021.sgm-380.txt,0.0,gfidf,true,0
reut2-021.sgm-380.txt,0.0,idf,false,7
reut2-021.sgm-380.txt,0.0,idf,true,7
reut2-021.sgm-380.txt,0.0,logEntropy,false,0
reut2-021.sgm-380.txt,0.0,logEntropy,true,0
reut2-021.sgm-380.txt,0.0,normal,false,0
reut2-021.sgm-380.txt,0.0,normal,true,0
reut2-021.sgm-380.txt,0.0,tfidf,false,7
reut2-021.sgm-380.txt,0.0,tfidf,true,7
reut2-021.sgm-421.txt,0.0,binary,false,7
reut2-021.sgm-421.txt,0.0,binary,true,7
reut2-021.sgm-421.txt,0.0,count,false,7
reut2-021.sgm-421.txt,0.0,count,true,7
reut2-021.sgm-421.txt,0.0,gfidf,false,7
reut2-021.sgm-421.txt,0.0,gfidf,true,7
reut2-021.sgm-421.txt,0.0,idf,false,7
reut2-021.sgm-421.txt,0.0,idf,true,7
reut2-021.sgm-421.txt,0.0,logEntropy,false,7
reut2-021.sgm-421.txt,0.0,logEntropy,true,7
reut2-021.sgm-421.txt,0.0,normal,false,7
reut2-021.sgm-421.txt,0.0,normal,true,11
reut2-021.sgm-421.txt,0.0,tfidf,false,7
reut2-021.sgm-421.txt,0.0,tfidf,true,7
reut2-021.sgm-422.txt,0.0,binary,false,5
reut2-021.sgm-422.txt,0.0,binary,true,5
reut2-021.sgm-422.txt,0.0,count,false,5
reut2-021.sgm-422.txt,0.0,count,true,5
reut2-021.sgm-422.txt,0.0,gfidf,false,5
reut2-021.sgm-422.txt,0.0,gfidf,true,5
reut2-021.sgm-422.txt,0.0,idf,false,5
reut2-021.sgm-422.txt,0.0,idf,true,5
reut2-021.sgm-422.txt,0.0,logEntropy,false,5
reut2-021.sgm-422.txt,0.0,logEntropy,true,5
reut2-021.sgm-422.txt,0.0,normal,false,0
reut2-021.sgm-422.txt,0.0,normal,true,8
reut2-021.sgm-422.txt,0.0,tfidf,false,5
reut2-021.sgm-422.txt,0.0,tfidf,true,5
reut2-021.sgm-437.txt,2.320258772320326,binary,false,0
reut2-021.sgm-437.txt,2.320258772320326,binary,true,2
reut2-021.sgm-437.txt,2.320258772320326,count,false,2
reut2-021.sgm-437.txt,2.320258772320326,count,true,2
reut2-021.sgm-437.txt,2.320258772320326,gfidf,false,2
reut2-021.sgm-437.txt,2.320258772320326,gfidf,true,2
reut2-021.sgm-437.txt,2.320258772320326,idf,false,0
reut2-021.sgm-437.txt,2.320258772320326,idf,true,2
reut2-021.sgm-437.txt,2.320258772320326,logEntropy,false,2
reut2-021.sgm-437.txt,2.320258772320326,logEntropy,true,2
reut2-021.sgm-437.txt,2.320258772320326,normal,false,0
reut2-021.sgm-437.txt,2.320258772320326,normal,true,0
reut2-021.sgm-437.txt,2.320258772320326,tfidf,false,2
reut2-021.sgm-437.txt,2.320258772320326,tfidf,true,2
reut2-021.sgm-458.txt,0.0,binary,false,19
reut2-021.sgm-458.txt,0.0,binary,true,19
reut2-021.sgm-458.txt,0.0,count,false,19
reut2-021.sgm-458.txt,0.0,count,true,19
reut2-021.sgm-458.txt,0.0,gfidf,false,19
reut2-021.sgm-458.txt,0.0,gfidf,true,19
reut2-021.sgm-458.txt,0.0,idf,false,19
reut2-021.sgm-458.txt,0.0,idf,true,16
reut2-021.sgm-458.txt,0.0,logEntropy,false,19
reut2-021.sgm-458.txt,0.0,logEntropy,true,19
reut2-021.sgm-458.txt,0.0,normal,false,19
reut2-021.sgm-458.txt,0.0,normal,true,19
reut2-021.sgm-458.txt,0.0,tfidf,false,19
reut2-021.sgm-458.txt,0.0,tfidf,true,16
reut2-021.sgm-472.txt,2.2081790273476245,binary,false,9
reut2-021.sgm-472.txt,2.2081790273476245,binary,true,0
reut2-021.sgm-472.txt,2.2081790273476245,count,false,9
reut2-021.sgm-472.txt,2.2081790273476245,count,true,8
reut2-021.sgm-472.txt,2.2081790273476245,gfidf,false,9
reut2-021.sgm-472.txt,2.2081790273476245,gfidf,true,0
reut2-021.sgm-472.txt,2.2081790273476245,idf,false,9
reut2-021.sgm-472.txt,2.2081790273476245,idf,true,0
reut2-021.sgm-472.txt,2.2081790273476245,logEntropy,false,9
reut2-021.sgm-472.txt,2.2081790273476245,logEntropy,true,0
reut2-021.sgm-472.txt,2.2081790273476245,normal,false,0
reut2-021.sgm-472.txt,2.2081790273476245,normal,true,0
reut2-021.sgm-472.txt,2.2081790273476245,tfidf,false,9
reut2-021.sgm-472.txt,2.2081790273476245,tfidf,true,0
reut2-021.sgm-485.txt,0.0,binary,false,29
reut2-021.sgm-485.txt,0.0,binary,true,18
reut2-021.sgm-485.txt,0.0,count,false,18
reut2-021.sgm-485.txt,0.0,count,true,18
reut2-021.sgm-485.txt,0.0,gfidf,false,29
reut2-021.sgm-485.txt,0.0,gfidf,true,14
reut2-021.sgm-485.txt,0.0,idf,false,29
reut2-021.sgm-485.txt,0.0,idf,true,18
reut2-021.sgm-485.txt,0.0,logEntropy,false,29
reut2-021.sgm-485.txt,0.0,logEntropy,true,18
reut2-021.sgm-485.txt,0.0,normal,false,18
reut2-021.sgm-485.txt,0.0,normal,true,18
reut2-021.sgm-485.txt,0.0,tfidf,false,29
reut2-021.sgm-485.txt,0.0,tfidf,true,18
reut2-021.sgm-499.txt,0.0,binary,false,11
reut2-021.sgm-499.txt,0.0,binary,true,3
reut2-021.sgm-499.txt,0.0,count,false,15
reut2-021.sgm-499.txt,0.0,count,true,15
reut2-021.sgm-499.txt,0.0,gfidf,false,3
reut2-021.sgm-499.txt,0.0,gfidf,true,3
reut2-021.sgm-499.txt,0.0,idf,false,11
reut2-021.sgm-499.txt,0.0,idf,true,11
reut2-021.sgm-499.txt,0.0,logEntropy,false,3
reut2-021.sgm-499.txt,0.0,logEntropy,true,3
reut2-021.sgm-499.txt,0.0,normal,false,3
reut2-021.sgm-499.txt,0.0,normal,true,3
reut2-021.sgm-499.txt,0.0,tfidf,false,11
reut2-021.sgm-499.txt,0.0,tfidf,true,11
reut2-021.sgm-5.txt,0.0,binary,false,14
reut2-021.sgm-5.txt,0.0,binary,true,2
reut2-021.sgm-5.txt,0.0,count,false,14
reut2-021.sgm-5.txt,0.0,count,true,2
reut2-021.sgm-5.txt,0.0,gfidf,false,14
reut2-021.sgm-5.txt,0.0,gfidf,true,2
reut2-021.sgm-5.txt,0.0,idf,false,14
reut2-021.sgm-5.txt,0.0,idf,true,9
reut2-021.sgm-5.txt,0.0,logEntropy,false,14
reut2-021.sgm-5.txt,0.0,logEntropy,true,2
reut2-021.sgm-5.txt,0.0,normal,false,14
reut2-021.sgm-5.txt,0.0,normal,true,14
reut2-021.sgm-5.txt,0.0,tfidf,false,9
reut2-021.sgm-5.txt,0.0,tfidf,true,9
reut2-021.sgm-507.txt,0.0,binary,false,10
reut2-021.sgm-507.txt,0.0,binary,true,10
reut2-021.sgm-507.txt,0.0,count,false,10
reut2-021.sgm-507.txt,0.0,count,true,26
reut2-021.sgm-507.txt,0.0,gfidf,false,10
reut2-021.sgm-507.txt,0.0,gfidf,true,10
reut2-021.sgm-507.txt,0.0,idf,false,6
reut2-021.sgm-507.txt,0.0,idf,true,26
reut2-021.sgm-507.txt,0.0,logEntropy,false,10
reut2-021.sgm-507.txt,0.0,logEntropy,true,26
reut2-021.sgm-507.txt,0.0,normal,false,1
reut2-021.sgm-507.txt,0.0,normal,true,1
reut2-021.sgm-507.txt,0.0,tfidf,false,10
reut2-021.sgm-507.txt,0.0,tfidf,true,32
reut2-021.sgm-524.txt,4.0,binary,false,0
reut2-021.sgm-524.txt,4.0,binary,true,0
reut2-021.sgm-524.txt,4.0,count,false,0
reut2-021.sgm-524.txt,4.0,count,true,0
reut2-021.sgm-524.txt,4.0,gfidf,false,0
reut2-021.sgm-524.txt,4.0,gfidf,true,0
reut2-021.sgm-524.txt,4.0,idf,false,0
reut2-021.sgm-524.txt,4.0,idf,true,0
reut2-021.sgm-524.txt,4.0,logEntropy,false,0
reut2-021.sgm-524.txt,4.0,logEntropy,true,0
reut2-021.sgm-524.txt,4.0,normal,false,0
reut2-021.sgm-524.txt,4.0,normal,true,0
reut2-021.sgm-524.txt,4.0,tfidf,false,0
reut2-021.sgm-524.txt,4.0,tfidf,true,0
reut2-021.sgm-541.txt,0.0,binary,false,26
reut2-021.sgm-541.txt,0.0,binary,true,2
reut2-021.sgm-541.txt,0.0,count,false,31
reut2-021.sgm-541.txt,0.0,count,true,31
reut2-021.sgm-541.txt,0.0,gfidf,false,26
reut2-021.sgm-541.txt,0.0,gfidf,true,29
reut2-021.sgm-541.txt,0.0,idf,false,26
reut2-021.sgm-541.txt,0.0,idf,true,2
reut2-021.sgm-541.txt,0.0,logEntropy,false,26
reut2-021.sgm-541.txt,0.0,logEntropy,true,29
reut2-021.sgm-541.txt,0.0,normal,false,29
reut2-021.sgm-541.txt,0.0,normal,true,29
reut2-021.sgm-541.txt,0.0,tfidf,false,31
reut2-021.sgm-541.txt,0.0,tfidf,true,31
reut2-021.sgm-546.txt,2.4380273084089508,binary,false,8
reut2-021.sgm-546.txt,2.4380273084089508,binary,true,8
reut2-021.sgm-546.txt,2.4380273084089508,count,false,0
reut2-021.sgm-546.txt,2.4380273084089508,count,true,0
reut2-021.sgm-546.txt,2.4380273084089508,gfidf,false,8
reut2-021.sgm-546.txt,2.4380273084089508,gfidf,true,0
reut2-021.sgm-546.txt,2.4380273084089508,idf,false,8
reut2-021.sgm-546.txt,2.4380273084089508,idf,true,2
reut2-021.sgm-546.txt,2.4380273084089508,logEntropy,false,0
reut2-021.sgm-546.txt,2.4380273084089508,logEntropy,true,0
reut2-021.sgm-546.txt,2.4380273084089508,normal,false,0
reut2-021.sgm-546.txt,2.4380273084089508,normal,true,0
reut2-021.sgm-546.txt,2.4380273084089508,tfidf,false,8
reut2-021.sgm-546.txt,2.4380273084089508,tfidf,true,2
reut2-021.sgm-556.txt,0.0,binary,false,3
reut2-021.sgm-556.txt,0.0,binary,true,0
reut2-021.sgm-556.txt,0.0,count,false,0
reut2-021.sgm-556.txt,0.0,count,true,0
reut2-021.sgm-556.txt,0.0,gfidf,false,3
reut2-021.sgm-556.txt,0.0,gfidf,true,15
reut2-021.sgm-556.txt,0.0,idf,false,3
reut2-021.sgm-556.txt,0.0,idf,true,16
reut2-021.sgm-556.txt,0.0,logEntropy,false,0
reut2-021.sgm-556.txt,0.0,logEntropy,true,0
reut2-021.sgm-556.txt,0.0,normal,false,0
reut2-021.sgm-556.txt,0.0,normal,true,0
reut2-021.sgm-556.txt,0.0,tfidf,false,11
reut2-021.sgm-556.txt,0.0,tfidf,true,20
reut2-021.sgm-571.txt,0.0,binary,false,19
reut2-021.sgm-571.txt,0.0,binary,true,0
reut2-021.sgm-571.txt,0.0,count,false,17
reut2-021.sgm-571.txt,0.0,count,true,17
reut2-021.sgm-571.txt,0.0,gfidf,false,19
reut2-021.sgm-571.txt,0.0,gfidf,true,0
reut2-021.sgm-571.txt,0.0,idf,false,19
reut2-021.sgm-571.txt,0.0,idf,true,0
reut2-021.sgm-571.txt,0.0,logEntropy,false,19
reut2-021.sgm-571.txt,0.0,logEntropy,true,0
reut2-021.sgm-571.txt,0.0,normal,false,18
reut2-021.sgm-571.txt,0.0,normal,true,18
reut2-021.sgm-571.txt,0.0,tfidf,false,19
reut2-021.sgm-571.txt,0.0,tfidf,true,10
reut2-021.sgm-572.txt,0.0,binary,false,23
reut2-021.sgm-572.txt,0.0,binary,true,21
reut2-021.sgm-572.txt,0.0,count,false,23
reut2-021.sgm-572.txt,0.0,count,true,21
reut2-021.sgm-572.txt,0.0,gfidf,false,23
reut2-021.sgm-572.txt,0.0,gfidf,true,21
reut2-021.sgm-572.txt,0.0,idf,false,10
reut2-021.sgm-572.txt,0.0,idf,true,3
reut2-021.sgm-572.txt,0.0,logEntropy,false,23
reut2-021.sgm-572.txt,0.0,logEntropy,true,21
reut2-021.sgm-572.txt,0.0,normal,false,23
reut2-021.sgm-572.txt,0.0,normal,true,23
reut2-021.sgm-572.txt,0.0,tfidf,false,10
reut2-021.sgm-572.txt,0.0,tfidf,true,10
reut2-021.sgm-574.txt,0.0,binary,false,7
reut2-021.sgm-574.txt,0.0,binary,true,7
reut2-021.sgm-574.txt,0.0,count,false,11
reut2-021.sgm-574.txt,0.0,count,true,11
reut2-021.sgm-574.txt,0.0,gfidf,false,11
reut2-021.sgm-574.txt,0.0,gfidf,true,11
reut2-021.sgm-574.txt,0.0,idf,false,7
reut2-021.sgm-574.txt,0.0,idf,true,7
reut2-021.sgm-574.txt,0.0,logEntropy,false,11
reut2-021.sgm-574.txt,0.0,logEntropy,true,11
reut2-021.sgm-574.txt,0.0,normal,false,1
reut2-021.sgm-574.txt,0.0,normal,true,1
reut2-021.sgm-574.txt,0.0,tfidf,false,7
reut2-021.sgm-574.txt,0.0,tfidf,true,7
